0.169897
0.205775
0.099991
0.060430
0.180695
0.211227
0.105590
0.061970
0.170752
0.198407
0.089989
0.041256
0.181085
0.203619
0.095386
0.042736
0.181600
0.203317
0.095639
0.041951
0.191420
0.208337
0.100798
0.043478
0.200977
0.219467
0.113832
0.060622
0.210165
0.224164
0.118640
0.062034
0.226443
0.241801
0.141385
0.089088
0.235020
0.246218
0.145917
0.090480
0.157021
0.207128
0.090335
0.069696
0.168189
0.212609
0.095972
0.070936
0.158146
0.200413
0.080713
0.051574
0.168832
0.205627
0.086125
0.052709
0.169528
0.205877
0.086980
0.053020
0.179678
0.210876
0.092125
0.054171
0.189458
0.222190
0.105533
0.071610
0.198957
0.226865
0.110323
0.072660
0.215802
0.244730
0.133835
0.099969
0.224669
0.249123
0.138349
0.101017
0.170578
0.229417
0.111446
0.105877
0.182353
0.235397
0.118159
0.107997
0.171309
0.223175
0.102192
0.089175
0.182661
0.228921
0.108728
0.091218
0.182219
0.228487
0.108415
0.090832
0.193055
0.234021
0.114684
0.092873
0.201497
0.243970
0.126211
0.108218
0.211682
0.249172
0.132109
0.110136
0.227167
0.265440
0.153476
0.134828
0.236688
0.270333
0.159041
0.136693