0.132616
0.175590
0.142284
0.098508
0.143525
0.177108
0.139185
0.090958
0.141171
0.174665
0.133829
0.076626
0.147287
0.175813
0.133238
0.063213
0.147452
0.175633
0.138232
0.065094
0.153804
0.176623
0.135425
0.063812
0.156081
0.177962
0.142546
0.076506
0.161907
0.178677
0.141845
0.061261
0.165339
0.182436
0.151750
0.100921
0.170794
0.182850
0.148585
0.089736
0.109726
0.174237
0.128115
0.122001
0.118995
0.176097
0.129424
0.110076
0.122723
0.174436
0.124020
0.097372
0.138360
0.175648
0.124225
0.086542
0.136845
0.175698
0.123696
0.094183
0.143233
0.176603
0.122650
0.080568
0.143473
0.177945
0.129599
0.105084
0.150315
0.178712
0.125667
0.096015
0.152514
0.182823
0.139141
0.119331
0.159783
0.183305
0.136995
0.119436
0.100520
0.178955
0.137706
0.148317
0.114256
0.180368
0.135150
0.146120
0.108902
0.178650
0.129470
0.133063
0.118712
0.179714
0.129618
0.120189
0.115108
0.179567
0.133939
0.133643
0.138049
0.180403
0.132236
0.126312
0.138031
0.181268
0.137168
0.133969
0.147105
0.181892
0.137718
0.133399
0.147191
0.185557
0.145720
0.142073
0.154886
0.185968
0.143886
0.138550
