0.4853482
0.44724664
0.5479279
0.58171542
0.4756385
0.4430816
0.54393304
0.58213046
0.48581042
0.4551425
0.56089194
0.60230374
0.47683882
0.45159296
0.5575256
0.60337218
0.48004146
0.45689168
0.5643318
0.6133017
0.4717874
0.45384098
0.56152724
0.61481606
0.4627936
0.44414722
0.54894482
0.60029488
0.45512588
0.4414283
0.5464698
0.60196178
0.44066044
0.4264907
0.52514018
0.57892106
0.43343998
0.42394384
0.52278146
0.58049314
0.50072466
0.44712496
0.55842982
0.57255006
0.49040162
0.44267278
0.55416752
0.57294034
0.50092466
0.4544822
0.57140024
0.5924876
0.4913652
0.45066336
0.56778616
0.59354836
0.49455524
0.45562856
0.57441842
0.60280546
0.4857562
0.45234274
0.57140692
0.60435198
0.47667334
0.4427637
0.55863934
0.58997836
0.46849702
0.4398369
0.5559845
0.5917036
0.45354712
0.4247964
0.5338741
0.56849796
0.44584874
0.4220642
0.53135156
0.5701451
0.49415332
0.42968584
0.5414587
0.54024704
0.4828209
0.42445746
0.53585502
0.53954942
0.49399578
0.43613412
0.55353488
0.55847072
0.48337184
0.43148972
0.54850042
0.55836988
0.48712864
0.43648988
0.5556372
0.56738752
0.47724756
0.43236014
0.55117764
0.56774372
0.4693584
0.42388496
0.54010202
0.55500822
0.46011972
0.4201283
0.53602718
0.5555651
0.44652198
0.40646982
0.51596158
0.53451776
0.43781034
0.40294636
0.51209214
0.53505634
