0.18353492
0.17038248
0.19826664
0.21569188
0.17966324
0.16833674
0.19645896
0.2154066
0.185654
0.17463458
0.2045742
0.22443682
0.18163144
0.17273536
0.20294684
0.22437644
0.18331586
0.17426736
0.20458452
0.22616348
0.17953924
0.17255626
0.20316862
0.22622476
0.17797928
0.170176
0.19985818
0.22192672
0.17443418
0.16863466
0.19861856
0.22205506
0.1694347
0.16261886
0.19056006
0.21232616
0.16610074
0.16120548
0.1894232
0.21250016
0.18969902
0.17094254
0.20195824
0.21280198
0.18585696
0.16881568
0.20006938
0.21240598
0.19207458
0.17496862
0.20827426
0.22144968
0.187797
0.17299662
0.20638264
0.22128388
0.18962402
0.17451924
0.20824398
0.22302598
0.1856007
0.17273914
0.2066127
0.22300488
0.18414288
0.17045388
0.2034697
0.21881556
0.18035856
0.16884492
0.20199772
0.21890196
0.17530204
0.1628872
0.19395604
0.209391
0.17173702
0.1614058
0.19269806
0.20951868
0.18584164
0.16351184
0.1941968
0.1998203
0.18165302
0.16117864
0.1920191
0.19926978
0.18811364
0.16734276
0.20012154
0.20784994
0.18371384
0.16513976
0.19823896
0.20742452
0.1859205
0.16691662
0.20017594
0.20926204
0.18170022
0.1648863
0.1983795
0.20902308
0.1806846
0.1631065
0.19564118
0.20532466
0.17675048
0.16123606
0.19401068
0.20523932
0.17199444
0.15595218
0.18658386
0.19651652
0.16847316
0.15421096
0.1850608
0.19650408
