0.156347
0.198074
0.104647
0.067604
0.166934
0.203323
0.108910
0.068242
0.154735
0.190098
0.092057
0.048469
0.164813
0.194966
0.095962
0.048755
0.161618
0.191451
0.090990
0.043335
0.171157
0.195986
0.094623
0.043436
0.174077
0.200734
0.100611
0.052066
0.183103
0.204881
0.103936
0.051843
0.198588
0.223234
0.126855
0.080741
0.206982
0.226998
0.129859
0.080327
0.145486
0.201298
0.097889
0.079936
0.156369
0.206609
0.102101
0.080355
0.143486
0.193460
0.084947
0.061199
0.153870
0.198388
0.088802
0.061257
0.150397
0.195001
0.083822
0.056294
0.160240
0.199593
0.087407
0.056164
0.162807
0.204134
0.093338
0.064748
0.172153
0.208358
0.096645
0.064328
0.187591
0.226213
0.119568
0.092420
0.196299
0.230056
0.122565
0.091826
0.156843
0.221743
0.119729
0.115608
0.168488
0.227637
0.125058
0.116914
0.154388
0.214255
0.107047
0.098068
0.165612
0.219824
0.112103
0.099078
0.160874
0.215776
0.105746
0.093435
0.171598
0.221034
0.110572
0.094285
0.172441
0.224245
0.114425
0.101125
0.182698
0.229160
0.118995
0.101713
0.196467
0.245186
0.139408
0.126903
0.206067
0.249707
0.143633
0.127292
