0.078423
0.111211
0.090383
0.059469
0.086295
0.112508
0.091083
0.055860
0.087394
0.110397
0.087853
0.048321
0.094894
0.111452
0.088680
0.044347
0.096222
0.111545
0.088248
0.043630
0.101848
0.112388
0.088669
0.040369
0.104107
0.114020
0.090898
0.043607
0.108378
0.114687
0.091091
0.040876
0.111530
0.118604
0.098385
0.058604
0.114871
0.119206
0.098753
0.056217
0.074540
0.113465
0.084611
0.068728
0.084165
0.114783
0.085614
0.064211
0.084205
0.112865
0.081358
0.060016
0.092300
0.113939
0.081914
0.054778
0.092686
0.114027
0.080463
0.057513
0.098955
0.114875
0.080513
0.053168
0.100817
0.116552
0.083360
0.057995
0.105653
0.117223
0.083768
0.054045
0.108645
0.120747
0.092562
0.071888
0.112444
0.121353
0.093135
0.068547
0.076245
0.117768
0.087939
0.086531
0.085745
0.119257
0.090346
0.084076
0.083823
0.117275
0.083349
0.080333
0.092724
0.118573
0.086251
0.077688
0.091580
0.118355
0.082378
0.078793
0.098588
0.119455
0.085323
0.076559
0.099596
0.120736
0.084870
0.080197
0.105321
0.121663
0.087649
0.077870
0.107911
0.124482
0.093515
0.089702
0.112285
0.125312
0.096121
0.087999
