0.1833802
0.17023982
0.20271602
0.2184129
0.17995156
0.1687685
0.20128684
0.21866242
0.1833753
0.1731064
0.2063485
0.22550104
0.1797215
0.17178968
0.20505036
0.22611058
0.17966686
0.17199778
0.20562252
0.22661396
0.17626826
0.1708144
0.20444992
0.22768918
0.17438238
0.16822914
0.20202414
0.2237518
0.1712683
0.16724088
0.2010419
0.2241175
0.16508406
0.15984368
0.19225052
0.21306092
0.16219924
0.1589215
0.19135448
0.21388492
0.18908056
0.17045888
0.20648574
0.21557286
0.18539862
0.16888064
0.20467636
0.21601208
0.18891672
0.17310654
0.20997902
0.2225109
0.18502882
0.17169228
0.20855418
0.2228998
0.18496076
0.1717881
0.20908306
0.22358478
0.18134224
0.17051796
0.20778826
0.22410732
0.17948988
0.16793134
0.20540902
0.22033472
0.17616232
0.16685476
0.20419024
0.22095816
0.1698827
0.15948478
0.1954132
0.20991696
0.16680064
0.1584825
0.19423448
0.21062612
0.18611314
0.16386636
0.19991114
0.2034086
0.18245292
0.16199244
0.19807152
0.20347368
0.18611644
0.16624228
0.20326292
0.20975612
0.18207848
0.16451762
0.20147062
0.20994172
0.1823073
0.16481626
0.20233144
0.2106259
0.17836264
0.16323488
0.20062032
0.21087126
0.1768398
0.16106996
0.1985733
0.20754978
0.17326452
0.15967762
0.19725156
0.20793828
0.1673258
0.152946
0.18899208
0.19770404
0.16404046
0.15164518
0.18764278
0.19806068
