0.48806512
0.44538408
0.5515415
0.57770594
0.47986314
0.44347664
0.55024362
0.58202558
0.4917872
0.4555799
0.56841268
0.60085464
0.48433708
0.45436698
0.5678317
0.60599852
0.48615426
0.45579658
0.5702384
0.60768466
0.47920556
0.45492472
0.56991734
0.61303862
0.46913824
0.44378858
0.55537876
0.59570492
0.46273834
0.4432868
0.5553111
0.60127176
0.44228852
0.4217005
0.52687886
0.56880138
0.43655476
0.42153078
0.52713302
0.57444392
0.50447242
0.44585894
0.5633793
0.5693471
0.49553854
0.44343576
0.56163768
0.5732711
0.50807042
0.45546204
0.58038646
0.59173984
0.49989452
0.45372666
0.5793577
0.59646824
0.50190078
0.45508288
0.58178098
0.5978864
0.49423752
0.45369538
0.58100906
0.60282332
0.4840506
0.44271162
0.5662677
0.58577014
0.47695204
0.44169954
0.5657413
0.59090818
0.45597324
0.42030616
0.536763
0.55896258
0.44958804
0.41965422
0.53658516
0.5641917
0.49562906
0.4274836
0.54455756
0.53663464
0.4856393
0.42413506
0.54127992
0.53914884
0.49916984
0.4363563
0.56084412
0.55746078
0.48985034
0.43362182
0.55816554
0.56067626
0.49326348
0.43583752
0.56229402
0.56317632
0.484425
0.43342956
0.55984236
0.56657902
0.47582606
0.42387306
0.5474253
0.55173008
0.46756064
0.42184326
0.54523638
0.55534026
0.447859
0.40205646
0.51847692
0.52612484
0.44036566
0.40042902
0.51671596
0.5298856
