0.48854328
0.45052478
0.54720444
0.58546612
0.47759604
0.44501388
0.54167804
0.58397994
0.48821368
0.45702302
0.55712596
0.6025325
0.47774712
0.4517383
0.55188652
0.60111332
0.48002828
0.45602422
0.55752564
0.60925872
0.47015118
0.45098348
0.55256458
0.60782492
0.46396824
0.4460492
0.54570258
0.6016149
0.45467854
0.44121484
0.54097504
0.60006958
0.44005618
0.42468396
0.5210454
0.57533974
0.43138992
0.42010096
0.51662166
0.57377322
0.50022146
0.44842986
0.55549348
0.57525046
0.48891976
0.44287926
0.54991778
0.5740231
0.4999478
0.45450348
0.56536566
0.59152568
0.48914048
0.44920314
0.5601076
0.59040954
0.49124118
0.45285618
0.5652474
0.5973846
0.48105536
0.44783116
0.5603023
0.5962946
0.47451338
0.44249636
0.55283998
0.58942248
0.46495512
0.43771602
0.54816938
0.58827054
0.45007102
0.42120398
0.52789776
0.56363708
0.44116776
0.41669308
0.52355442
0.56247642
0.49049936
0.428825
0.53678536
0.54117108
0.47843102
0.4226886
0.53005886
0.53904816
0.49041224
0.43440566
0.54606162
0.5560929
0.47878056
0.42849024
0.53960256
0.55405924
0.48159458
0.43235472
0.5454728
0.56111064
0.4705734
0.42671684
0.53932328
0.5591161
0.46487348
0.42202848
0.53302256
0.55317366
0.45449948
0.4166606
0.52718402
0.55116214
0.4408048
0.40157386
0.50877304
0.52882238
0.43111872
0.39650706
0.5033133
0.52685248
