0.200000
0.119300
0.102091
0.089313
0.098056
0.077516
0.077465
0.054355
0.053539
0.067483
0.066077
0.050621
0.045527
0.038401
0.051570
0.050630
0.051373
0.041037
0.036991
0.032309
0.048271
0.031479
0.034362
0.029561
0.028994
0.026821
0.026788
0.027913
0.028753
0.029011
0.023903
0.024925
0.030417
0.031401
0.023506
0.023352
0.022064
0.021003
0.020672
0.024182
0.020110
0.020242
0.017803
0.020256
0.025107
0.024493
0.021583
0.025486
0.019610
0.021871
0.019911
0.018613
0.014713
0.019024
0.018182
0.019567
0.018998
0.021340
0.016000
0.018996
0.015519
0.017292
0.019115
0.018568
0.015714
0.020685
0.016868
0.014880
0.014552
0.013975
0.015007
0.014089
0.016216
0.016695
0.017687
0.013426
0.014306
0.012922
0.013359
0.015988
0.014285
0.015588
0.014970
0.014912
0.017871
0.016488
0.013896
0.013500
0.012917
0.015181
0.015201
0.015259
0.014449
0.013581
0.012868
0.012454
0.012112
0.012176
0.012668
0.014680
0.012572
0.015118
0.015588
0.012601
0.012534
0.011859
0.012428
0.015364
0.012045
0.012553
0.012321
0.012553
0.012424
0.014301
0.012792
0.012088
0.013205
0.012298
0.012114
0.012800
0.012579
0.012511
0.012356
0.012965
0.014851
0.012524
0.013320
0.012012
0.014079
0.013135
0.013317
0.014003
0.013121
0.012876
0.012585
0.013365
0.013136
0.012862
0.012200
0.013148
0.012371
0.013379
0.013658
0.012411
0.012411
0.011997
0.013076
0.012712
0.014618
0.011997
0.012632
0.011863
0.014135
0.012263
0.015927
0.012289
0.014268
0.011603
0.011395
0.012164
0.012120
0.012120
0.012120
0.012414
0.012120
0.012254
0.014820
0.014645
0.013070
0.012853
0.013421
0.012050
0.011887
0.012018
0.012850
0.012032
0.011577
0.011800
0.011851
0.011851
0.011889
0.011452
0.011305
0.011305
0.011305
0.011305
0.011890
0.011890
0.011305
0.011579
0.011263
0.011263
0.011263
0.011263
0.011595
0.011263
0.011263
0.011263
0.011421
0.011263
0.011263
0.011263
0.011263
0.011263
0.011263
0.011263
0.011733
0.011733
0.011525
0.011525
0.012439
0.013407
0.012161
0.011569
0.012287
0.012657
0.012765
0.011995
0.011995
0.012481
0.011733
0.012355
0.015656
0.011508
0.011176
0.011056
0.011101
0.011222
0.012615
0.011467
0.011600
0.011222
0.012750
0.012750
0.011458
0.011220
0.011222
0.011101
0.011101
0.011034
0.011745
0.011176
0.011172
0.011609
0.011276
0.011276
0.011276
0.011276
0.011276
0.011276
0.012024
0.011276
0.011376
0.011376
0.011376
0.011376
0.011276
0.011584
0.011276
0.012073
0.011794
0.011276
0.011276
0.011397
0.011276
0.011276
0.011308
0.011308
0.011176
0.011355
0.012060
0.012444
0.011034
0.011034
0.011034
0.011544
0.011544
0.011034
0.011195
0.011034
0.011195
0.011912
0.013049
0.011034
0.011034
0.011034
0.011019
0.011176
0.011226
0.011416
0.011585
0.012164
0.011602
0.012931
0.011294
0.011294
0.011345
0.011881
0.011672
0.011566
0.011552
0.011602
0.011653
0.012169
0.011513
0.011513
0.011205
0.011205
0.011154
0.011054
0.011137
0.010979
0.011137
0.011137
0.011137
0.011137
0.010979
0.010979
0.011684
0.011684
0.014898
0.012032
0.011167
0.011570
0.011382
0.011174
0.011032
0.011503
0.011503
0.011353
0.011353
0.011353
0.011233
0.011265
0.011315
0.011315
0.011315
0.011315
0.012227
0.011705
0.011162
0.011054
0.011211
0.011211
0.011054
0.011054
0.011054
0.011054
0.011054
0.011054
0.011054
0.011054
0.011068
0.010912
0.010912
0.011173
0.010912
0.011029
0.011054
0.011054
0.011054
0.011054
0.011054
0.011054
0.011103
0.011103
0.011191
0.011029
0.011029
0.011029
0.011029
0.011029
0.011029
0.011029
0.011029
0.011029
0.011029
0.010887
0.011029
0.011029
0.011029
0.011029
0.011029
0.011129
0.011029
0.011042
0.011042
0.011042
0.011042
0.011042
0.011029
0.011030
0.012383
0.011029
0.011029
0.011029
0.011029
0.011029
0.011029
0.010979
0.010979
0.010979
0.010979
0.010979
0.010979
0.010979
0.011030
0.011030
0.011313
0.011192
0.011030
0.011030
0.011030
0.011030
0.011030
0.011030
0.011030
0.011030
0.011030
0.011030
0.011030
0.011030
0.011540
0.011030
0.011030
0.011722
0.011030
0.011030
0.011030
0.011030
0.010837
0.011098
0.010764
0.011158
0.011158
0.011158
0.011158
0.011158
0.011158
0.011158
0.011158
0.011158
0.011158
0.011158
0.011158
0.011934
0.011158
0.012661
0.011158
0.011158
0.011158
0.011158
0.011158
0.011298
0.011298
0.011208
0.011228
0.011228
0.011208
0.011208
0.011228
0.011228
0.011228
0.011228
0.011228
0.011228
0.011158
0.011158
0.011158
0.011158
0.011158
0.011158
0.011158
0.010979
0.011158
0.010993
0.011042
0.010993
0.010993
0.011930
0.011063
0.010993
0.010993
0.010993
0.010993
0.010993
0.010993
0.010993
0.010993
0.011132
0.011093
0.011042
0.011042
0.011093
0.011042
0.011114
0.011044
0.010993
0.010993
0.010993
0.010993
0.010736
0.010736
0.010993
0.010993
0.010993
0.010993
0.010993
0.010993
0.010993
0.010993
0.010993
0.010993
0.010993
0.010993
0.010993
0.010993
0.010993
0.010993
0.010993
0.010993
0.010993
0.010993
0.010993
0.010993
0.010993
0.010993
0.010993
0.010993
0.010993
0.010993
0.010993
0.010993
0.010993
0.010993
0.010993
0.010993
0.010993
0.010993
0.010993
0.010993
0.010993
0.010993
0.011301
0.010993
0.011325
0.010993
0.010993
0.010993
0.010993
0.010993
0.010993
0.010993
0.010993
0.010993
0.010993
0.010993
0.010993
0.010993
0.010993
0.010993
0.010993
0.010993
0.010993
0.010993
0.010993
0.010993
0.010993
0.010993
0.010993
0.010993
0.010993
0.010993
0.010993
0.010993
0.010993
0.010993
0.010993
0.010993
0.010993
0.010993
0.010993
0.010993
0.010993
0.010993
0.010993
0.010993
0.010993
0.010993
0.010993
0.010993
0.010993
0.010993
0.010993
0.010993
0.010993
0.010993
0.010993
0.010993
0.010993
0.010993
0.010993
0.010993
0.010993
0.010993
0.010993
0.010993
0.010993
0.010993
0.010993
0.010993
0.010993
0.010993
0.010993
0.010993
0.010993
0.010993
0.010993
0.010993
0.010993
0.010993
0.010993
0.010993
0.010993
0.010993
0.010993
0.010993
0.010993
0.010993
0.011132
0.010993
0.011042
0.011063
0.011063
0.010993
0.010993
0.011042
0.011042
0.011042
0.011042
0.010993
0.010993
0.010993
0.010993
0.010993
0.010993
0.010993
0.010993
0.010993
0.010993
0.010993
0.010993
0.010993
0.010993
0.010993
0.010993
0.010993
0.010993
0.010993
0.010993
0.010993
0.010993
0.010993
0.010993
0.010993
0.010993
0.010993
0.010993
0.010993
0.010993
0.010993
0.010993
0.010993
0.010993
0.011063
0.010993
0.010993
0.010993
0.010993
0.010736
0.010993
0.010736
0.011042
0.010993
0.010993
0.010993
0.010993
0.011193
0.011193
0.011193
0.011193
0.011193
0.011193
0.011193
0.011193
0.011179
0.011179
0.011179
0.011179
0.011179
0.011179
0.011179
0.011158
0.011158
0.011079
0.010979
0.010993
0.010993
0.010993
0.010993
0.010993
0.010993
0.010993
0.010993
0.010993
0.010764
0.011158
0.010993
0.011158
0.011729
0.010993
0.011137
0.010837
0.010979
0.010979
0.010979
0.010979
0.011079
0.010993
0.010979
0.010979
0.010979
0.010979
0.010979
0.011486
0.011486
0.010979
0.011158
0.011158
0.010993
0.010993
0.010993
0.010993
0.011068
0.011505
0.011068
0.011068
0.011068
0.011068
0.010912
0.010912
0.011173
0.011173
0.011173
0.010912
0.011068
0.011068
0.011068
0.010993
0.010993
0.010993
0.010993
0.010993
0.010993
0.010993
0.010993
0.010993
0.010993
0.010993
0.010993
0.010993
0.010993
0.010993
0.010993
0.010993
0.010993
0.010993
0.010993
0.011063
0.010993
0.010993
0.010993
0.010993
0.010993
0.010993
0.010993
0.010993
0.010993
0.010993
0.011042
0.011042
0.010993
0.010993
0.010993
0.010993
0.010993
0.011421
0.011421
0.011421
0.011421
0.011407
0.010979
0.010979
0.010979
0.010979
0.010979
0.010979
0.010979
0.010979
0.010979
0.010979
0.011049
0.010979
0.010979
0.010979
0.010979
0.010979
0.010979
0.010993
0.010993
0.010993
0.010993
0.010993
0.010993
0.010993
0.010993
0.010993
0.010993
0.010993
0.010993
0.010993
0.010993
0.011044
0.011660
0.011044
0.011044
0.011044
0.010993
0.010993
0.010993
0.010993
0.011044
0.010993
0.010993
0.010993
0.010993
0.010993
0.010993
0.010993
0.010993
0.011044
0.011044
0.011044
0.011044
0.011044
0.011044
0.011044
0.011044
0.011068
0.011068
0.011068
0.011068
0.011068
0.011068
0.011068
0.011068
0.011068
0.011068
0.011068
0.011068
0.011068
0.011068
0.011068
0.011068
0.011068
0.011068
0.011068
0.011068
0.011068
0.011068
0.011183
0.011183
0.011183
0.011183
0.011183
0.011183
0.011183
0.011044
0.011044
0.011044
0.011044
0.011044
0.011044
0.011044
0.011044
0.011044
0.011044
0.011044
0.011030
0.011030
0.011030
0.011030
0.011030
0.011030
0.011030
0.011030
0.011030
0.011030
0.011030
0.011169
0.011169
0.011030
0.011030
0.011030
0.011030
0.011030
0.011030
0.011030
0.011030
0.011030
0.011030
0.011030
0.011030
0.011030
0.010773
0.010773
0.010773
0.010773
0.010773
0.010773
0.010773
0.010773
0.010773
0.010773
0.010773
0.010773
0.010773
0.010773
0.010773
0.010773
0.010773
0.010773
0.010773
0.010773
0.010773
0.010773
0.010773
0.010773
0.010773
0.010773
0.010773
0.010773
0.010773
0.010773
0.010773
0.010773
0.010773
0.010773
0.010773
0.010773
0.010773
0.010773
0.010773
0.010773
0.010773
0.010773
0.010773
0.010773
0.010773
0.010773
0.010773
0.010773
0.010773
0.010773
0.010773
0.010773
0.010773
0.010773
0.010773
0.010787
0.010773
0.010773
0.010773
0.010559
0.010559
0.010559
0.010559
0.010559
0.010559
0.010559
0.010559
0.010559
0.010559
0.010559
0.010559
0.010559
0.010559
0.010559
0.010559
0.010559
0.010559
