0.097751
0.083843
0.084743
0.082949
0.077784
0.081257
0.066437
0.073601
0.089688
0.063481
0.063086
0.062455
0.059557
0.054102
0.056066
0.055787
0.050730
0.061240
0.051411
0.049342
0.047674
0.038982
0.036896
0.036355
0.037209
0.040826
0.044463
0.028115
0.039798
0.029937
0.029760
0.023504
0.028415
0.023664
0.025369
0.022750
0.019481
0.018922
0.029860
0.023892
0.018201
0.016200
0.019210
0.016198
0.021434
0.018508
0.014680
0.016822
0.017774
0.017145
0.014108
0.013115
0.018447
0.012879
0.019761
0.014770
0.015121
0.017566
0.013852
0.017410
0.020276
0.010083
0.014267
0.008173
0.013162
0.013008
0.007863
0.014013
0.014040
0.015005
0.012323
0.010964
0.008572
0.011537
0.010708
0.009519
0.014911
0.013583
0.011177
0.009891
0.012622
0.014569
0.010940
0.010132
0.011079
0.009012
0.008816
0.007969
0.011374
0.011604
0.008757
0.010248
0.008784
0.010346
0.008154
0.008056
0.012270
0.009279
0.010488
0.009553
0.008900
0.009116
0.008910
0.007965
0.008925
0.009597
0.008008
0.008789
0.008748
0.007775
0.010060
0.009191
0.007558
0.006792
0.007115
0.008317
0.009208
0.006618
0.006559
0.010145
0.011465
0.008567
0.009965
0.007234
0.006659
0.008531
0.006315
0.007865
0.007854
0.007122
0.007222
0.007465
0.006558
0.008242
0.007702
0.006428
0.006010
0.008734
0.006942
0.006823
0.007479
0.008210
0.009072
0.007032
0.006548
0.006548
0.006548
0.007105
0.007910
0.007781
0.007650
0.008331
0.010430
0.006788
0.006360
0.006927
0.006362
0.006742
0.007295
0.007194
0.007910
0.007298
0.007380
0.010522
0.011261
0.007052
0.007473
0.006999
0.008201
0.007981
0.007597
0.006885
0.007641
0.009499
0.010497
0.010830
0.007227
0.007290
0.007468
0.007285
0.008222
0.007993
0.007188
0.007157
0.009536
0.006299
0.006299
0.006299
0.006411
0.006698
0.009680
0.006334
0.010927
0.010646
0.009241
0.008448
0.010720
0.008383
0.008177
0.005662
0.005791
0.005902
0.005902
0.006356
0.006014
0.009991
0.007070
0.005675
0.005675
0.005675
0.006990
0.006532
0.005675
0.005675
0.006207
0.007825
0.005906
0.008319
0.007505
0.006632
0.005786
0.005794
0.005794
0.008265
0.005682
0.005682
0.005794
0.005682
0.005682
0.005563
0.005563
0.006618
0.008851
0.005563
0.005753
0.006053
0.005709
0.005709
0.005574
0.005711
0.005711
0.006083
0.006317
0.006717
0.006401
0.006946
0.006922
0.008632
0.006867
0.007336
0.005876
0.006090
0.008474
0.006283
0.006549
0.006543
0.005726
0.007126
0.005726
0.005726
0.005909
0.005614
0.005614
0.005614
0.005858
0.005858
0.005858
0.005855
0.005614
0.005614
0.005614
0.005614
0.005614
0.005603
0.005603
0.005627
0.005627
0.005576
0.005627
0.006600
0.006214
0.005715
0.005664
0.005715
0.005715
0.005715
0.005715
0.005715
0.006294
0.005671
0.006428
0.006378
0.005645
0.005722
0.005645
0.005645
0.005722
0.005671
0.006900
0.007852
0.008445
0.005671
0.005664
0.005715
0.005715
0.005715
0.005715
0.005715
0.005715
0.007057
0.005715
0.005715
0.005603
0.005603
0.005603
0.005603
0.005764
0.005815
0.005603
0.005603
0.007912
0.005603
0.005603
0.005603
0.005603
0.005552
0.005810
0.006987
0.005810
0.006399
0.006399
0.006399
0.005251
0.005251
0.005251
0.005043
0.005724
0.006703
0.005043
0.005251
0.005043
0.005043
0.006504
0.005752
0.005043
0.006032
0.005166
0.005166
0.005156
0.005156
0.005043
0.005043
0.005043
0.005043
0.005054
0.005054
0.005601
0.005043
0.006816
0.005043
0.005043
0.005043
0.005054
0.006121
0.006734
0.005043
0.005043
0.005043
0.005043
0.005043
0.005043
0.005043
0.005043
0.005043
0.005043
0.005043
0.005043
0.005043
0.005043
0.005043
0.005043
0.005043
0.005043
0.005043
0.005043
0.005043
0.005043
0.005043
0.005043
0.005043
0.005043
0.005043
0.005043
0.005043
0.005043
0.005043
0.005043
0.005043
0.005043
0.005043
0.005043
0.005043
0.005043
0.005043
0.005043
0.005043
0.005043
0.004993
0.004993
0.004993
0.004993
0.004993
0.004993
0.004993
0.004993
0.004993
0.004993
0.004993
0.004993
0.004993
0.004993
0.004993
0.004993
0.004993
0.004993
0.004993
0.004993
0.004993
0.004993
0.004993
0.004993
0.004993
0.004993
0.005357
0.004784
0.004993
0.004993
0.004993
0.004993
0.004993
0.004993
0.004993
0.004993
0.004993
0.004993
0.004993
0.004993
0.004993
0.004993
0.004993
0.004993
0.004993
0.004993
0.004993
0.004993
0.004993
0.005781
0.004993
0.004993
0.004993
0.004993
0.004993
0.004993
0.004993
0.004993
0.004993
0.004993
0.004993
0.004993
0.004993
0.004993
0.005741
0.004993
0.004993
0.005003
0.004993
0.004993
0.004993
0.004993
0.004993
0.004993
0.004993
0.004993
0.004993
0.004993
0.005003
0.005003
0.005003
0.005003
0.005054
0.005054
0.005054
0.005054
0.005054
0.005054
0.005054
0.004993
0.005054
0.005054
0.005043
0.004993
0.004993
0.005043
0.006206
0.005043
0.004993
0.005151
0.005003
0.004993
0.004993
0.004993
0.004993
0.004993
0.004993
0.004993
0.004993
0.004993
0.004993
0.004993
0.004993
0.004993
0.004993
0.004993
0.005884
0.004993
0.005043
0.005043
0.005043
0.005043
0.005043
0.005043
0.005043
0.005043
0.005043
0.005043
0.005043
0.005043
0.005054
0.005043
0.005054
0.005054
0.005054
0.005054
0.005054
0.005054
0.005054
0.005054
0.005054
0.005054
0.005054
0.005054
0.005054
0.005054
0.005054
0.005054
0.005054
0.005054
0.005054
0.005054
0.005054
0.005054
0.005054
0.005054
0.005054
0.005054
0.005054
0.005261
0.005261
0.005261
0.005261
0.005261
0.005054
0.005054
0.005054
0.005054
0.005054
0.005054
0.005054
0.005054
0.005054
0.005054
0.005054
0.005054
0.005054
0.005054
0.005054
0.005054
0.005054
0.005503
0.005166
0.005166
0.005166
0.005054
0.005261
0.006716
0.005043
0.005043
0.005043
0.005043
0.005043
0.005043
0.004835
0.005292
0.005500
0.005043
0.005156
0.005156
0.005043
0.005043
0.005043
0.005043
0.005593
0.005251
0.005043
0.005156
0.005544
0.005043
0.005043
0.005043
0.005156
0.005043
0.005043
0.005043
0.005156
0.005057
0.005057
0.005169
0.005169
0.005057
0.005057
0.005057
0.005057
0.005057
0.005057
0.005169
0.005057
0.005169
0.005169
0.005057
0.005057
0.005057
0.006908
0.005057
0.005057
0.005057
0.005057
0.005906
0.005057
0.005057
0.005057
0.005057
0.005057
0.005169
0.005057
0.005169
0.005057
0.005169
0.004961
0.004961
0.006351
0.005346
0.004848
0.004848
0.004848
0.004848
0.004848
0.004848
0.004848
0.004848
0.004848
0.004848
0.004848
0.004848
0.004961
0.004848
0.004848
0.004848
0.004797
0.004848
0.004848
0.004797
0.004848
0.004910
0.004910
0.004797
0.004797
0.004797
0.004797
0.004797
0.004797
0.004797
0.004797
0.004797
0.004797
0.004797
0.004797
0.004797
0.004797
0.004797
0.004797
0.004848
0.004797
0.004797
0.004909
0.004848
0.004797
0.004910
0.004910
0.004910
0.004920
0.004910
0.004920
0.004920
0.004808
0.004808
0.004808
0.004808
0.004797
0.004808
0.004797
0.004808
0.004797
0.004808
0.004797
0.004797
0.004797
0.004797
0.004797
0.004797
0.004797
0.004797
0.004797
0.004797
0.004797
0.004797
0.004797
0.004797
0.004797
0.004797
0.004797
0.004797
0.004797
0.004797
0.004797
0.004797
0.004797
0.004797
0.004797
0.004797
0.004797
0.004797
0.004797
0.004797
0.004797
0.004797
0.004909
0.004797
0.004797
0.004797
0.004797
0.004797
0.004797
0.004797
0.004797
0.004797
0.004797
0.004797
0.004797
0.004797
0.004797
0.004797
0.004797
0.004797
0.004808
0.006822
0.004808
0.004808
0.004808
0.004808
0.004797
0.004848
0.004848
0.004848
0.004848
0.004797
0.004848
0.004848
0.004848
0.004848
0.004848
0.004797
0.004797
0.004797
0.004797
0.004848
0.004848
0.004848
0.004848
0.004848
0.004848
0.004848
0.004848
0.004848
0.004848
0.004797
0.004848
0.004797
0.004797
0.004797
0.004797
0.004797
0.004797
0.004797
0.004797
0.004797
0.004797
0.004797
0.004797
0.004797
0.004797
0.004797
0.004797
0.004797
0.004797
0.004797
0.004797
0.004797
0.004797
0.004797
0.004797
0.004797
0.004797
0.004797
0.004797
0.004797
0.004797
0.004797
0.004797
0.004797
0.004797
0.004797
0.004797
0.004797
0.004797
0.004797
0.004797
0.004797
0.004797
0.004797
0.004797
0.004797
0.004797
0.004797
0.004797
0.004797
0.004797
0.004797
0.004797
0.004797
0.004797
0.004797
0.004797
0.004797
0.004797
0.004797
0.004797
0.004797
0.004797
0.004797
0.004797
0.004797
0.004797
0.004797
0.004797
0.004797
0.004797
0.004797
0.004797
0.004797
0.004797
0.004797
0.004797
0.004797
0.004797
0.004797
0.004797
0.004797
0.004797
0.004797
0.004797
0.004797
0.004797
0.004797
0.004797
0.004797
0.004797
0.004797
0.004797
0.004797
0.004797
0.004797
0.004797
0.004797
0.004797
0.004797
0.004797
0.004797
0.004797
0.004797
0.004797
0.004797
0.004797
0.004797
0.004797
0.004797
0.004797
0.004797
0.004797
0.004797
0.004797
0.004797
0.004797
0.004797
0.004797
0.004797
0.004797
0.004797
0.004797
0.004797
0.004797
0.004797
0.004797
0.004797
0.004797
0.004797
0.004797
0.004797
0.004797
0.004797
0.004797
0.004797
0.004797
0.004797
0.004797
0.004797
0.004797
0.004797
0.004797
0.004797
0.004797
0.004797
0.004797
0.004797
0.004797
0.004797
0.004797
0.004797
0.004797
0.004797
0.004797
0.004797
0.004797
0.004797
0.004797
0.004797
0.004797
0.004797
0.004797
0.004797
0.004797
0.004797
0.004797
0.004797
0.004797
0.004797
0.004797
0.004797
0.004797
0.004797
0.004797
0.004797
0.004797
0.004797
0.004797
0.005591
0.004797
0.004797
0.004797
0.004797
0.004797
0.004797
0.004797
0.004797
0.004797
0.004797
0.004797
0.004797
0.004797
0.004797
0.004797
0.004797
