0.200000
0.138630
0.131794
0.128996
0.122753
0.112611
0.111518
0.104111
0.075604
0.098448
0.092060
0.121429
0.115676
0.099500
0.111643
0.103415
0.093471
0.095684
0.094803
0.104124
0.117194
0.121548
0.109497
0.105014
0.079217
0.123860
0.094527
0.093886
0.106565
0.085663
0.079044
0.072497
0.072543
0.071823
0.062293
0.096233
0.083459
0.075789
0.062275
0.075864
0.064009
0.062129
0.067252
0.044988
0.067932
0.065464
0.065382
0.067927
0.068321
0.065067
0.059963
0.051276
0.064164
0.068319
0.051122
0.055643
0.057783
0.053316
0.050652
0.054688
0.038861
0.043105
0.058649
0.055772
0.046695
0.048526
0.058718
0.046837
0.052966
0.046448
0.034690
0.047256
0.053252
0.036843
0.044095
0.046333
0.048750
0.052635
0.037440
0.032761
0.034915
0.046018
0.047234
0.033545
0.037938
0.036292
0.037666
0.036870
0.046822
0.037537
0.038440
0.029439
0.038103
0.030763
0.031535
0.032462
0.033481
0.039640
0.034527
0.032797
0.034967
0.039697
0.027220
0.026829
0.027829
0.039467
0.035239
0.029147
0.031314
0.033201
0.022782
0.027966
0.028585
0.032800
0.034871
0.028120
0.031913
0.033749
0.024646
0.019078
0.025221
0.018785
0.020460
0.026401
0.019013
0.030664
0.026447
0.025537
0.028066
0.039624
0.019104
0.017319
0.024679
0.029693
0.032255
0.034113
0.028835
0.029904
0.017826
0.026159
0.016231
0.021362
0.036005
0.037783
0.022038
0.020022
0.018644
0.022048
0.020888
0.026953
0.023283
0.017169
0.027502
0.027954
0.027117
0.025004
0.020225
0.019369
0.020264
0.023565
0.020600
0.023583
0.024213
0.021759
0.026427
0.026115
0.019906
0.018727
0.019529
0.029137
0.016470
0.020907
0.022040
0.020422
0.015278
0.013719
0.024140
0.024248
0.015040
0.015403
0.019744
0.017102
0.018003
0.018859
0.020798
0.023848
0.021420
0.021199
0.013145
0.016238
0.019240
0.011888
0.022495
0.020230
0.020706
0.019970
0.018244
0.020021
0.017841
0.020716
0.016161
0.012099
0.020596
0.017127
0.012347
0.007635
0.008093
0.008387
0.016115
0.023785
0.007642
0.013493
0.016144
0.012239
0.011625
0.012164
0.014172
0.010608
0.012113
0.010487
0.009533
0.008676
0.010178
0.007979
0.008433
0.009688
0.012670
0.011467
0.009089
0.011761
0.013213
0.007595
0.007369
0.013205
0.011788
0.012430
0.010858
0.011256
0.009510
0.010515
0.009690
0.014700
0.016362
0.014972
0.018353
0.011915
0.013228
0.013889
0.014363
0.010262
0.007972
0.010221
0.009209
0.011234
0.013635
0.013226
0.011675
0.013328
0.009980
0.011802
0.007930
0.007435
0.008808
0.007165
0.007802
0.007954
0.007900
0.006337
0.005764
0.004793
0.008785
0.005195
0.005632
0.008285
0.009525
0.009477
0.004917
0.007132
0.008205
0.008087
0.008600
0.009368
0.007225
0.011505
0.009776
0.010870
0.006348
0.005476
0.007497
0.004828
0.010074
0.007928
0.005195
0.009830
0.010846
0.005224
0.006984
0.005373
0.007250
0.005288
0.005321
0.004614
0.008023
0.008362
0.007842
0.011241
0.010660
0.014798
0.007382
0.006706
0.010136
0.006998
0.005910
0.005887
0.005271
0.005669
0.009703
0.006936
0.005993
0.008259
0.006590
0.005793
0.007143
0.006123
0.006945
0.005247
0.006708
0.005326
0.006608
0.007718
0.005607
0.006046
0.005248
0.006128
0.004974
0.009408
0.005322
0.005906
0.005147
0.007105
0.005535
0.007075
0.005299
0.006152
0.007538
0.008756
0.006512
0.008070
0.008275
0.005193
0.004980
0.006226
0.007559
0.008843
0.009612
0.003738
0.007372
0.004135
0.004783
0.004594
0.005013
0.005343
0.004642
0.006679
0.009299
0.004888
0.004800
0.004508
0.010082
0.005683
0.010584
0.013726
0.006037
0.005116
0.006515
0.007642
0.005824
0.007979
0.009256
0.008081
0.010136
0.006151
0.008223
0.006120
0.005184
0.005071
0.009320
0.006095
0.007541
0.006663
0.006519
0.007859
0.005724
0.004708
0.009973
0.005783
0.007425
0.009623
0.005574
0.006075
0.004763
0.005062
0.005367
0.006418
0.007420
0.005746
0.005149
0.005738
0.006824
0.005292
0.005264
0.005437
0.006482
0.007697
0.010448
0.006580
0.008642
0.009762
0.007212
0.005474
0.006466
0.005745
0.007391
0.006474
0.004677
0.004505
0.004753
0.006769
0.008532
0.007652
0.003944
0.003900
0.003879
0.009427
0.005518
0.007556
0.006517
0.006174
0.007661
0.005824
0.005582
0.007222
0.008953
0.004229
0.003812
0.003636
0.003964
0.003980
0.005958
0.004164
0.005220
0.004168
0.006413
0.004964
0.003222
0.003053
0.002761
0.003587
0.003392
0.003818
0.004172
0.004379
0.004235
0.003692
0.004214
0.004184
0.004325
0.003961
0.004214
0.004095
0.004549
0.004657
0.003904
0.004430
0.002874
0.003591
0.006414
0.003761
0.004858
0.006647
0.004559
0.003925
0.004131
0.004179
0.003889
0.004798
0.003841
0.003653
0.004977
0.004207
0.005395
0.004505
0.004739
0.003980
0.003645
0.003503
0.003085
0.003332
0.002989
0.005038
0.002429
0.003332
0.003215
0.002918
0.002804
0.003429
0.002922
0.003140
0.003057
0.002594
0.003441
0.002884
0.002931
0.003822
0.003417
0.003972
0.004400
0.003830
0.004861
0.004133
0.005740
0.003843
0.003902
0.003047
0.002999
0.005913
0.003896
0.003689
0.004612
0.004140
0.006644
0.004048
0.004127
0.003041
0.003074
0.003949
0.004926
0.003215
0.005050
0.003191
0.003220
0.002745
0.002745
0.002904
0.003642
0.002984
0.002317
0.002317
0.002410
0.001932
0.002281
0.002410
0.002656
0.002129
0.003212
0.002394
0.002254
0.003094
0.008683
0.008610
0.002254
0.004533
0.004108
0.002776
0.002668
0.003130
0.002765
0.002996
0.003607
0.002911
0.003399
0.003605
0.003362
0.003732
0.003682
0.003831
0.003672
0.003175
0.003969
0.003207
0.002920
0.003843
0.002634
0.002804
0.003160
0.002865
0.002705
0.002705
0.002705
0.002729
0.002437
0.003980
0.004167
0.003550
0.003550
0.003733
0.003803
0.003949
0.003931
0.004266
0.002307
0.002307
0.002307
0.002362
0.002398
0.002398
0.002689
0.002708
0.003673
0.002776
0.003894
0.003917
0.003543
0.005045
0.002764
0.005304
0.003631
0.002856
0.002856
0.002856
0.002637
0.002637
0.002473
0.002847
0.002381
0.002381
0.002737
0.002961
0.002522
0.002798
0.001930
0.002369
0.002143
0.002235
0.002235
0.002333
0.002235
0.002143
0.003511
0.002143
0.002104
0.003057
0.002171
0.002295
0.002586
0.002516
0.002279
0.002279
0.002330
0.002330
0.002330
0.002634
0.004399
0.002755
0.002394
0.002432
0.003187
0.003285
0.002705
0.003984
0.002802
0.002827
0.002952
0.003343
0.002614
0.002454
0.004140
0.003244
0.003232
0.002454
0.004132
0.003699
0.003780
0.003224
0.003396
0.003988
0.005582
0.002852
0.002492
0.002492
0.004154
0.002534
0.002426
0.002392
0.002590
0.003634
0.007367
0.002536
0.002264
0.002184
0.002106
0.002106
0.002106
0.002106
0.002106
0.002106
0.007674
0.002106
0.002106
0.002106
0.002106
0.002106
0.002106
0.001991
0.001991
0.001991
0.005362
0.001933
0.003432
0.002229
0.002145
0.002148
0.002148
0.002600
0.002645
0.002645
0.002144
0.001982
0.002110
0.001982
0.002715
0.002265
0.002076
0.002393
0.002021
0.002136
0.002362
0.005477
0.002201
0.002156
0.001928
0.001928
0.001928
0.002378
0.003278
0.001713
0.002685
0.002735
0.001947
0.002064
0.002165
0.002200
0.001649
0.002027
0.002027
0.002027
0.002027
0.002027
0.002174
0.001784
0.002165
0.001930
0.001930
0.002133
0.002393
0.002478
0.002556
0.002556
0.003287
0.002562
0.001783
0.001579
0.001579
0.001739
0.002187
0.001671
0.001671
0.002359
0.001906
0.001906
0.002155
0.002062
0.002155
0.003266
0.003266
0.002259
0.002739
0.002259
0.002259
0.002040
0.002380
0.002898
0.002147
0.002105
0.002105
0.001831
0.002695
0.003976
0.003499
0.002242
0.004908
0.004740
0.004082
0.002990
0.002251
0.003039
0.002264
0.002641
0.001688
0.001727
0.001727
0.001857
0.001727
0.001979
0.002492
0.002684
0.002481
0.003051
0.001999
0.002970
0.002485
0.002269
0.002226
0.002797
0.002423
0.002423
0.002423
0.005610
0.003930
0.004351
0.003837
0.002249
0.002249
0.002624
0.002249
0.002249
0.002249
0.001893
0.002372
0.002239
0.001789
0.001899
0.001899
0.004443
0.002498
0.002632
0.002010
0.002010
0.002937
0.001876
0.001876
0.001838
0.001750
0.002095
0.002074
0.002401
0.002059
0.002097
0.001955
0.003346
0.001711
0.001711
0.001711
0.003460
0.002208
0.002125
0.002405
0.002405
0.006464
0.003142
0.002329
0.002329
0.002329
0.002329
0.002530
0.003862
0.002329
0.002564
0.002659
0.002659
0.002751
0.003749
0.003089
0.007527
0.003701
0.002047
0.002540
0.003012
0.003119
0.001955
0.002045
0.002247
0.002047
0.002151
0.002136
0.002136
0.002136
0.002136
0.002136
0.002136
0.002559
0.002047
0.002047
0.001900
0.001955
0.001809
0.001898
0.001898
0.001898
0.001898
0.001809
0.001809
0.001809
0.001809
0.001809
0.002197
0.001875
0.002792
0.001604
0.001564
0.001604
0.001611
0.001604
0.002513
0.001367
0.001498
0.001801
0.001801
0.001498
0.001716
0.002195
0.002323
0.001628
0.001628
0.001683
0.001683
0.001498
0.001789
0.001789
0.001789
0.001789
0.001986
0.003095
0.003095
0.001986
0.001789
0.001498
0.001498
0.001498
0.001789
0.001789
0.001628
0.001628
0.001725
0.001725
0.001725
0.002015
0.001628
0.001683
0.001683
0.001658
0.001625
0.001625
0.001916
0.001625
0.001625
0.002416
0.003944
0.002416
0.001916
0.001810
0.001902
0.001902
0.001902
0.001775
0.001775
0.001775
0.002131
0.002131
0.002875
0.002361
0.002172
0.001498
0.001683
0.002134
0.001683
0.001683
0.002029
0.002029
0.002257
0.002257
0.002257
0.002257
0.004555
0.004208
0.004524
0.006085
0.001498
0.001498
0.003798
0.001498
0.001498
0.001628
0.001789
0.001789
0.001789
0.001789
0.001789
0.001789
0.001789
0.001789
