0.071686
0.082241
0.086330
0.088287
0.074756
0.086149
0.077134
0.076319
0.060926
0.059055
0.060484
0.069704
0.070407
0.060343
0.057326
0.056605
0.049258
0.054466
0.055570
0.054582
0.053503
0.044337
0.046161
0.039970
0.050176
0.046691
0.051938
0.039432
0.039464
0.031513
0.047176
0.041901
0.039603
0.038091
0.040178
0.036789
0.036283
0.039660
0.041902
0.028197
0.029834
0.032652
0.025439
0.033363
0.024309
0.033460
0.027689
0.025037
0.030219
0.024078
0.023955
0.028734
0.027418
0.023363
0.023695
0.018923
0.018745
0.021933
0.018759
0.014994
0.018409
0.013761
0.020305
0.018938
0.022327
0.020896
0.018957
0.021616
0.017995
0.018867
0.020030
0.024157
0.024017
0.018969
0.021215
0.013861
0.016439
0.013378
0.019936
0.015120
0.016734
0.016491
0.019834
0.017068
0.015256
0.015949
0.015031
0.017559
0.014164
0.018017
0.020296
0.014220
0.012792
0.018070
0.014316
0.016890
0.017757
0.016720
0.017550
0.016191
0.014916
0.015525
0.015037
0.013824
0.011699
0.015362
0.014913
0.015003
0.012599
0.012708
0.016533
0.016981
0.016403
0.013319
0.010704
0.014006
0.013098
0.018108
0.015337
0.018858
0.014892
0.016257
0.012584
0.014171
0.014331
0.013583
0.016319
0.014961
0.013269
0.013735
0.013130
0.012219
0.012704
0.012603
0.013183
0.012206
0.009858
0.011541
0.012613
0.013957
0.014432
0.012654
0.011306
0.012372
0.013004
0.011900
0.012042
0.009748
0.010782
0.011434
0.010943
0.011736
0.011104
0.012673
0.009288
0.009935
0.010744
0.012787
0.010425
0.010447
0.009921
0.010133
0.010919
0.011404
0.011449
0.009671
0.010140
0.012468
0.012174
0.012281
0.013943
0.010714
0.013110
0.010786
0.011362
0.012058
0.011260
0.010673
0.010632
0.010225
0.009954
0.010044
0.010445
0.010445
0.010945
0.011740
0.010468
0.010085
0.010174
0.011642
0.010264
0.011342
0.010026
0.013006
0.009621
0.011614
0.010451
0.010038
0.009231
0.009305
0.009395
0.009032
0.011762
0.010558
0.010005
0.011334
0.012445
0.010917
0.010850
0.012315
0.011472
0.009293
0.010321
0.010408
0.010646
0.010163
0.011656
0.010080
0.009768
0.008345
0.007775
0.008234
0.009338
0.008360
0.008942
0.008574
0.009629
0.008015
0.010041
0.008577
0.008974
0.010828
0.008979
0.008377
0.008227
0.007790
0.007999
0.008078
0.008547
0.010510
0.008361
0.007607
0.009167
0.011932
0.009348
0.009873
0.009555
0.008051
0.007778
0.008657
0.008655
0.008527
0.009742
0.009877
0.009901
0.009836
0.009104
0.008343
0.007617
0.009087
0.008411
0.009764
0.007682
0.007566
0.009559
0.007566
0.007532
0.008368
0.007649
0.008763
0.007774
0.007601
0.007719
0.007601
0.007779
0.007840
0.008322
0.008568
0.008333
0.007599
0.007185
0.007694
0.007684
0.008596
0.007802
0.007804
0.007804
0.008037
0.008015
0.007526
0.007829
0.008669
0.007185
0.007500
0.008350
0.007578
0.007719
0.007768
0.008703
0.008310
0.008019
0.008019
0.008019
0.008017
0.008616
0.007666
0.007666
0.007666
0.007666
0.008109
0.008972
0.007668
0.008343
0.007891
0.007795
0.007767
0.007786
0.007784
0.007665
0.007412
0.007258
0.007509
0.007429
0.007413
0.008305
0.007600
0.007483
0.007483
0.007599
0.008336
0.007730
0.009239
0.007551
0.007814
0.007300
0.007564
0.009451
0.008730
0.007599
0.007820
0.008530
0.008186
0.007300
0.006846
0.007333
0.007333
0.008268
0.008268
0.007333
0.007333
0.007333
0.007878
0.007027
0.007027
0.007027
0.007239
0.008007
0.007239
0.007239
0.007455
0.007709
0.007455
0.007455
0.007570
0.008035
0.008498
0.008736
0.008882
0.007942
0.007957
0.007957
0.007957
0.007321
0.007640
0.007321
0.009038
0.007321
0.008292
0.007819
0.007541
0.007206
0.007321
0.007593
0.007708
0.007814
0.007387
0.007387
0.007676
0.007406
0.007823
0.007823
0.007938
0.007860
0.008252
0.008284
0.007063
0.007150
0.007150
0.007195
0.007150
0.007566
0.007098
0.007098
0.007098
0.007098
0.007098
0.006803
0.006668
0.007261
0.007016
0.007016
0.007016
0.007016
0.007016
0.007016
0.007016
0.007016
0.007016
0.007016
0.006924
0.007224
0.007447
0.007447
0.007447
0.007339
0.009255
0.007292
0.006582
0.006699
0.006582
0.006582
0.006582
0.006582
0.006582
0.006833
0.006833
0.006712
0.006767
0.006854
0.006767
0.006637
0.006841
0.006724
0.006841
0.006724
0.006724
0.006981
0.008717
0.008511
0.007506
0.007323
0.006841
0.006841
0.006841
0.006724
0.008109
0.006724
0.007019
0.007019
0.007019
0.007019
0.007019
0.006724
0.006724
0.007657
0.006724
0.007019
0.006981
0.006724
0.006669
0.006669
0.006669
0.006634
0.006634
0.006634
0.007358
0.006634
0.006634
0.006634
0.006634
0.006634
0.007567
0.008738
0.007805
0.006634
0.006634
0.006634
0.007336
0.006634
0.006724
0.007324
0.006808
0.006634
0.006634
0.007022
0.007221
0.006634
0.006547
0.008276
0.006734
0.007209
0.007122
0.007648
0.007122
0.007851
0.006969
0.006582
0.006582
0.006724
0.006724
0.006811
0.007122
0.006582
0.006426
0.006783
0.007108
0.006547
0.006582
0.006582
0.006582
0.006582
0.007090
0.007056
0.006850
0.006850
0.006850
0.006850
0.006850
0.006850
0.006850
0.006850
0.006650
0.006650
0.006650
0.006650
0.006650
0.006650
0.007037
0.006650
0.006650
0.006650
0.006650
0.006650
0.006650
0.006650
0.006650
0.006650
0.006650
0.006650
0.006650
0.008326
0.006650
0.006650
0.006650
0.006650
0.006650
0.006650
0.006650
0.006650
0.007416
0.006650
0.006650
0.006650
0.006650
0.006650
0.006547
0.006547
0.006640
0.006818
0.006818
0.006818
0.006818
0.006547
0.006547
0.006426
0.007148
0.007056
0.006640
0.006783
0.006783
0.006783
0.006783
0.006783
0.006872
0.006783
0.006783
0.006783
0.006783
0.006872
0.006783
0.006872
0.006779
0.007341
0.006650
0.006739
0.008239
0.007000
0.007000
0.007000
0.007000
0.007000
0.006739
0.006739
0.006739
0.006739
0.006739
0.006739
0.006739
0.006629
0.006739
0.007324
0.006739
0.006779
0.006724
0.006724
0.006779
0.006724
0.006689
0.006724
0.006779
0.006779
0.006779
0.006689
0.006689
0.006779
0.006547
0.006818
0.006650
0.006640
0.006640
0.007112
0.006547
0.006650
0.006881
0.006916
0.006916
0.006643
0.006643
0.006643
0.006643
0.006643
0.006643
0.006643
0.006643
0.006643
0.006643
0.006643
0.006643
0.006643
0.006643
0.006643
0.006643
0.006643
0.006643
0.006643
0.006643
0.006643
0.006643
0.006643
0.006643
0.006643
0.006643
0.006643
0.006643
0.006643
0.006643
0.006643
0.006643
0.006643
0.006643
0.007387
0.006643
0.006643
0.006643
0.006643
0.006643
0.006643
0.006760
0.006643
0.006582
0.006582
0.006582
0.006817
0.006643
0.006643
0.006643
0.006643
0.006643
0.006609
0.006643
0.006698
0.006609
0.006643
0.006643
0.006643
0.006609
0.006698
0.006698
0.006609
0.006643
0.006698
0.006643
0.006609
0.006818
0.006818
0.006640
0.006640
0.006650
0.007211
0.006598
0.006582
0.006725
0.006609
0.006609
0.006609
0.006725
0.006609
0.006609
0.006609
0.006609
0.006609
0.006609
0.006609
0.006609
0.007645
0.007645
0.006609
0.006609
0.006609
0.006609
0.006609
0.006609
0.006609
0.006609
0.006609
0.006609
0.006698
0.006609
0.006643
0.006609
0.006609
0.006609
0.006643
0.006656
0.006609
0.006609
0.006609
0.006609
0.006609
0.006609
0.006609
0.006609
0.006656
0.006609
0.006609
0.006643
0.006865
0.006691
0.006629
0.006722
0.006722
0.006871
0.006871
0.006871
0.006871
0.006871
0.006871
0.006722
0.006674
0.006674
0.006684
0.006684
0.006684
0.006684
0.006684
0.006684
0.006684
0.006684
0.006684
0.006684
0.006684
0.006684
0.006684
0.006684
0.006850
0.006850
0.006850
0.006850
0.006850
0.006850
0.007291
0.007291
0.006684
0.006684
0.006684
0.006684
0.006684
0.006684
0.006684
0.006850
0.006850
0.006850
0.006850
0.006850
0.006850
0.006850
0.006850
0.006850
0.006684
0.006732
0.006732
0.006732
0.006732
0.006732
0.006732
0.006732
0.006732
0.006732
0.006732
0.006732
0.006732
0.006732
0.006732
0.006732
0.006732
0.006732
0.006732
0.006732
0.007493
0.006771
0.006722
0.006722
0.006722
0.006722
0.006722
0.006722
0.007138
0.007138
0.006771
0.006722
0.006900
0.006900
0.006900
0.007280
0.007280
0.006691
0.006850
0.006850
0.006850
0.008248
0.006732
0.006691
0.006508
0.006732
0.006732
0.006732
0.007138
0.006964
0.006629
0.006629
0.006629
0.006691
0.006771
0.006732
0.006732
0.006787
0.006697
0.006697
0.006697
0.006656
0.006656
0.006609
0.006609
0.006656
0.006609
0.006609
0.006609
0.006609
0.006609
0.006609
0.006805
0.006805
0.006805
0.006805
0.006805
0.007548
0.006609
0.007276
0.006609
0.006609
0.006609
0.007012
0.006609
0.007377
0.007377
0.006609
0.006609
0.006609
0.006609
0.006609
0.006609
0.006609
0.006609
0.006609
0.006609
0.006609
0.006609
0.006609
0.006609
0.006609
0.006609
0.006609
0.006609
0.006609
0.006609
0.006609
0.006609
0.006609
0.006609
0.006609
0.006609
0.006609
0.006609
0.006609
0.006609
0.006609
0.006609
0.006609
0.006609
0.006609
0.006609
0.006723
0.006723
0.006723
0.006723
0.006723
0.006723
0.006723
0.006723
0.006723
0.006758
0.006723
0.006813
0.006813
0.006813
0.006813
0.006813
0.006813
0.006813
0.006723
0.006723
0.006723
0.006723
0.006723
0.006723
0.006723
0.006723
0.006723
0.006723
0.006723
0.006723
0.006723
0.006723
0.006723
0.006723
0.006723
0.006723
0.006854
0.006854
0.006888
0.006888
0.006912
0.006723
0.006758
0.007196
0.006993
0.006843
0.006609
0.006723
0.006609
0.006609
0.006609
0.006609
0.006609
0.006609
0.006609
0.006609
0.006609
0.006609
0.006609
0.006609
0.006609
0.006609
0.006609
0.006609
0.006609
0.006609
0.006609
0.006609
0.006609
0.006609
