0.200000
0.123208
0.114526
0.119322
0.115086
0.100715
0.121674
0.101913
0.092576
0.084722
0.110533
0.088493
0.103173
0.087985
0.089253
0.087845
0.089605
0.085232
0.059357
0.065614
0.066080
0.079716
0.070617
0.072111
0.069639
0.051571
0.066788
0.070740
0.064386
0.057633
0.049437
0.059425
0.048303
0.041086
0.042489
0.053387
0.042005
0.044021
0.043287
0.046680
0.044457
0.050480
0.041634
0.042413
0.044057
0.034896
0.030342
0.029013
0.029857
0.034488
0.034589
0.032975
0.038997
0.029557
0.025075
0.030025
0.025793
0.033654
0.032567
0.028102
0.029046
0.027646
0.028417
0.027533
0.026256
0.035032
0.028172
0.025957
0.023519
0.032190
0.020088
0.023379
0.016590
0.027906
0.033891
0.027236
0.026196
0.019237
0.027384
0.021690
0.027709
0.024704
0.017393
0.024757
0.023456
0.023187
0.028807
0.017678
0.020883
0.022106
0.019074
0.027037
0.025374
0.024479
0.017015
0.017070
0.023884
0.017606
0.014859
0.015482
0.016218
0.016457
0.018593
0.015782
0.019282
0.022102
0.022878
0.015248
0.018620
0.014478
0.015507
0.018140
0.020994
0.012245
0.015791
0.014358
0.013983
0.012549
0.013031
0.013432
0.013216
0.014500
0.014388
0.014212
0.013608
0.012502
0.013567
0.012177
0.011130
0.012327
0.014251
0.009708
0.018297
0.011115
0.010985
0.013257
0.012796
0.014176
0.019993
0.013801
0.011265
0.010269
0.008823
0.011924
0.012714
0.016052
0.011648
0.012461
0.009293
0.013429
0.014004
0.009983
0.010558
0.010874
0.010484
0.008301
0.011731
0.009854
0.008975
0.006759
0.008198
0.008204
0.012146
0.012241
0.009123
0.010511
0.011138
0.010603
0.009398
0.010633
0.013915
0.012697
0.011111
0.010935
0.010314
0.008486
0.010724
0.013439
0.011991
0.016934
0.009454
0.008592
0.007910
0.007034
0.010527
0.010143
0.010532
0.010001
0.007773
0.009664
0.011123
0.010939
0.011478
0.011257
0.008751
0.008874
0.010897
0.009904
0.007589
0.009624
0.010045
0.010231
0.008179
0.007603
0.012183
0.008398
0.008356
0.010802
0.008404
0.014006
0.009153
0.007859
0.011957
0.006609
0.006720
0.006388
0.007652
0.006182
0.007640
0.008840
0.007567
0.007383
0.008199
0.009030
0.008680
0.009171
0.008630
0.007060
0.008076
0.007772
0.007848
0.007952
0.007245
0.011100
0.008039
0.008076
0.010510
0.007102
0.009256
0.008252
0.008659
0.011636
0.008199
0.006716
0.009477
0.008580
0.009529
0.009003
0.007549
0.010339
0.008102
0.011372
0.010991
0.008671
0.008029
0.009151
0.008553
0.008259
0.008823
0.007197
0.007013
0.008467
0.010228
0.006614
0.007498
0.006974
0.007975
0.007548
0.006723
0.010697
0.007442
0.007706
0.007876
0.006738
0.007360
0.008143
0.005499
0.006551
0.005147
0.005433
0.006240
0.005587
0.005544
0.005105
0.005650
0.005304
0.006499
0.007049
0.006893
0.006200
0.007180
0.006871
0.008235
0.005778
0.005499
0.005921
0.005798
0.005647
0.006215
0.006093
0.006153
0.007132
0.005474
0.005710
0.006521
0.005305
0.005197
0.006208
0.006316
0.006496
0.007172
0.007728
0.009030
0.006377
0.007374
0.006251
0.008675
0.006172
0.006523
0.007704
0.006126
0.008132
0.007398
0.007453
0.006394
0.005835
0.006129
0.005853
0.009470
0.006691
0.006491
0.007761
0.006246
0.005973
0.005314
0.005633
0.005193
0.005500
0.007393
0.005844
0.006182
0.005193
0.005571
0.005571
0.006242
0.005099
0.007267
0.005245
0.005124
0.005218
0.005218
0.005218
0.005206
0.005313
0.005118
0.005193
0.005282
0.005282
0.005873
0.005282
0.005446
0.005332
0.006094
0.006100
0.005951
0.005921
0.006974
0.007160
0.006533
0.006884
0.007763
0.006018
0.008999
0.005620
0.006198
0.006082
0.009499
0.006438
0.005387
0.005551
0.005315
0.005315
0.005315
0.005315
0.005315
0.005315
0.005212
0.005030
0.005166
0.005642
0.005274
0.005210
0.005210
0.005832
0.009435
0.005050
0.005621
0.005336
0.005336
0.005241
0.005066
0.007898
0.005241
0.005241
0.005241
0.005241
0.005241
0.005241
0.005241
0.005811
0.006419
0.005618
0.005531
0.005422
0.004955
0.004955
0.004955
0.004955
0.004955
0.004955
0.004955
0.004955
0.005083
0.005083
0.005345
0.005504
0.005504
0.006997
0.011083
0.004776
0.005918
0.004776
0.005126
0.004776
0.005180
0.005083
0.005083
0.005083
0.005231
0.006830
0.005929
0.004678
0.004678
0.004678
0.005054
0.006297
0.004678
0.004678
0.004678
0.005798
0.004826
0.004678
0.005339
0.005413
0.006346
0.005816
0.005784
0.006039
0.006768
0.005630
0.005798
0.005331
0.004815
0.004786
0.004934
0.005197
0.005037
0.004801
0.004801
0.004801
0.004909
0.004801
0.004909
0.004807
0.005600
0.005874
0.008138
0.004699
0.004699
0.005179
0.005179
0.004807
0.004807
0.004807
0.004807
0.004807
0.004934
0.005461
0.005747
0.005334
0.005334
0.005334
0.005334
0.005353
0.005587
0.005186
0.005604
0.005077
0.004704
0.004703
0.004703
0.004703
0.004732
0.004732
0.004703
0.004678
0.004818
0.005932
0.005834
0.005106
0.004580
0.004580
0.004580
0.004580
0.005304
0.005304
0.004887
0.004625
0.004625
0.004625
0.006556
0.005308
0.004580
0.004625
0.004625
0.004625
0.004625
0.004697
0.004697
0.004697
0.004697
0.004697
0.004697
0.005076
0.005176
0.005118
0.004580
0.004580
0.004152
0.004152
0.004152
0.005074
0.004252
0.004400
0.004883
0.006491
0.006372
0.004958
0.004651
0.004481
0.004584
0.005359
0.005056
0.005196
0.005680
0.005680
0.005540
0.005580
0.006288
0.006414
0.006074
0.005915
0.005803
0.005108
0.005108
0.004617
0.004617
0.005351
0.004617
0.005430
0.006613
0.007818
0.005107
0.006012
0.005066
0.005599
0.004786
0.004659
0.004659
0.005178
0.004260
0.005341
0.004919
0.004771
0.005403
0.005148
0.004919
0.004919
0.004771
0.004771
0.004800
0.004800
0.005500
0.005005
0.004771
0.004771
0.004771
0.004851
0.004702
0.005052
0.005299
0.005299
0.004965
0.005043
0.006600
0.004804
0.004965
0.004965
0.004965
0.004965
0.004702
0.004702
0.004702
0.004702
0.004677
0.004677
0.004677
0.004677
0.004677
0.004677
0.004677
0.004677
0.004677
0.004677
0.004677
0.004677
0.004664
0.004963
0.004968
0.005062
0.005068
0.005008
0.004872
0.004777
0.004777
0.004777
0.005113
0.006429
0.004822
0.004714
0.005096
0.004956
0.007739
0.004988
0.005304
0.005013
0.005013
0.004706
0.005110
0.004706
0.004706
0.004706
0.004597
0.004706
0.004706
0.005788
0.005862
0.005474
0.005706
0.004706
0.004693
0.004706
0.004706
0.004706
0.004706
0.004428
0.004597
0.004597
0.004597
0.004597
0.004597
0.004597
0.004597
0.004597
0.004597
0.004597
0.004597
0.005010
0.005010
0.004597
0.004597
0.004597
0.004597
0.004714
0.004697
0.005416
0.009214
0.007907
0.005970
0.004597
0.004597
0.004697
0.004597
0.004597
0.004597
0.004597
0.004597
0.004597
0.004597
0.004597
0.004597
0.004597
0.005252
0.005252
0.004597
0.004597
0.004597
0.005771
0.004597
0.004597
0.004597
0.004597
0.004597
0.004643
0.004643
0.004794
0.004643
0.004643
0.004595
0.004595
0.004595
0.004689
0.006284
0.005361
0.004837
0.004597
0.004550
0.004644
0.005022
0.005328
0.004644
0.004644
0.004644
0.004550
0.005259
0.005259
0.005039
0.008183
0.004550
0.004644
0.004550
0.004644
0.004644
0.005340
0.005340
0.007478
0.004550
0.004550
0.004550
0.004857
0.004969
0.005069
0.005069
0.005069
0.004969
0.004969
0.004595
0.004662
0.004550
0.004650
0.004650
0.004675
0.004251
0.004251
0.004251
0.004251
0.004251
0.004251
0.004251
0.004251
0.004251
0.004151
0.004278
0.004278
0.004734
0.004198
0.005170
0.004649
0.004198
0.004278
0.004151
0.004151
0.004151
0.005012
0.005450
0.004623
0.004623
0.004657
0.004603
0.005086
0.004555
0.004151
0.004151
0.004151
0.004151
0.004151
0.004151
0.004117
0.004165
0.004379
0.004165
0.004165
0.004198
0.004603
0.004198
0.004198
0.004151
0.004151
0.004734
0.004734
0.004734
0.004734
0.004734
0.004734
0.004734
0.004734
0.004244
0.004151
0.004151
0.004151
0.004151
0.004151
0.004151
0.004151
0.004151
0.004278
0.004151
0.004151
0.004151
0.004278
0.004278
0.004941
0.004151
0.004529
0.004657
0.004657
0.004529
0.004657
0.004657
0.004657
0.004657
0.004657
0.004657
0.004657
0.004657
0.004657
0.004657
0.004657
0.004657
0.004657
0.004657
0.004657
0.004657
0.004657
0.004657
0.004657
0.004657
0.004657
0.004657
0.004657
0.005183
0.004657
0.004657
0.004657
0.004657
0.004657
0.004278
0.004278
0.004278
0.004650
0.004650
0.004650
0.004650
0.004650
0.004650
0.004650
0.004650
0.004650
0.004650
0.004650
0.004650
0.004650
0.004650
0.004650
0.005110
0.004696
0.004569
0.004569
0.004696
0.004696
0.004569
0.004936
0.004936
0.004696
0.004242
0.004569
0.004569
0.004569
0.004569
0.004569
0.004669
0.004669
0.004669
0.005047
0.004569
0.004569
0.004569
0.004569
0.004569
0.004569
0.004569
0.004569
0.004569
0.004696
0.004569
0.004569
0.005171
0.004523
0.005011
0.005011
0.005011
0.004639
0.004639
0.004639
0.004610
0.005211
0.004710
0.004378
0.004821
0.004349
0.004378
0.004583
0.004583
0.004710
0.004710
0.004710
0.004278
0.004278
0.004278
0.004278
0.004278
0.004278
0.004278
0.004278
0.004278
0.004650
0.004378
0.005113
0.004823
0.004926
0.005008
0.005380
0.005008
0.004477
0.004297
0.004546
0.004297
0.005626
0.007287
0.004326
0.004394
0.004394
0.004346
0.004637
0.004346
0.004394
0.004394
0.004394
0.005253
0.004297
0.004297
0.004169
0.004169
0.004169
0.004169
0.004169
0.004169
0.004219
0.004267
0.004267
0.004418
0.004313
0.004169
0.004169
0.004169
0.005606
0.004169
0.004169
0.004169
0.004169
0.004169
0.004169
0.004169
0.004362
0.004362
0.004459
0.004362
0.004459
0.004459
0.004459
0.004459
