0.030602
0.016438
0.061014
0.067282
0.027518
0.018848
0.057597
0.069385
0.035339
0.019208
0.066262
0.084704
0.029621
0.019111
0.071072
0.082037
0.029990
0.023629
0.066819
0.082820
0.031832
0.018690
0.066846
0.091829
0.023368
0.015574
0.063246
0.074031
0.021951
0.019488
0.059221
0.077157
0.018830
0.011373
0.045602
0.064742
0.016028
0.011179
0.049622
0.064271
0.036509
0.020263
0.065124
0.063763
0.037387
0.016705
0.063777
0.070518
0.038232
0.019445
0.078035
0.074765
0.035133
0.023001
0.071802
0.076098
0.038574
0.018407
0.072758
0.082001
0.032875
0.017671
0.073929
0.079316
0.027790
0.016790
0.065285
0.069240
0.028297
0.015504
0.063576
0.075067
0.021084
0.010809
0.053497
0.057352
0.018609
0.013199
0.050983
0.058572
0.035915
0.013031
0.054804
0.051913
0.029507
0.011445
0.055747
0.048511
0.033546
0.016698
0.055695
0.050446
0.026420
0.010692
0.054398
0.051533
0.027104
0.010988
0.055897
0.052305
0.024469
0.010448
0.054671
0.053441
0.021619
0.008562
0.048871
0.046865
0.019432
0.008156
0.047821
0.048030
0.014622
0.005308
0.037209
0.036876
0.013014
0.005054
0.036456
0.037986
