0.031049
0.017936
0.061014
0.069678
0.026964
0.020598
0.053947
0.069321
0.035880
0.019573
0.060359
0.085374
0.027544
0.018552
0.065111
0.077445
0.028040
0.024726
0.060062
0.081810
0.030683
0.017344
0.058069
0.088555
0.022083
0.016164
0.059916
0.075347
0.019828
0.019482
0.053951
0.076577
0.020749
0.012799
0.044456
0.069747
0.015986
0.011694
0.048091
0.064160
0.034739
0.021638
0.060719
0.065006
0.036416
0.016157
0.057685
0.070632
0.034870
0.018974
0.071155
0.072230
0.031052
0.022279
0.061372
0.071033
0.035648
0.017364
0.063364
0.080342
0.029231
0.016593
0.065162
0.074874
0.025543
0.017966
0.059314
0.070456
0.026384
0.014943
0.055632
0.074010
0.020113
0.011395
0.051550
0.058872
0.017075
0.013446
0.045909
0.057413
0.034700
0.012644
0.050586
0.053015
0.026691
0.010729
0.051137
0.046835
0.029912
0.016027
0.048054
0.047717
0.022716
0.009407
0.045529
0.046853
0.023381
0.010091
0.047665
0.049457
0.020467
0.009032
0.045264
0.048557
0.018856
0.008318
0.042528
0.046104
0.016408
0.007385
0.040353
0.045162
0.013516
0.005504
0.033870
0.037241
0.011609
0.004771
0.032027
0.036319
