0.034298
0.019961
0.062921
0.070938
0.030087
0.022927
0.056558
0.071313
0.039392
0.021389
0.060978
0.085624
0.030769
0.020655
0.067041
0.077850
0.030218
0.025569
0.058216
0.076061
0.033887
0.018047
0.056728
0.084360
0.025424
0.017135
0.061123
0.069703
0.023315
0.022025
0.053826
0.071183
0.023445
0.012983
0.042868
0.062740
0.018726
0.012161
0.047883
0.058438
0.038464
0.024397
0.062794
0.065737
0.040961
0.018598
0.060066
0.072432
0.038479
0.020955
0.072465
0.071426
0.034621
0.025206
0.062939
0.071221
0.040176
0.018231
0.061757
0.076600
0.032382
0.017173
0.063352
0.069802
0.029048
0.018677
0.059167
0.064745
0.030573
0.016124
0.055388
0.069419
0.023849
0.011880
0.050943
0.053103
0.020203
0.014464
0.045885
0.052268
0.038373
0.014609
0.050952
0.053738
0.030282
0.012775
0.053530
0.047696
0.032831
0.018791
0.045579
0.044562
0.023831
0.009907
0.043719
0.044215
0.024182
0.009679
0.043723
0.043084
0.021401
0.008793
0.041861
0.042687
0.020925
0.008210
0.040457
0.040268
0.018449
0.007438
0.038701
0.039911
0.015323
0.005251
0.031843
0.031371
0.013358
0.004688
0.030397
0.031114
