0.001248
0.000543
0.001013
0.000426
0.001238
0.000519
0.001066
0.000408
0.001252
0.000513
0.000936
0.000236
0.001239
0.000483
0.000978
0.000208
0.001230
0.000508
0.001043
0.000230
0.001211
0.000464
0.001061
0.000173
0.001290
0.000567
0.001175
0.000431
0.001283
0.000549
0.001220
0.000441
0.001356
0.000657
0.001297
0.000605
0.001358
0.000657
0.001357
0.000649
0.001441
0.000570
0.001199
0.000379
0.001437
0.000554
0.001269
0.000375
0.001431
0.000545
0.001098
0.000213
0.001424
0.000522
0.001157
0.000197
0.001379
0.000527
0.001174
0.000210
0.001367
0.000492
0.001209
0.000166
0.001457
0.000592
0.001296
0.000395
0.001454
0.000578
0.001353
0.000407
0.001534
0.000683
0.001411
0.000554
0.001537
0.000685
0.001479
0.000597
0.001726
0.000694
0.001216
0.000343
0.001689
0.000665
0.001264
0.000335
0.001678
0.000663
0.001102
0.000196
0.001644
0.000631
0.001142
0.000178
0.001575
0.000623
0.001139
0.000192
0.001542
0.000583
0.001161
0.000152
0.001639
0.000674
0.001231
0.000345
0.001613
0.000652
0.001269
0.000350
0.001697
0.000749
0.001331
0.000486
0.001677
0.000741
0.001378
0.000515
