0.006195
0.019886
0.008098
0.025099
0.007612
0.022341
0.009584
0.031244
0.007770
0.019892
0.007622
0.033670
0.010102
0.021961
0.008649
0.034036
0.010202
0.020146
0.008067
0.029277
0.012290
0.022257
0.009009
0.031410
0.011243
0.023151
0.010015
0.024645
0.014609
0.024805
0.010964
0.024802
0.014133
0.027974
0.013399
0.015046
0.015890
0.029053
0.016032
0.015003
0.006119
0.018498
0.007441
0.025096
0.005322
0.019766
0.006913
0.018792
0.006663
0.018434
0.007380
0.019462
0.007659
0.019999
0.007863
0.020965
0.007639
0.019191
0.007785
0.016907
0.012054
0.020288
0.007622
0.018824
0.010391
0.022541
0.007439
0.014547
0.011289
0.023207
0.008571
0.011899
0.012074
0.027337
0.008791
0.011817
0.013831
0.027647
0.009638
0.011424
0.006590
0.020728
0.006317
0.007303
0.007141
0.022418
0.007137
0.007232
0.005947
0.021278
0.007226
0.008588
0.007328
0.022754
0.006990
0.007841
0.007768
0.022708
0.005916
0.007911
0.009631
0.023814
0.007657
0.006147
0.009839
0.025687
0.006276
0.005657
0.011913
0.026654
0.006951
0.006769
0.013344
0.029976
0.008692
0.007953
0.014312
0.030764
0.010120
0.006450
