0.004580
0.002887
0.006904
0.010163
0.004050
0.002661
0.006593
0.010098
0.004887
0.003371
0.008039
0.012077
0.004318
0.003143
0.007736
0.012058
0.004562
0.003331
0.008024
0.012459
0.004045
0.003126
0.007763
0.012477
0.003865
0.002879
0.007158
0.011499
0.003419
0.002708
0.006943
0.011536
0.002858
0.002114
0.005615
0.009472
0.002499
0.001981
0.005441
0.009519
0.005498
0.002960
0.007567
0.009558
0.004919
0.002724
0.007229
0.009474
0.005876
0.003424
0.008761
0.011396
0.005211
0.003186
0.008392
0.011355
0.005504
0.003378
0.008741
0.011739
0.004899
0.003164
0.008426
0.011737
0.004712
0.002927
0.007825
0.010815
0.004185
0.002748
0.007557
0.010842
0.003550
0.002154
0.006168
0.008887
0.003121
0.002014
0.005967
0.008923
0.004939
0.002200
0.006227
0.007080
0.004347
0.001979
0.005874
0.006982
0.005283
0.002577
0.007240
0.008548
0.004639
0.002349
0.006911
0.008463
0.004974
0.002543
0.007239
0.008814
0.004375
0.002333
0.006926
0.008770
0.004262
0.002184
0.006448
0.008067
0.003744
0.002005
0.006180
0.008057
0.003183
0.001564
0.005021
0.006517
0.002786
0.001425
0.004803
0.006525
