0.200000
0.131281
0.114524
0.102880
0.113747
0.089116
0.074071
0.086318
0.085074
0.060733
0.052180
0.070790
0.054617
0.049536
0.043636
0.036508
0.037613
0.039426
0.033780
0.042760
0.037159
0.035038
0.026423
0.031609
0.028529
0.024179
0.027207
0.018606
0.027111
0.023270
0.023363
0.024528
0.024433
0.026346
0.022710
0.022516
0.021210
0.019471
0.021696
0.023088
0.021537
0.019632
0.021100
0.018378
0.022603
0.018987
0.019260
0.024875
0.026680
0.018976
0.019201
0.018232
0.018633
0.022042
0.019833
0.017271
0.020740
0.018103
0.018851
0.018269
0.022886
0.017864
0.020511
0.017855
0.019845
0.021528
0.016625
0.021814
0.023422
0.019147
0.017328
0.017139
0.014921
0.015793
0.015315
0.016177
0.016775
0.017226
0.015108
0.016369
0.014397
0.014751
0.018931
0.017469
0.017233
0.013966
0.013940
0.017776
0.016101
0.015243
0.015990
0.015692
0.016573
0.015925
0.015412
0.015615
0.016547
0.014108
0.015526
0.014203
0.018709
0.014901
0.018958
0.015607
0.014602
0.014643
0.014230
0.013641
0.013542
0.013662
0.013662
0.013279
0.013857
0.018262
0.012975
0.014209
0.012784
0.013374
0.013050
0.013139
0.014728
0.013317
0.013034
0.012992
0.013625
0.013625
0.014224
0.013270
0.013893
0.013661
0.012917
0.013627
0.012787
0.013497
0.013224
0.012601
0.013159
0.012822
0.013042
0.013945
0.013634
0.013325
0.013038
0.012840
0.012577
0.013470
0.013870
0.012397
0.013623
0.013860
0.014610
0.013188
0.013088
0.013160
0.013160
0.013160
0.014047
0.014047
0.013986
0.013975
0.014865
0.013953
0.014309
0.014253
0.014253
0.014253
0.013824
0.012815
0.012611
0.015397
0.012637
0.013539
0.014234
0.013971
0.013815
0.014189
0.013755
0.013836
0.013116
0.012735
0.012239
0.013159
0.012715
0.013618
0.013444
0.013946
0.014152
0.012600
0.012658
0.012658
0.012578
0.014756
0.013129
0.012649
0.015437
0.012396
0.012325
0.012325
0.012424
0.012325
0.012125
0.012026
0.012589
0.013060
0.012026
0.012026
0.012026
0.012125
0.012125
0.012125
0.012026
0.012125
0.012125
0.012658
0.012026
0.012125
0.012125
0.012026
0.012026
0.012106
0.013338
0.013338
0.012811
0.012151
0.012097
0.012097
0.012178
0.012880
0.012097
0.012097
0.012097
0.012097
0.012650
0.012097
0.012097
0.012097
0.012738
0.012738
0.012738
0.012049
0.012691
0.012960
0.012334
0.012334
0.012414
0.012414
0.012560
0.012334
0.012405
0.012486
0.012486
0.012486
0.012713
0.012713
0.012823
0.013084
0.012713
0.012713
0.012486
0.012713
0.012486
0.012486
0.012486
0.012486
0.013112
0.012437
0.012437
0.012437
0.014993
0.012538
0.012022
0.012801
0.012049
0.013141
0.013141
0.012333
0.012049
0.012681
0.012148
0.012148
0.012148
0.012456
0.012456
0.012456
0.012148
0.012148
0.012148
0.012148
0.012148
0.012148
0.012197
0.012097
0.012184
0.012097
0.012097
0.012097
0.012026
0.012026
0.012026
0.012409
0.012026
0.011977
0.011977
0.011977
0.012383
0.012026
0.012026
0.012026
0.012026
0.011977
0.011977
0.012049
0.012097
0.012170
0.012071
0.012170
0.012379
0.012379
0.012379
0.012357
0.012405
0.012097
0.012071
0.012097
0.012097
0.012097
0.012097
0.012049
0.012049
0.012333
0.012414
0.012130
0.012049
0.012013
0.013421
0.012612
0.012612
0.012586
0.012612
0.012712
0.012400
0.012122
0.012148
0.012049
0.012049
0.012013
0.012013
0.012097
0.012506
0.012026
0.012324
0.012324
0.012801
0.012049
0.012148
0.012122
0.012148
0.012148
0.012049
0.012049
0.012022
0.012022
0.012022
0.011977
0.011977
0.011951
0.011977
0.012026
0.012026
0.011977
0.011977
0.011977
0.012026
0.012097
0.011685
0.012049
0.012097
0.011613
0.011685
0.011921
0.011921
0.011921
0.011921
0.012259
0.012546
0.011587
0.011613
0.011613
0.011613
0.011613
0.011685
0.011685
0.011685
0.011685
0.011613
0.011613
0.011613
0.011613
0.011613
0.011613
0.011613
0.011613
0.011613
0.011613
0.011613
0.011613
0.011613
0.011613
0.011613
0.011613
0.011613
0.011613
0.011613
0.011613
0.011613
0.011613
0.011613
0.011685
0.011613
0.011613
0.011613
0.011613
0.011613
0.011613
0.011613
0.011613
0.011613
0.011881
0.011881
0.011865
0.011577
0.011881
0.011881
0.011898
0.011613
0.011613
0.011613
0.011613
0.011613
0.011613
0.011613
0.011613
0.011613
0.011613
0.011613
0.011613
0.011613
0.011613
0.011613
0.011613
0.011613
0.011613
0.011613
0.011613
0.011613
0.011613
0.011613
0.011613
0.011613
0.011613
0.011613
0.011613
0.011613
0.011613
0.011613
0.011921
0.011613
0.011613
0.011613
0.011613
0.011613
0.011613
0.011613
0.011613
0.011613
0.011613
0.011613
0.011613
0.011613
0.011613
0.011613
0.011613
0.011613
0.011613
0.011613
0.011613
0.011613
0.011613
0.011613
0.011613
0.011613
0.011613
0.011613
0.011613
0.011613
0.011613
0.011613
0.011613
0.012852
0.011865
0.011865
0.011865
0.011865
0.011865
0.011865
0.011865
0.011865
0.011865
0.011865
0.011865
0.011613
0.011613
0.011613
0.011613
0.011613
0.011613
0.011613
0.011613
0.011613
0.011613
0.011613
0.011613
0.011779
0.011865
0.011613
0.011613
0.011715
0.011715
0.011715
0.011715
0.011715
0.011715
0.011715
0.011715
0.011715
0.011715
0.011715
0.011715
0.011715
0.011715
0.011715
0.011715
0.011715
0.011715
0.011689
0.011689
0.011689
0.011689
0.011689
0.011689
0.012256
0.011613
0.011613
0.011613
0.011613
0.011613
0.011613
0.011613
0.011613
0.011613
0.011613
0.011613
0.011613
0.011613
0.011613
0.011613
0.011613
0.011613
0.011613
0.011613
0.011613
0.011613
0.011613
0.011613
0.011613
0.011613
0.011613
0.011613
0.011613
0.011613
0.011613
0.011613
0.011613
0.011613
0.011613
0.011613
0.011613
0.011613
0.011613
0.011613
0.011613
0.011613
0.011613
0.011613
0.011613
0.011613
0.011613
0.011613
0.011613
0.011613
0.011613
0.011613
0.011613
0.011613
0.011928
0.011613
0.011613
0.011613
0.011613
0.011613
0.011613
0.011613
0.011613
0.011613
0.011583
0.011583
0.011685
0.011613
0.011613
0.011613
0.011613
0.011613
0.011613
0.011613
0.011613
0.011613
0.011613
0.011587
0.011587
0.011613
0.011613
0.011760
0.011760
0.011613
0.011613
0.011613
0.011613
0.011613
0.011613
0.011613
0.011613
0.011613
0.011613
0.011613
0.011587
0.011587
0.011587
0.011587
0.011587
0.011587
0.011587
0.011587
0.011587
0.011587
0.011587
0.011587
0.011587
0.011587
0.011587
0.011587
0.011587
0.011587
0.011587
0.011587
0.011587
0.011587
0.011587
0.011587
0.011658
0.011658
0.011587
0.011658
0.011587
0.011587
0.011658
0.011587
0.011587
0.011587
0.011686
0.011587
0.011587
0.011587
0.011587
0.011587
0.011587
0.011587
0.011587
0.011587
0.011587
0.011587
0.011587
0.011587
0.011587
0.011587
0.011587
0.011587
0.011587
0.011587
0.011734
0.011734
0.011734
0.011734
0.011734
0.011734
0.011734
0.011734
0.011734
0.011734
0.011734
0.011734
0.011734
0.011734
0.011734
0.011734
0.011734
0.011734
0.011734
0.012041
0.011734
0.011734
0.011734
0.011734
0.011734
0.011734
0.011734
0.011734
0.011734
0.011587
0.011587
0.011587
0.011587
0.011587
0.011587
0.011587
0.011587
0.011587
0.011587
0.011587
0.011587
0.011587
0.011587
0.011587
0.011587
0.011587
0.011587
0.011587
0.011587
0.011587
0.011587
0.011587
0.011587
0.011587
0.011587
0.011587
0.011587
0.011587
0.011587
0.011587
0.011587
0.011587
0.011587
0.011587
0.011587
0.011587
0.011587
0.011587
0.011587
0.011587
0.011587
0.011587
0.011587
0.011587
0.011587
0.011587
0.011587
0.011587
0.011587
0.011587
0.011587
0.011587
0.011895
0.011895
0.011895
0.011587
0.011587
0.011587
0.011587
0.011587
0.011587
0.011587
0.011587
0.011587
0.011587
0.011587
0.011587
0.011587
0.011587
0.011587
0.011587
0.011587
0.011587
0.011587
0.011587
0.011587
0.011587
0.011587
0.011587
0.011587
0.011587
0.011587
0.011587
0.011587
0.011587
0.011587
0.011587
0.011587
0.011587
0.011587
0.011587
0.011587
0.011587
0.011587
0.011587
0.011587
0.011587
0.011587
0.011587
0.011587
0.011587
0.011587
0.011587
0.011587
0.011587
0.011587
0.012028
0.011587
0.011587
0.011587
0.011587
0.011587
0.011587
0.011587
0.011587
0.011587
0.011587
0.011587
0.011587
0.011587
0.011587
0.011587
0.011587
0.011587
0.011587
0.011587
0.011587
0.011587
0.011587
0.011587
0.011587
0.011587
0.011587
0.011587
0.011587
0.011587
0.011587
0.011587
0.011587
0.011587
0.011587
0.011587
0.011587
0.011587
0.011587
0.011587
0.011587
0.011587
0.011587
0.011587
0.011587
0.011587
0.011587
0.011587
0.011587
0.011587
0.011587
0.011587
0.011587
0.011587
0.011587
0.011587
0.011587
0.011587
0.011587
0.011587
0.011587
0.011587
0.011587
0.011587
0.011587
0.011587
0.011734
0.011734
0.011936
0.011587
0.011587
0.011587
0.011587
0.011587
0.011587
0.011587
0.011587
0.011587
0.011587
0.011587
0.011587
0.011587
0.011587
0.011587
0.011587
0.011587
0.011587
0.011587
0.011587
0.011587
0.011587
0.011587
0.011587
0.011587
0.011587
0.011587
0.011587
0.011587
0.011587
0.011587
0.011587
0.011587
0.011587
0.011587
0.011587
0.011587
0.011587
0.011587
0.011587
0.011587
0.011587
0.011587
0.011587
0.011587
0.011587
0.011587
0.011587
0.011587
0.011587
0.011587
0.011587
0.011587
0.011587
0.011587
0.011587
0.011587
0.011587
0.011587
0.011587
0.011587
0.011587
0.011587
0.011587
0.011587
0.011587
0.011587
0.011587
0.011587
0.011587
0.011587
0.011587
0.011587
0.011587
0.011587
0.011587
0.011587
0.011587
0.011587
0.011587
0.011587
0.011587
0.011587
0.011587
0.011587
0.011587
0.011587
0.011587
0.011587
0.011587
0.011587
0.011587
0.011587
0.011587
0.011587
0.011587
0.011587
0.011587
