0.200000
0.129828
0.116510
0.115955
0.099388
0.102609
0.104066
0.072886
0.072329
0.070817
0.056268
0.059305
0.060985
0.041842
0.050838
0.043163
0.042870
0.058274
0.042008
0.037987
0.036333
0.039183
0.035244
0.035266
0.029966
0.027792
0.028806
0.032073
0.032759
0.030115
0.026843
0.025598
0.032514
0.029021
0.028438
0.042219
0.033802
0.032480
0.028503
0.022037
0.024496
0.027852
0.024928
0.025342
0.023162
0.026013
0.024488
0.020954
0.020742
0.021035
0.024914
0.024213
0.021062
0.020925
0.023752
0.021729
0.026568
0.025298
0.025373
0.024450
0.021055
0.020099
0.019201
0.018204
0.023968
0.023309
0.022810
0.023048
0.020769
0.020427
0.020944
0.020373
0.021671
0.020344
0.017684
0.019276
0.016975
0.019315
0.017258
0.017620
0.018912
0.019697
0.018710
0.017986
0.021286
0.017843
0.018196
0.019022
0.017311
0.020248
0.017574
0.017660
0.017741
0.015726
0.015965
0.018209
0.017713
0.018248
0.018074
0.015585
0.015753
0.016944
0.017615
0.017284
0.016265
0.018270
0.016230
0.017399
0.016560
0.016200
0.016100
0.018495
0.016325
0.018070
0.017646
0.015561
0.016623
0.018699
0.017662
0.017096
0.016753
0.018642
0.016536
0.016070
0.016227
0.016694
0.015420
0.017055
0.016327
0.015058
0.014829
0.015491
0.014789
0.015149
0.014819
0.014748
0.014905
0.015491
0.015149
0.015970
0.015149
0.015525
0.016976
0.017424
0.019392
0.015455
0.017044
0.015043
0.015181
0.015146
0.015146
0.015207
0.015607
0.014848
0.014787
0.014848
0.014822
0.014832
0.016564
0.016564
0.017487
0.014529
0.014769
0.016212
0.016212
0.016131
0.014120
0.015563
0.014043
0.014185
0.014053
0.014241
0.014481
0.015040
0.014207
0.014207
0.013879
0.013879
0.013411
0.013274
0.014083
0.014083
0.013411
0.014653
0.015133
0.014745
0.016794
0.015115
0.014514
0.013836
0.014177
0.014139
0.013836
0.013946
0.013735
0.013796
0.013796
0.014275
0.014275
0.013946
0.013946
0.013799
0.013886
0.013946
0.013856
0.013859
0.014113
0.013920
0.014363
0.014363
0.014275
0.014275
0.014275
0.014275
0.014275
0.014214
0.014214
0.014214
0.013886
0.013886
0.016369
0.013886
0.014214
0.015691
0.014023
0.019870
0.014559
0.014426
0.014982
0.013946
0.013946
0.013991
0.014161
0.014018
0.014174
0.014114
0.014114
0.014114
0.014174
0.014728
0.014503
0.014174
0.014174
0.014144
0.014144
0.014144
0.014144
0.014144
0.014144
0.014144
0.014144
0.014144
0.014179
0.014179
0.014179
0.014179
0.014179
0.014179
0.014179
0.014179
0.014907
0.014179
0.013951
0.013951
0.013951
0.013951
0.013951
0.013951
0.015460
0.013951
0.013951
0.013951
0.013951
0.013951
0.013951
0.013951
0.013951
0.013951
0.013951
0.013951
0.014059
0.014138
0.013844
0.014426
0.014098
0.014098
0.013844
0.014684
0.013738
0.014037
0.013844
0.013733
0.013733
0.013733
0.013733
0.013844
0.013844
0.013844
0.013844
0.013783
0.013783
0.016412
0.014468
0.015261
0.013844
0.013733
0.013844
0.013844
0.013844
0.013844
0.013844
0.013844
0.013844
0.013844
0.013844
0.013844
0.013844
0.013733
0.013963
0.013688
0.013963
0.013688
0.013688
0.013688
0.013920
0.013776
0.013688
0.013723
0.013723
0.013733
0.013733
0.013733
0.013733
0.013844
0.013844
0.013844
0.013844
0.013844
0.014420
0.014420
0.013844
0.013799
0.013688
0.013799
0.013688
0.013799
0.013688
0.013723
0.014207
0.013688
0.013688
0.013688
0.013688
0.013688
0.013688
0.013688
0.013688
0.013834
0.013834
0.013943
0.013920
0.013943
0.013943
0.013943
0.013943
0.013832
0.013832
0.015157
0.013943
0.013943
0.013799
0.013738
0.013772
0.013772
0.013943
0.013772
0.013943
0.013882
0.013882
0.013882
0.013774
0.015095
0.013738
0.014279
0.014279
0.014279
0.014279
0.014279
0.014279
0.013738
0.013738
0.013738
0.013738
0.013738
0.013895
0.014175
0.013738
0.013738
0.013738
0.014369
0.014430
0.014430
0.014430
0.014220
0.014220
0.014264
0.014264
0.014264
0.014264
0.014494
0.014494
0.014073
0.014494
0.014073
0.014073
0.014073
0.014073
0.014073
0.013799
0.013799
0.013799
0.013799
0.013799
0.013799
0.013688
0.013688
0.013963
0.013688
0.013688
0.013688
0.013688
0.013688
0.013688
0.013688
0.013688
0.013688
0.013733
0.013688
0.013688
0.013963
0.013733
0.013733
0.013723
0.013723
0.013723
0.013723
0.013723
0.013723
0.013723
0.013723
0.013723
0.013723
0.013723
0.013723
0.013723
0.013723
0.013723
0.013723
0.013723
0.013723
0.013723
0.013723
0.013723
0.013723
0.013723
0.013723
0.013723
0.013723
0.013723
0.013723
0.013723
0.013723
0.013723
0.013723
0.013723
0.013723
0.013723
0.013723
0.013723
0.013723
0.013723
0.013723
0.013723
0.013723
0.013926
0.013926
0.013723
0.013723
0.013926
0.013723
0.013723
0.013723
0.013723
0.013723
0.013723
0.013723
0.013723
0.013723
0.013723
0.013723
0.013926
0.013723
0.014167
0.014338
0.014177
0.014132
0.014132
0.013733
0.013733
0.013688
0.013688
0.013688
0.013723
0.013723
0.013688
0.013688
0.013688
0.013688
0.013891
0.014839
0.013723
0.013723
0.013963
0.013733
0.013688
0.013688
0.013688
0.013688
0.013723
0.013862
0.013723
0.013733
0.013956
0.013733
0.013733
0.013733
0.013723
0.013733
0.013733
0.013688
0.013688
0.013688
0.013688
0.013688
0.013688
0.013688
0.013688
0.013688
0.013688
0.013688
0.013688
0.013688
0.013688
0.013688
0.013688
0.013688
0.013688
0.013688
0.013688
0.013688
0.013688
0.013688
0.013688
0.013688
0.013688
0.013688
0.013688
0.013688
0.013688
0.013688
0.013688
0.013688
0.013688
0.013688
0.013688
0.013688
0.013688
0.013688
0.013688
0.013688
0.013688
0.013688
0.013688
0.013688
0.013688
0.013688
0.013688
0.013688
0.013688
0.013688
0.014077
0.013688
0.013688
0.013688
0.013688
0.013688
0.013688
0.013688
0.013688
0.013688
0.013750
0.013688
0.013688
0.013688
0.014109
0.014109
0.013688
0.013750
0.013750
0.013688
0.013688
0.013688
0.013688
0.013688
0.013688
0.013688
0.013688
0.013688
0.013688
0.013688
0.013688
0.013688
0.013688
0.013688
0.013688
0.013688
0.013688
0.013688
0.013688
0.013688
0.013688
0.013688
0.013688
0.013688
0.013688
0.013688
0.013688
0.013688
0.013688
0.013688
0.013688
0.013688
0.013688
0.013688
0.013688
0.013688
0.013688
0.013688
0.013688
0.013688
0.013688
0.013688
0.013688
0.013688
0.013688
0.013688
0.013688
0.013688
0.013688
0.013688
0.013688
0.013688
0.013688
0.013688
0.013688
0.013688
0.013688
0.013688
0.013688
0.013688
0.014077
0.014077
0.013688
0.013688
0.013688
0.013688
0.013688
0.013688
0.013688
0.013688
0.013688
0.013688
0.013688
0.013688
0.013688
0.013688
0.013688
0.013688
0.013688
0.013688
0.013688
0.013688
0.013688
0.013688
0.013688
0.013688
0.013990
0.013688
0.013688
0.013688
0.015270
0.013538
0.013538
0.013538
0.013538
0.013538
0.013538
0.013538
0.013741
0.013538
0.013538
0.013538
0.013538
0.013538
0.013538
0.013538
0.013538
0.013538
0.013583
0.013583
0.013572
0.015360
0.013583
0.013583
0.013583
0.013583
0.013744
0.013572
0.013572
0.013572
0.013572
0.013572
0.013572
0.013572
0.013572
0.013538
0.013538
0.013538
0.013538
0.013538
0.013572
0.013572
0.013572
0.013572
0.013572
0.013538
0.013572
0.013572
0.014165
0.013572
0.013572
0.013572
0.013502
0.013502
0.013502
0.013502
0.013502
0.013502
0.013502
0.013502
0.013502
0.013502
0.013468
0.013468
0.013468
0.013468
0.013468
0.013468
0.013468
0.013468
0.013468
0.013468
0.013468
0.013468
0.013468
0.013468
0.013468
0.013468
0.013468
0.013468
0.013468
0.013468
0.013468
0.013502
0.013468
0.013468
0.013502
0.013468
0.013468
0.013468
0.013468
0.013468
0.013468
0.013468
0.013502
0.013468
0.013468
0.013502
0.013468
0.013468
0.013468
0.013468
0.013468
0.013468
0.013512
0.013512
0.013512
0.013468
0.013468
0.013502
0.013468
0.014706
0.013758
0.013502
0.013468
0.013502
0.013502
0.013502
0.013502
0.013502
0.013468
0.013468
0.013468
0.013468
0.013468
0.013468
0.013512
0.013512
0.013512
0.013512
0.013512
0.013657
0.013657
0.013468
0.013468
0.013468
0.013468
0.013468
0.013673
0.013468
0.013502
0.013468
0.013468
0.013468
0.013502
0.013468
0.013468
0.013468
0.013512
0.013468
0.013468
0.013468
0.013468
0.013502
0.013502
0.013502
0.013502
0.013502
0.013512
0.013512
0.013512
0.013512
0.013512
0.013512
0.013468
0.013512
0.013468
0.013468
0.013468
0.013468
0.013468
0.013468
0.013468
0.013468
0.013468
0.013468
0.013468
0.013468
0.013468
0.013468
0.013468
0.013468
0.013468
0.013502
0.013502
0.013502
0.013502
0.013502
0.013643
0.013643
0.013643
0.013643
0.013502
0.013502
0.013502
0.013502
0.013502
0.013502
0.013502
0.013502
0.013502
0.013502
0.013502
0.013502
0.013502
0.013502
0.013502
0.013502
0.013502
0.013502
0.013502
0.013502
0.013502
0.013502
0.013502
0.013502
0.013502
0.013502
0.013502
0.013502
0.013502
0.013502
0.013502
0.013502
0.013502
0.013502
0.013502
0.013502
0.013502
0.013502
0.013502
0.013502
0.013502
0.013502
0.013502
0.013502
0.013502
0.013502
0.013502
0.013502
0.013502
0.013502
0.013892
0.013502
0.013502
0.013502
0.013502
0.013502
0.013502
0.013502
0.013502
0.013502
0.013502
0.013502
0.013502
0.013502
0.013502
0.013468
0.013468
0.013468
0.013468
0.013468
0.013468
0.013468
0.013468
0.013468
0.013468
0.013468
0.013468
0.013502
0.013502
0.013502
0.013502
0.013502
0.013502
0.013502
0.013502
0.013502
0.013468
0.013512
0.013512
0.013512
0.013512
0.013512
0.013512
0.013512
0.013512
0.013468
0.013468
0.013468
0.013512
0.013512
0.013512
0.013512
0.013512
0.013512
0.013512
0.013512
0.013512
0.013512
0.013512
