0.239239
0.234601
0.140073
0.065096
0.243227
0.228570
0.138501
0.049938
0.230581
0.215457
0.113333
0.025550
0.233682
0.208138
0.110831
0.008628
0.245237
0.219762
0.125235
0.024603
0.247222
0.211467
0.121398
0.006403
0.257358
0.221269
0.133772
0.019595
0.258226
0.211938
0.128568
0.000000
0.289429
0.256696
0.175708
0.070609
0.290307
0.248120
0.170951
0.052529
0.250158
0.246493
0.142377
0.074397
0.254158
0.240676
0.141470
0.060017
0.240049
0.226790
0.114307
0.034628
0.243260
0.219766
0.112588
0.018589
0.255928
0.233268
0.129151
0.037851
0.258099
0.225389
0.126183
0.020708
0.269316
0.237017
0.140646
0.037090
0.270448
0.228228
0.136401
0.018732
0.300604
0.271327
0.182123
0.086810
0.301721
0.263247
0.178250
0.069871
0.270175
0.275398
0.160720
0.112165
0.274851
0.270776
0.161506
0.100122
0.259540
0.256635
0.132741
0.074552
0.263571
0.250961
0.132911
0.061080
0.275711
0.263617
0.148939
0.079183
0.278717
0.257118
0.147848
0.064631
0.289494
0.268045
0.161898
0.080077
0.291482
0.260674
0.159533
0.064351
0.319374
0.300088
0.201836
0.126594
0.321278
0.293317
0.199698
0.112088

0.064108
0.147427
0.038882
0.041300
0.067939
0.142550
0.028473
0.023157
0.062107
0.134519
0.034274
0.019317
0.065699
0.128914
0.023560
0.000000
0.104974
0.171688
0.079108
0.065420
0.108262
0.166512
0.069213
0.047608
0.144468
0.205934
0.120432
0.107906
0.147477
0.201153
0.111293
0.091483
0.180853
0.237485
0.158522
0.147060
0.183608
0.233070
0.150081
0.131917
0.031268
0.140869
0.020977
0.052328
0.036909
0.137752
0.011749
0.036029
0.031339
0.130295
0.019571
0.034123
0.036824
0.126561
0.010193
0.016842
0.076629
0.167796
0.065538
0.079045
0.081657
0.164342
0.056871
0.063108
0.118353
0.202347
0.107908
0.120446
0.122964
0.199151
0.099898
0.105748
0.156794
0.234180
0.146962
0.158600
0.161022
0.231224
0.139560
0.145045
0.015419
0.143431
0.034886
0.080628
0.024112
0.142761
0.028683
0.067182
0.015817
0.134019
0.033774
0.064248
0.024344
0.132780
0.027425
0.049912
0.062377
0.171255
0.078675
0.106831
0.070208
0.170099
0.072800
0.093607
0.105268
0.205560
0.120059
0.146073
0.112460
0.204482
0.114623
0.133876
0.144780
0.237164
0.158200
0.182237
0.151386
0.236159
0.153170
0.170987

0.173665
0.177135
0.177135
0.046587
0.191768
0.191892
0.191892
0.061701
0.182403
0.166000
0.166000
0.010683
0.199711
0.180566
0.180566
0.026212
0.197985
0.168667
0.168667
0.000000
0.215166
0.184120
0.184120
0.017766
0.234012
0.208568
0.208568
0.055043
0.249912
0.222824
0.222824
0.071378
0.267261
0.245263
0.245263
0.105536
0.281976
0.258415
0.258415
0.120558
0.147020
0.166566
0.166566
0.050659
0.165618
0.180564
0.180564
0.063437
0.158580
0.157774
0.157774
0.017213
0.176190
0.171361
0.171361
0.030096
0.178030
0.164790
0.164790
0.012591
0.195385
0.179149
0.179149
0.027579
0.215383
0.204794
0.204794
0.066435
0.231459
0.218059
0.218059
0.080233
0.249871
0.241600
0.241600
0.115840
0.264762
0.253855
0.253855
0.128545
0.128021
0.172795
0.172795
0.086174
0.148006
0.187428
0.187428
0.098940
0.143627
0.168230
0.168230
0.058308
0.162489
0.182345
0.182345
0.071073
0.165918
0.177575
0.177575
0.056090
0.184331
0.192242
0.192242
0.070653
0.203895
0.216246
0.216246
0.106095
0.220957
0.229804
0.229804
0.119512
0.238982
0.251849
0.251849
0.151998
0.254793
0.264383
0.264383
0.164359

0.218308
0.202220
0.116330
0.000000
0.237064
0.218005
0.135901
0.019648
0.234425
0.218404
0.126088
0.017327
0.251822
0.232591
0.144346
0.034892
0.257629
0.247586
0.148365
0.055890
0.274266
0.261033
0.166186
0.072688
0.293221
0.283585
0.191269
0.105764
0.308537
0.295953
0.207708
0.121232
0.326069
0.316839
0.230949
0.151891
0.340168
0.328216
0.246113
0.166134
0.237958
0.221950
0.127954
0.020981
0.255034
0.235754
0.145903
0.038045
0.250161
0.234193
0.133165
0.032947
0.266029
0.246523
0.149950
0.048077
0.270574
0.261116
0.152530
0.068735
0.285867
0.272889
0.169091
0.083345
0.304946
0.295896
0.194868
0.117402
0.319028
0.306722
0.210148
0.130851
0.336685
0.328039
0.234043
0.162430
0.349652
0.337994
0.248142
0.174810
0.265772
0.257367
0.154500
0.067816
0.281965
0.270306
0.171975
0.084001
0.275226
0.267394
0.156832
0.077059
0.290392
0.279041
0.173354
0.091554
0.292093
0.290775
0.171942
0.107962
0.306814
0.301968
0.188374
0.122063
0.324669
0.323223
0.212661
0.153588
0.338234
0.333522
0.227834
0.166577
0.354762
0.353218
0.250351
0.195810
0.367262
0.362694
0.264363
0.207776

0.210167
0.197270
0.122385
0.036793
0.226889
0.211594
0.140203
0.053866
0.203133
0.178926
0.098092
0.000000
0.219793
0.193483
0.116421
0.017816
0.216852
0.194005
0.106750
0.015397
0.232546
0.207338
0.124153
0.031678
0.228048
0.206524
0.112337
0.027360
0.242862
0.218702
0.128909
0.042191
0.236776
0.216543
0.114874
0.035943
0.250790
0.227632
0.130706
0.049402
0.228203
0.215994
0.133601
0.055232
0.243703
0.228832
0.150283
0.070483
0.219885
0.197372
0.108433
0.018707
0.235352
0.210410
0.125621
0.034618
0.230459
0.209261
0.113256
0.029821
0.245066
0.221161
0.129636
0.044302
0.238577
0.218663
0.115032
0.037566
0.252404
0.229489
0.130693
0.050693
0.244277
0.225625
0.113761
0.041973
0.257400
0.235434
0.128789
0.053817
0.252960
0.247227
0.156572
0.093855
0.267840
0.259411
0.172986
0.108532
0.244061
0.229364
0.131508
0.059137
0.258969
0.241769
0.148477
0.074475
0.252388
0.239415
0.133784
0.067994
0.266572
0.250816
0.150114
0.082084
0.258364
0.247125
0.133103
0.073661
0.271902
0.257584
0.148881
0.086577
0.262016
0.252530
0.129450
0.076159
0.274981
0.262102
0.144764
0.087970

0.045079
0.138300
0.027389
0.059702
0.059771
0.152896
0.036027
0.073957
0.045395
0.129603
0.027599
0.044988
0.060951
0.145136
0.037652
0.060788
0.042475
0.118185
0.024372
0.026981
0.058982
0.134744
0.035892
0.044416
0.062494
0.119873
0.033594
0.015224
0.078768
0.136779
0.045865
0.033924
0.079376
0.118776
0.039425
0.000000
0.095509
0.136127
0.052514
0.020073
0.012211
0.128478
0.005332
0.063307
0.027294
0.142844
0.013084
0.076242
0.014244
0.121695
0.008438
0.051732
0.030206
0.136964
0.017624
0.066157
0.012851
0.112142
0.007980
0.036900
0.029780
0.128401
0.018644
0.052894
0.036966
0.117327
0.021530
0.029386
0.053546
0.133814
0.032871
0.046521
0.057788
0.119712
0.031608
0.018485
0.074112
0.136522
0.043685
0.036859
0.033791
0.151423
0.040512
0.100174
0.049056
0.165417
0.048549
0.112519
0.033126
0.143750
0.041745
0.088715
0.049305
0.158634
0.051151
0.102451
0.029142
0.133435
0.039622
0.074225
0.046325
0.149295
0.050442
0.089430
0.053794
0.139827
0.053548
0.068403
0.070521
0.155808
0.064894
0.084589
0.075247
0.143549
0.064199
0.059431
0.091612
0.159745
0.076131
0.076693

0.151674
0.231590
0.036481
0.081741
0.167059
0.246611
0.051418
0.100341
0.142421
0.215653
0.004462
0.045461
0.157461
0.230962
0.019705
0.065059
0.162281
0.216643
0.021534
0.037721
0.177095
0.232367
0.037174
0.058462
0.178905
0.214765
0.034513
0.025988
0.193597
0.231011
0.050660
0.048012
0.215974
0.248980
0.082453
0.074619
0.229490
0.263946
0.097306
0.094913
0.162742
0.249513
0.034098
0.099092
0.176576
0.263033
0.047557
0.115855
0.151208
0.233173
0.000000
0.063150
0.164733
0.246953
0.013742
0.080816
0.172237
0.235939
0.020524
0.059250
0.185560
0.250097
0.034621
0.077950
0.190107
0.235970
0.036960
0.051503
0.203320
0.250602
0.051511
0.071363
0.226248
0.268509
0.084653
0.098126
0.238401
0.281985
0.098033
0.116422
0.189762
0.276285
0.059404
0.131835
0.203231
0.289087
0.073204
0.147971
0.177523
0.260422
0.025606
0.097553
0.190800
0.273511
0.039805
0.114591
0.198262
0.263958
0.047077
0.095774
0.211273
0.277339
0.061457
0.113664
0.216008
0.264939
0.064622
0.090379
0.228845
0.278704
0.079285
0.109242
0.250154
0.295243
0.110224
0.134026
0.261961
0.307921
0.123710
0.151404

0.193747
0.256107
0.067513
0.104799
0.207581
0.270231
0.080736
0.122140
0.182046
0.239202
0.034614
0.069392
0.195584
0.253617
0.047996
0.087571
0.182901
0.229420
0.022922
0.046045
0.195497
0.243758
0.035362
0.064435
0.197835
0.226963
0.036690
0.036135
0.210516
0.241861
0.049890
0.055789
0.233320
0.259472
0.084143
0.082633
0.245078
0.273288
0.096443
0.100895
0.167916
0.251931
0.043137
0.108129
0.182072
0.265746
0.055883
0.124389
0.156931
0.236313
0.009805
0.073850
0.170664
0.250305
0.022576
0.090807
0.159876
0.228747
0.000000
0.053189
0.172467
0.242499
0.011573
0.070136
0.178690
0.229619
0.018852
0.047939
0.191276
0.243830
0.031111
0.066028
0.215797
0.262074
0.067868
0.093742
0.227467
0.275253
0.079302
0.110556
0.157166
0.255451
0.047169
0.126280
0.172896
0.269734
0.061465
0.142717
0.148629
0.242048
0.016217
0.094634
0.163903
0.256452
0.030575
0.111733
0.155683
0.237790
0.011604
0.078449
0.169713
0.251853
0.024684
0.095423
0.176612
0.240875
0.032355
0.075864
0.190437
0.255235
0.045865
0.093760
0.213898
0.272533
0.080295
0.119588
0.226705
0.285843
0.092873
0.136215

0.271970
0.268812
0.191465
0.104762
0.286790
0.280513
0.206185
0.117678
0.266086
0.250672
0.168237
0.065873
0.280697
0.262418
0.183200
0.079189
0.257634
0.229674
0.141816
0.022853
0.272111
0.241522
0.157093
0.036628
0.256383
0.223114
0.129477
0.006369
0.271381
0.236151
0.146169
0.022491
0.267124
0.223337
0.135479
0.000000
0.282151
0.237247
0.152818
0.017972
0.250453
0.259370
0.175611
0.100649
0.265629
0.270420
0.189930
0.111829
0.245753
0.242214
0.152945
0.062459
0.260603
0.253158
0.167374
0.073824
0.238370
0.222144
0.127003
0.020104
0.252969
0.233033
0.141606
0.031696
0.239276
0.218581
0.117182
0.008019
0.254348
0.230620
0.133179
0.021931
0.253293
0.222586
0.127446
0.007259
0.268296
0.235416
0.143989
0.022930
0.274939
0.289798
0.199096
0.141324
0.289448
0.300356
0.213195
0.152278
0.269603
0.273620
0.176952
0.105803
0.283865
0.284119
0.191225
0.116981
0.261762
0.254762
0.151735
0.066453
0.275849
0.265251
0.166245
0.077898
0.261197
0.250535
0.140732
0.053969
0.275758
0.262091
0.156573
0.067551
0.275223
0.254997
0.151970
0.054479
0.289663
0.267224
0.168219
0.069586

0.167764
0.219076
0.049422
0.046017
0.182658
0.234769
0.064942
0.067094
0.157892
0.200119
0.017047
0.004793
0.172560
0.216315
0.033133
0.027281
0.183911
0.228386
0.044613
0.043131
0.197939
0.243580
0.060372
0.064351
0.206778
0.253752
0.068178
0.077327
0.220285
0.268064
0.083746
0.097447
0.226645
0.276391
0.087886
0.107612
0.239743
0.289935
0.103396
0.126791
0.142780
0.218226
0.031634
0.059059
0.158084
0.233382
0.046698
0.078558
0.134413
0.201369
0.000000
0.020363
0.149348
0.216876
0.015492
0.041078
0.160806
0.228620
0.026308
0.055863
0.175144
0.243219
0.041637
0.075521
0.183897
0.252984
0.048516
0.087335
0.197761
0.266792
0.063816
0.106094
0.203840
0.274627
0.066755
0.114990
0.217345
0.287755
0.082159
0.132999
0.176030
0.251089
0.063391
0.100489
0.190502
0.265125
0.078197
0.118746
0.166882
0.234974
0.032239
0.064100
0.181091
0.249366
0.047548
0.083518
0.189173
0.258644
0.053443
0.094599
0.202936
0.272272
0.068757
0.113157
0.208349
0.279631
0.070707
0.121329
0.221782
0.292605
0.086158
0.139174
0.224534
0.298078
0.084129
0.144464
0.237749
0.310502
0.099849
0.161740

0.183975
0.194749
0.095723
0.029782
0.189976
0.189826
0.095147
0.015488
0.203235
0.202826
0.110663
0.032861
0.207965
0.196925
0.108807
0.017445
0.219725
0.208124
0.122347
0.032169
0.223211
0.201206
0.119195
0.015534
0.233544
0.210669
0.130837
0.027694
0.235805
0.202693
0.126365
0.009734
0.244771
0.210474
0.136175
0.019397
0.245822
0.201389
0.130351
0.000000
0.196150
0.205050
0.096722
0.035356
0.201814
0.200112
0.096540
0.021615
0.215917
0.214783
0.113963
0.042023
0.220415
0.208996
0.112602
0.027327
0.233009
0.221822
0.127989
0.044992
0.236369
0.215150
0.125436
0.029250
0.247527
0.226206
0.138876
0.044273
0.249767
0.218607
0.135110
0.027384
0.259555
0.227957
0.146678
0.039851
0.260687
0.219383
0.141672
0.021708
0.217998
0.233759
0.115257
0.071833
0.224068
0.229877
0.116576
0.060317
0.237413
0.243552
0.133262
0.079413
0.242363
0.238859
0.133410
0.066969
0.254302
0.250836
0.148189
0.083538
0.258159
0.245303
0.147162
0.070084
0.268760
0.255651
0.160118
0.084220
0.271547
0.249242
0.157903
0.069671
0.280873
0.258022
0.169109
0.081454
0.282603
0.250697
0.165687
0.065718

0.141709
0.140667
0.140667
0.000000
0.162390
0.156709
0.156709
0.015115
0.160614
0.169104
0.169104
0.044579
0.180966
0.184693
0.184693
0.059064
0.176048
0.194206
0.194206
0.085095
0.196200
0.209433
0.209433
0.099025
0.216125
0.232391
0.232391
0.131240
0.234723
0.246486
0.246486
0.144189
0.253072
0.267631
0.267631
0.173860
0.270237
0.280679
0.280679
0.185897
0.152259
0.154313
0.154313
0.018636
0.171862
0.168631
0.168631
0.030978
0.167865
0.180353
0.180353
0.061157
0.187356
0.194428
0.194428
0.073126
0.180007
0.203090
0.203090
0.099674
0.199513
0.217006
0.217006
0.111330
0.219999
0.240802
0.240802
0.144955
0.237993
0.253682
0.253682
0.155801
0.256851
0.275590
0.275590
0.186756
0.273451
0.287510
0.287510
0.196848
0.171222
0.186341
0.186341
0.071152
0.190706
0.200369
0.200369
0.083037
0.182508
0.208275
0.208275
0.108705
0.202038
0.222164
0.222164
0.120293
0.190395
0.227066
0.227066
0.142544
0.210100
0.240900
0.240900
0.153893
0.229760
0.263050
0.263050
0.184617
0.247926
0.275843
0.275843
0.195167
0.266020
0.296233
0.296233
0.223451
0.282768
0.308065
0.308065
0.233259

0.245086
0.249009
0.160966
0.087142
0.261258
0.260835
0.177051
0.099779
0.239480
0.231319
0.136003
0.048582
0.255386
0.243116
0.152412
0.061558
0.230967
0.210709
0.107521
0.005926
0.246706
0.222540
0.124345
0.019298
0.245197
0.214159
0.118843
0.005740
0.260679
0.226647
0.135944
0.020625
0.256597
0.214617
0.126574
0.001233
0.271915
0.227829
0.144045
0.017696
0.220876
0.238709
0.141483
0.080786
0.237741
0.250087
0.157566
0.091992
0.216491
0.221917
0.116662
0.042492
0.232970
0.233124
0.132961
0.053851
0.209014
0.202101
0.088152
0.000000
0.225212
0.213195
0.104760
0.011557
0.226954
0.209373
0.104118
0.005292
0.242772
0.221049
0.120887
0.018295
0.241909
0.213579
0.116353
0.006193
0.257447
0.225897
0.133376
0.020694
0.246217
0.269331
0.161966
0.119142
0.262385
0.280254
0.178084
0.130360
0.240613
0.253173
0.136940
0.082991
0.256519
0.263999
0.153391
0.094441
0.232095
0.234210
0.108378
0.042926
0.247839
0.244997
0.125254
0.054657
0.249795
0.241552
0.125319
0.049006
0.265117
0.252815
0.142207
0.061959
0.264676
0.246049
0.138684
0.050996
0.279672
0.257848
0.155678
0.065226

0.170467
0.231734
0.031684
0.068179
0.181928
0.245361
0.041943
0.085552
0.174377
0.223289
0.027499
0.046995
0.186576
0.237877
0.039585
0.066356
0.175375
0.212154
0.019285
0.021826
0.188369
0.227788
0.033247
0.043290
0.188543
0.208068
0.030147
0.007578
0.201765
0.224431
0.045078
0.030645
0.222418
0.241139
0.076982
0.056948
0.234722
0.256269
0.090894
0.078260
0.145000
0.227889
0.006024
0.072824
0.156299
0.240875
0.015107
0.088544
0.151439
0.221972
0.005095
0.055276
0.163462
0.235853
0.016037
0.072907
0.154834
0.213378
0.000000
0.033819
0.167634
0.228232
0.012839
0.053463
0.171634
0.212742
0.015939
0.024737
0.184581
0.228209
0.029669
0.045821
0.206685
0.245301
0.063757
0.072591
0.218753
0.259618
0.076585
0.092094
0.139280
0.233664
0.017799
0.096116
0.151963
0.246945
0.028375
0.111790
0.146151
0.228996
0.016268
0.079857
0.159423
0.243044
0.028525
0.097259
0.150008
0.221744
0.010734
0.059917
0.163929
0.236638
0.024718
0.079145
0.168772
0.223509
0.028650
0.054060
0.182658
0.238847
0.043267
0.074476
0.203701
0.254970
0.074999
0.099260
0.216639
0.269175
0.088648
0.118155

0.097777
0.161719
0.082770
0.056978
0.102101
0.156949
0.073983
0.038890
0.085033
0.141962
0.056489
0.020282
0.088223
0.135832
0.046009
0.000000
0.091084
0.157508
0.064970
0.046060
0.094405
0.152134
0.054888
0.027188
0.093770
0.170011
0.069825
0.067899
0.097239
0.165347
0.060063
0.050291
0.093126
0.179577
0.071110
0.085978
0.096757
0.175578
0.061592
0.069498
0.070035
0.158492
0.071305
0.073482
0.076197
0.155596
0.063972
0.057596
0.058200
0.140522
0.046129
0.039603
0.063233
0.136339
0.037142
0.021668
0.062692
0.153872
0.051677
0.061443
0.067745
0.150307
0.042912
0.044690
0.063653
0.164182
0.053541
0.079490
0.068752
0.161202
0.044931
0.063789
0.061102
0.171541
0.051756
0.093895
0.066275
0.169114
0.043234
0.079126
0.094259
0.185242
0.106293
0.115681
0.101153
0.183480
0.100514
0.101926
0.081417
0.167783
0.082309
0.084459
0.087403
0.164930
0.075107
0.068904
0.082999
0.178261
0.085724
0.103083
0.089114
0.176031
0.078784
0.088626
0.081196
0.185883
0.085697
0.118223
0.087475
0.184249
0.078966
0.104751
0.076009
0.190716
0.082250
0.130008
0.082487
0.189659
0.075674
0.117417

0.221204
0.221358
0.122591
0.034391
0.226440
0.214900
0.120443
0.016821
0.239039
0.227530
0.135569
0.034608
0.242963
0.220027
0.132079
0.015783
0.253974
0.230635
0.145010
0.030422
0.256606
0.222025
0.140137
0.010195
0.266104
0.230683
0.150958
0.021787
0.267454
0.220898
0.144652
0.000000
0.297798
0.265713
0.191481
0.073545
0.299090
0.256763
0.185770
0.053594
0.194662
0.209274
0.101288
0.027947
0.201575
0.204046
0.100773
0.011751
0.216280
0.219332
0.118786
0.033651
0.221847
0.213126
0.116968
0.016373
0.234856
0.226276
0.132658
0.034966
0.239106
0.219039
0.129507
0.016468
0.250507
0.230145
0.142978
0.031884
0.253461
0.221818
0.138455
0.012021
0.283366
0.265147
0.183986
0.082707
0.286136
0.257539
0.179920
0.064527
0.219672
0.241055
0.122989
0.069931
0.226885
0.236998
0.124084
0.056373
0.240679
0.251104
0.141173
0.076630
0.246613
0.246124
0.140990
0.062032
0.258842
0.258285
0.155929
0.079277
0.263529
0.252337
0.154448
0.063519
0.274276
0.262638
0.167335
0.077872
0.277738
0.255672
0.164528
0.060827
0.305080
0.294908
0.206171
0.124813
0.308320
0.288552
0.203688
0.109226

0.222225
0.233444
0.233444
0.113003
0.228843
0.227733
0.227733
0.092351
0.210462
0.211149
0.211149
0.071881
0.216290
0.204002
0.204002
0.048684
0.195402
0.185360
0.185360
0.025949
0.200466
0.176702
0.176702
0.000000
0.198619
0.195817
0.195817
0.048363
0.204303
0.188073
0.188073
0.024054
0.237001
0.235292
0.235292
0.101209
0.242297
0.228286
0.228286
0.079062
0.195046
0.224745
0.224745
0.123188
0.203666
0.220802
0.220802
0.104700
0.183922
0.203820
0.203820
0.084724
0.191812
0.198538
0.198538
0.063871
0.169363
0.179423
0.179423
0.041666
0.176564
0.172743
0.172743
0.018263
0.170451
0.186719
0.186719
0.058753
0.178208
0.180796
0.180796
0.036686
0.210861
0.226542
0.226542
0.110108
0.218052
0.221190
0.221190
0.089986
0.211619
0.252360
0.252360
0.169942
0.221113
0.249880
0.249880
0.154046
0.199077
0.232182
0.232182
0.134759
0.208061
0.228587
0.228587
0.116800
0.183188
0.208743
0.208743
0.095384
0.191712
0.203991
0.203991
0.075203
0.180819
0.213156
0.213156
0.109114
0.190003
0.209162
0.209162
0.090157
0.220522
0.250827
0.250827
0.156201
0.229010
0.247232
0.247232
0.138914

0.070797
0.142986
0.049849
0.036854
0.088398
0.160702
0.062708
0.056377
0.057721
0.123027
0.021997
0.000000
0.075209
0.141277
0.034978
0.020598
0.064617
0.139149
0.029557
0.024575
0.080929
0.156095
0.040787
0.043122
0.084789
0.162297
0.061267
0.062092
0.100907
0.178578
0.072279
0.079589
0.101555
0.182514
0.089376
0.095984
0.117582
0.198235
0.100240
0.112546
0.081056
0.162816
0.059711
0.065628
0.097179
0.178963
0.070480
0.082756
0.065786
0.142692
0.030849
0.030107
0.081821
0.159330
0.041654
0.048161
0.068257
0.154967
0.033646
0.049858
0.083245
0.170438
0.042790
0.066013
0.085833
0.175461
0.063618
0.084523
0.100842
0.190450
0.072774
0.099857
0.100016
0.193114
0.090008
0.115716
0.115140
0.207717
0.099234
0.130329
0.105736
0.189968
0.096831
0.108562
0.121575
0.205330
0.107335
0.124505
0.089796
0.170481
0.069451
0.075682
0.105657
0.186349
0.080050
0.092499
0.089693
0.180136
0.070544
0.092639
0.104721
0.195019
0.079712
0.107783
0.103043
0.197098
0.096068
0.122997
0.118211
0.211620
0.105320
0.137444
0.113120
0.211367
0.118229
0.150140
0.128523
0.225621
0.127626
0.163986

0.182407
0.251620
0.060498
0.098816
0.186344
0.247634
0.056977
0.086299
0.188096
0.244728
0.054099
0.078071
0.190004
0.239022
0.048018
0.063136
0.190545
0.235074
0.043594
0.053426
0.190445
0.227611
0.034912
0.035966
0.189784
0.222595
0.028910
0.024706
0.187681
0.213326
0.017565
0.004596
0.225252
0.255079
0.077036
0.073008
0.223290
0.246544
0.066610
0.054528
0.154109
0.246730
0.034511
0.102935
0.159725
0.244329
0.032601
0.092409
0.162444
0.242367
0.030655
0.085382
0.165902
0.238225
0.026073
0.072463
0.167337
0.235214
0.022517
0.063975
0.168669
0.229307
0.015232
0.048572
0.168834
0.225226
0.010039
0.038562
0.168057
0.217517
0.000000
0.020566
0.206090
0.257547
0.059741
0.085768
0.205343
0.250444
0.050514
0.069230
0.138731
0.248294
0.033342
0.119644
0.147118
0.248052
0.034758
0.112005
0.151479
0.247388
0.034809
0.106736
0.157642
0.245419
0.033564
0.096796
0.160686
0.243718
0.032019
0.090126
0.164679
0.240013
0.028107
0.077813
0.166433
0.237266
0.024955
0.069696
0.168294
0.231803
0.018350
0.054923
0.203959
0.268653
0.073454
0.114380
0.205630
0.263612
0.067380
0.100804

0.228981
0.217559
0.114396
0.011714
0.245685
0.230718
0.132544
0.027984
0.245340
0.221269
0.125972
0.008267
0.261760
0.235143
0.144454
0.026249
0.258671
0.221702
0.133671
0.000000
0.274919
0.236388
0.152614
0.019819
0.292577
0.259010
0.177690
0.055404
0.307538
0.272518
0.195132
0.073628
0.323775
0.293301
0.218182
0.106313
0.337550
0.305726
0.234240
0.123071
0.204114
0.208286
0.094372
0.009295
0.221332
0.220677
0.112272
0.023584
0.224406
0.216118
0.110890
0.011827
0.241199
0.229113
0.128973
0.027688
0.241537
0.220649
0.123443
0.009579
0.258018
0.234335
0.141831
0.027122
0.276749
0.257982
0.168188
0.064127
0.291929
0.270576
0.185124
0.080265
0.309152
0.292301
0.209353
0.114256
0.323134
0.303890
0.224954
0.129102
0.229342
0.242242
0.116456
0.054736
0.245946
0.254065
0.134362
0.068684
0.249363
0.250368
0.134173
0.058763
0.265498
0.262680
0.152104
0.074039
0.266406
0.255444
0.148108
0.058361
0.282181
0.268330
0.166185
0.075070
0.299569
0.289917
0.190765
0.108869
0.314101
0.301777
0.207420
0.124243
0.330093
0.321612
0.230020
0.155292
0.343480
0.332526
0.245364
0.169439

0.136601
0.211882
0.030697
0.079520
0.149372
0.225027
0.041935
0.094695
0.143928
0.207711
0.028750
0.064479
0.157095
0.221491
0.041260
0.081059
0.148485
0.201151
0.023407
0.046276
0.162119
0.215639
0.037252
0.064349
0.150304
0.192170
0.014648
0.024819
0.164477
0.207445
0.029900
0.044481
0.149401
0.180727
0.002433
0.000000
0.164190
0.196868
0.019172
0.021353
0.146658
0.228143
0.029128
0.094285
0.157949
0.239923
0.038793
0.107782
0.153706
0.224545
0.028004
0.080937
0.165481
0.236981
0.039025
0.095840
0.158036
0.218647
0.023475
0.064513
0.170358
0.231805
0.035907
0.080898
0.159679
0.210422
0.015525
0.044931
0.172614
0.224373
0.029432
0.062884
0.158651
0.199831
0.004121
0.022089
0.172266
0.214649
0.019574
0.041706
0.175042
0.254867
0.058772
0.126990
0.186055
0.266068
0.068730
0.140028
0.180215
0.250785
0.055785
0.113566
0.191723
0.262618
0.067062
0.127939
0.182820
0.244550
0.049551
0.097246
0.194885
0.257078
0.062206
0.113029
0.182880
0.236132
0.040048
0.077950
0.195565
0.249422
0.054144
0.095225
0.180401
0.225491
0.027230
0.055577
0.193774
0.239614
0.042842
0.074435

0.169132
0.240154
0.028372
0.084637
0.181058
0.253133
0.040406
0.101130
0.187383
0.242401
0.046794
0.080921
0.199305
0.255801
0.059344
0.098442
0.202908
0.242200
0.061532
0.073696
0.214889
0.256100
0.074666
0.092348
0.215791
0.239543
0.072672
0.062908
0.227897
0.254023
0.086464
0.082803
0.226103
0.234405
0.080276
0.048486
0.238399
0.249550
0.094803
0.069744
0.142328
0.233896
0.000000
0.084386
0.154348
0.246451
0.011479
0.099731
0.164131
0.239210
0.023179
0.085021
0.176068
0.252095
0.035095
0.101273
0.183079
0.242068
0.042538
0.082178
0.194996
0.255356
0.054952
0.099432
0.199277
0.242480
0.058188
0.075834
0.211237
0.256247
0.071169
0.094193
0.212814
0.240439
0.070221
0.065943
0.224882
0.254766
0.083841
0.085516
0.134196
0.237767
0.004294
0.102031
0.147628
0.250743
0.017345
0.117587
0.157915
0.245088
0.029400
0.105183
0.171090
0.258248
0.042653
0.121440
0.178766
0.250008
0.050748
0.105000
0.191754
0.263426
0.064276
0.122054
0.196864
0.252546
0.068463
0.101475
0.209735
0.266300
0.082339
0.119426
0.212309
0.252710
0.082647
0.094578
0.225133
0.266879
0.096947
0.113532

0.071560
0.155903
0.076297
0.082605
0.078050
0.153705
0.069391
0.068663
0.061750
0.139462
0.052191
0.051813
0.066949
0.136039
0.043608
0.036107
0.048388
0.120107
0.024433
0.017568
0.052329
0.115440
0.014109
0.000000
0.053855
0.133941
0.029056
0.038078
0.057658
0.129776
0.018689
0.021397
0.080065
0.160265
0.045281
0.064818
0.082667
0.155889
0.034105
0.048481
0.082833
0.173761
0.084461
0.106275
0.088895
0.171932
0.077352
0.093184
0.070489
0.156751
0.058853
0.076121
0.075393
0.153824
0.050137
0.061385
0.054661
0.136939
0.029616
0.042647
0.058434
0.132895
0.019225
0.026171
0.055663
0.147120
0.029464
0.058735
0.059321
0.143545
0.018931
0.043012
0.079747
0.171344
0.042360
0.082091
0.082119
0.167461
0.030849
0.066540
0.105704
0.196923
0.117317
0.141995
0.112397
0.196013
0.111699
0.130627
0.092366
0.180121
0.092850
0.113823
0.098115
0.178280
0.085849
0.101008
0.075730
0.160688
0.065014
0.082589
0.080567
0.157904
0.056573
0.068242
0.074248
0.168420
0.063535
0.096345
0.079104
0.166139
0.055052
0.082737
0.098557
0.191966
0.076982
0.118650
0.102155
0.189348
0.067564
0.105167

0.171661
0.231048
0.042464
0.074110
0.172266
0.224900
0.035519
0.059408
0.175942
0.223679
0.035358
0.053791
0.176135
0.216782
0.028443
0.038289
0.177219
0.213691
0.024373
0.029819
0.177014
0.206011
0.017464
0.013434
0.197937
0.237420
0.045826
0.061072
0.198460
0.230723
0.040704
0.046642
0.232074
0.268036
0.091607
0.104995
0.232475
0.261789
0.086759
0.091576
0.146365
0.227572
0.018872
0.078887
0.148347
0.222806
0.013298
0.065911
0.153004
0.222587
0.014055
0.061520
0.154627
0.217149
0.008674
0.047917
0.156473
0.214959
0.005200
0.040527
0.157762
0.208828
0.000000
0.026227
0.177164
0.237685
0.025279
0.069363
0.179153
0.232470
0.021886
0.056948
0.213007
0.268374
0.072789
0.112783
0.214755
0.263493
0.069528
0.101223
0.138629
0.234051
0.025343
0.100749
0.143130
0.231319
0.022886
0.090492
0.146032
0.230373
0.020086
0.084502
0.150143
0.226992
0.017858
0.073707
0.150189
0.224079
0.010786
0.064743
0.153953
0.220040
0.008795
0.053357
0.169617
0.245127
0.027363
0.089992
0.173990
0.241902
0.027106
0.080371
0.206221
0.275379
0.074974
0.132028
0.210166
0.272335
0.074605
0.123045

0.081324
0.147501
0.056822
0.037439
0.097890
0.164469
0.070171
0.056849
0.065441
0.125524
0.028985
0.000000
0.082161
0.143153
0.042761
0.020622
0.084985
0.149916
0.059236
0.039027
0.101401
0.166785
0.072486
0.058371
0.101426
0.171431
0.086256
0.074475
0.117648
0.187652
0.099077
0.092678
0.140129
0.205877
0.125871
0.116285
0.155084
0.220826
0.137628
0.133019
0.053967
0.143370
0.045308
0.051851
0.070959
0.159918
0.057943
0.069681
0.038830
0.122970
0.018572
0.016949
0.055888
0.140067
0.031502
0.035812
0.057944
0.145994
0.047932
0.053578
0.074774
0.162435
0.060460
0.071337
0.073829
0.166150
0.074040
0.086761
0.090542
0.182045
0.086259
0.103540
0.114376
0.200805
0.114286
0.127396
0.129786
0.215455
0.125483
0.142815
0.078211
0.171173
0.080494
0.094711
0.094849
0.186915
0.092617
0.111248
0.062214
0.151297
0.054758
0.062189
0.079005
0.167592
0.067200
0.079691
0.077305
0.170755
0.080076
0.094542
0.094007
0.186530
0.092232
0.111095
0.089269
0.187491
0.102315
0.123695
0.105990
0.202851
0.114276
0.139416
0.128761
0.220581
0.140575
0.161594
0.144184
0.234741
0.151542
0.176044

0.229709
0.237472
0.162326
0.095070
0.235287
0.232545
0.161052
0.081529
0.226549
0.222077
0.140693
0.061228
0.230928
0.215843
0.138416
0.046151
0.230737
0.220257
0.132118
0.049800
0.234451
0.213472
0.129618
0.034351
0.232100
0.215763
0.120308
0.034878
0.235194
0.208407
0.117593
0.018989
0.230673
0.208591
0.105212
0.016397
0.233188
0.200641
0.102289
0.000000
0.246439
0.250563
0.167541
0.103001
0.251472
0.245467
0.166481
0.089805
0.241219
0.234178
0.144264
0.068508
0.245182
0.227860
0.142318
0.053858
0.244443
0.233022
0.135645
0.058973
0.247914
0.226312
0.133669
0.044154
0.244938
0.229267
0.123807
0.045982
0.247958
0.222143
0.121811
0.030929
0.242728
0.222909
0.108695
0.029478
0.245336
0.215349
0.106689
0.014126
0.271863
0.280397
0.188673
0.138813
0.277052
0.276099
0.188835
0.127439
0.265584
0.264509
0.165172
0.105934
0.269869
0.259140
0.164631
0.093298
0.266909
0.262442
0.154858
0.095695
0.270820
0.256758
0.154405
0.082970
0.265642
0.257939
0.141426
0.082188
0.269223
0.251925
0.141076
0.069322
0.261797
0.250992
0.124807
0.065352
0.265087
0.244630
0.124581
0.052290

0.088231
0.183153
0.096775
0.116607
0.095028
0.181485
0.090432
0.103548
0.072326
0.164994
0.071016
0.086530
0.078383
0.162405
0.063341
0.071893
0.081344
0.160307
0.058060
0.062464
0.085168
0.155899
0.048119
0.045645
0.086801
0.152705
0.041462
0.034875
0.088428
0.146456
0.029192
0.015765
0.105771
0.152195
0.049948
0.020606
0.106141
0.144612
0.036832
0.000000
0.053959
0.173489
0.077509
0.122521
0.062635
0.173454
0.072279
0.111006
0.037935
0.156165
0.051740
0.093909
0.045887
0.155261
0.045184
0.080894
0.049937
0.154161
0.040548
0.072447
0.055502
0.151399
0.031638
0.057280
0.058136
0.149182
0.025573
0.047514
0.061362
0.144551
0.014252
0.030097
0.081517
0.152371
0.038758
0.037862
0.083461
0.146449
0.026688
0.019105
0.032148
0.170216
0.083838
0.141905
0.043808
0.172412
0.081359
0.132812
0.017428
0.154485
0.060507
0.116065
0.028459
0.155908
0.056844
0.105623
0.034329
0.156202
0.053955
0.098749
0.042888
0.155762
0.047982
0.086258
0.047297
0.154941
0.043698
0.078132
0.053453
0.152644
0.035380
0.063512
0.073459
0.160755
0.058508
0.071102
0.078188
0.157136
0.049356
0.055179

0.236887
0.245825
0.142689
0.074793
0.242865
0.240516
0.142364
0.059685
0.245899
0.236775
0.141498
0.049831
0.250044
0.229603
0.138930
0.032059
0.251987
0.224729
0.136712
0.020568
0.254326
0.215641
0.131877
0.000000
0.277636
0.245665
0.164354
0.044740
0.279276
0.236346
0.158965
0.024037
0.300554
0.263614
0.188499
0.064475
0.301505
0.253995
0.182510
0.043477
0.213568
0.238177
0.124300
0.072136
0.221383
0.234167
0.125794
0.058348
0.225485
0.231188
0.125988
0.049268
0.231356
0.225255
0.125140
0.032757
0.234304
0.221110
0.123926
0.022005
0.238270
0.213208
0.120720
0.002640
0.260498
0.240665
0.150886
0.042841
0.263576
0.232326
0.146886
0.023031
0.283806
0.257139
0.174200
0.059122
0.286014
0.248295
0.169365
0.038707
0.236916
0.267724
0.141987
0.109526
0.245019
0.264772
0.145112
0.098227
0.249327
0.262470
0.146315
0.090698
0.255599
0.257741
0.147199
0.076872
0.258823
0.254362
0.147057
0.067795
0.263305
0.247817
0.145697
0.051332
0.284031
0.273167
0.174038
0.088574
0.287655
0.266204
0.171866
0.071673
0.306535
0.289140
0.197564
0.105159
0.309322
0.281703
0.194553
0.087683

0.172404
0.194788
0.194788
0.069419
0.180992
0.189249
0.189249
0.047498
0.160496
0.170412
0.170412
0.024624
0.168068
0.163273
0.163273
0.000000
0.193890
0.197544
0.197544
0.054449
0.200422
0.190265
0.190265
0.030629
0.233831
0.237835
0.237835
0.107370
0.239888
0.231227
0.231227
0.085617
0.270499
0.274766
0.274766
0.155815
0.276114
0.268768
0.268768
0.135949
0.181995
0.208516
0.208516
0.092691
0.190817
0.203644
0.203644
0.072146
0.167734
0.183604
0.183604
0.049177
0.175737
0.177304
0.177304
0.026134
0.199423
0.207797
0.207797
0.073882
0.206293
0.201191
0.201191
0.051348
0.238804
0.247063
0.247063
0.124886
0.245165
0.241062
0.241062
0.104296
0.274966
0.283068
0.283068
0.171598
0.280856
0.277617
0.277617
0.152783
0.197811
0.236483
0.236483
0.141759
0.207572
0.233234
0.233234
0.124043
0.182031
0.212404
0.212404
0.101775
0.191213
0.207969
0.207969
0.081880
0.213483
0.235792
0.235792
0.124745
0.221484
0.230979
0.230979
0.105234
0.251658
0.272673
0.272673
0.171420
0.259055
0.268313
0.268313
0.153595
0.286717
0.306498
0.306498
0.214173
0.293556
0.302549
0.302549
0.197888

0.037017
0.132581
0.024214
0.023942
0.056245
0.151177
0.037308
0.044074
0.038049
0.120300
0.020189
0.000000
0.057980
0.140001
0.034807
0.022183
0.084599
0.160564
0.068081
0.050090
0.102891
0.178645
0.081466
0.070429
0.127413
0.197573
0.112136
0.096122
0.144200
0.214167
0.124391
0.114771
0.166790
0.231590
0.152662
0.138424
0.182196
0.246819
0.163883
0.155523
0.043816
0.150142
0.030491
0.051447
0.061478
0.167084
0.041358
0.068984
0.043775
0.138524
0.027989
0.030622
0.062280
0.156586
0.040439
0.050132
0.089658
0.177171
0.075057
0.078081
0.106645
0.193749
0.086451
0.095967
0.131875
0.212704
0.118370
0.121708
0.147467
0.227921
0.128797
0.138104
0.170718
0.245375
0.158228
0.161811
0.185031
0.259342
0.167770
0.176843
0.067386
0.176561
0.068194
0.095695
0.084855
0.192756
0.078887
0.112015
0.064534
0.164413
0.064302
0.075988
0.082904
0.181702
0.076508
0.094136
0.108629
0.200881
0.108398
0.119725
0.125502
0.216756
0.119577
0.136366
0.149211
0.234419
0.148982
0.159934
0.164708
0.248996
0.159221
0.175194
0.186560
0.265263
0.186334
0.196901
0.200794
0.278648
0.195712
0.210893

0.249696
0.236994
0.141361
0.049828
0.266177
0.250043
0.159087
0.066291
0.240683
0.215516
0.111893
0.006912
0.257032
0.228835
0.130281
0.024329
0.254746
0.216411
0.120777
0.000000
0.270763
0.230323
0.139368
0.018785
0.289397
0.252831
0.164571
0.051912
0.304073
0.265591
0.181648
0.069173
0.321309
0.286470
0.205015
0.099938
0.334755
0.298173
0.220701
0.115798
0.226304
0.230220
0.124498
0.051325
0.243504
0.242807
0.142256
0.066418
0.218744
0.210138
0.095584
0.009714
0.235688
0.222858
0.113907
0.025598
0.236689
0.214820
0.109098
0.007990
0.253141
0.228007
0.127456
0.025085
0.272871
0.251398
0.153827
0.059242
0.287934
0.263476
0.170677
0.074930
0.306181
0.285177
0.195129
0.106659
0.319973
0.296239
0.210595
0.121056
0.210854
0.238839
0.121964
0.077561
0.229559
0.252002
0.140843
0.092818
0.205671
0.221439
0.094800
0.039095
0.224032
0.234660
0.114215
0.055085
0.226787
0.228537
0.111662
0.040335
0.244448
0.242038
0.130879
0.057291
0.264023
0.264303
0.156439
0.089361
0.280192
0.276668
0.174079
0.104923
0.298282
0.297315
0.197767
0.134705
0.313085
0.308638
0.213959
0.148986

0.085344
0.159372
0.080495
0.070606
0.103247
0.176382
0.093523
0.088806
0.073230
0.140578
0.055233
0.037097
0.091002
0.158062
0.068408
0.056263
0.057652
0.118809
0.026465
0.000000
0.075412
0.136881
0.039875
0.020256
0.062105
0.132659
0.032743
0.022696
0.078833
0.149564
0.044602
0.041092
0.088235
0.159162
0.051053
0.051463
0.102875
0.174283
0.060714
0.067666
0.055454
0.153977
0.066934
0.082881
0.074092
0.170809
0.079371
0.099722
0.044381
0.136770
0.042589
0.051567
0.062761
0.153953
0.055016
0.069200
0.029644
0.116553
0.014649
0.016751
0.047892
0.134201
0.027151
0.035290
0.032518
0.128275
0.018014
0.035818
0.049725
0.144806
0.028977
0.052594
0.059378
0.154174
0.034871
0.062006
0.074377
0.168898
0.043571
0.076631
0.080565
0.179647
0.100770
0.121407
0.098644
0.195640
0.112781
0.137124
0.068158
0.162593
0.077248
0.092137
0.086115
0.178973
0.089319
0.108614
0.052271
0.142712
0.050369
0.059632
0.070227
0.159586
0.062580
0.076974
0.052154
0.151640
0.051724
0.075848
0.069293
0.167581
0.062620
0.091643
0.078934
0.176625
0.068516
0.100514
0.093959
0.190859
0.077291
0.114317

0.174838
0.203655
0.203655
0.088454
0.196308
0.220285
0.220285
0.105701
0.166932
0.181773
0.181773
0.046636
0.188278
0.198791
0.198791
0.064885
0.155185
0.156146
0.156146
0.000000
0.176575
0.173690
0.173690
0.019406
0.188706
0.183504
0.183504
0.030108
0.207796
0.198709
0.198709
0.046415
0.228674
0.224094
0.224094
0.083752
0.246151
0.237987
0.237987
0.098615
0.188801
0.218667
0.218667
0.110884
0.208803
0.233451
0.233451
0.125274
0.178393
0.196128
0.196128
0.070108
0.198354
0.211251
0.211251
0.085305
0.164287
0.169997
0.169997
0.024741
0.184364
0.185581
0.185581
0.040874
0.195729
0.194245
0.194245
0.049653
0.213576
0.207573
0.207573
0.062816
0.234827
0.233703
0.233703
0.101409
0.251176
0.245884
0.245884
0.113397
0.207957
0.246623
0.246623
0.157386
0.227317
0.260722
0.260722
0.170750
0.195922
0.224772
0.224772
0.119841
0.215373
0.239250
0.239250
0.133970
0.180370
0.199578
0.199578
0.078106
0.200062
0.214551
0.214551
0.093118
0.211227
0.222895
0.222895
0.101302
0.228790
0.235766
0.235766
0.113602
0.248799
0.259815
0.259815
0.148643
0.264903
0.271589
0.271589
0.159853

0.170658
0.230829
0.027688
0.063926
0.183279
0.245452
0.039627
0.082151
0.173403
0.221766
0.021881
0.042472
0.186771
0.237325
0.035554
0.062552
0.188257
0.219889
0.035018
0.032214
0.201809
0.236056
0.049534
0.053632
0.223889
0.253613
0.082612
0.080242
0.236569
0.268661
0.096218
0.100169
0.256945
0.284880
0.126690
0.124718
0.268807
0.298886
0.139442
0.143258
0.145673
0.227053
0.002829
0.068111
0.158154
0.241081
0.013754
0.084864
0.150806
0.220413
0.000000
0.049997
0.164022
0.235321
0.012690
0.068545
0.169246
0.221824
0.017995
0.044446
0.182577
0.237243
0.031465
0.064207
0.206187
0.255325
0.066812
0.091518
0.218675
0.269690
0.079469
0.109923
0.240459
0.286389
0.112023
0.135111
0.252157
0.299771
0.123913
0.152252
0.174520
0.255527
0.035850
0.105275
0.186844
0.268906
0.047227
0.121427
0.177783
0.248592
0.031017
0.087363
0.190820
0.262801
0.044070
0.105195
0.195962
0.250827
0.049421
0.083697
0.209035
0.265455
0.063080
0.102563
0.230840
0.282125
0.095667
0.127703
0.243084
0.295754
0.108492
0.145277
0.263209
0.311154
0.138516
0.168470
0.274675
0.323851
0.150555
0.184838

0.035637
0.138642
0.045575
0.079988
0.053536
0.154434
0.056529
0.094312
0.045932
0.136248
0.035319
0.060675
0.062490
0.151594
0.045417
0.075035
0.052840
0.131213
0.021757
0.038445
0.068158
0.146199
0.031051
0.052910
0.073232
0.133657
0.032728
0.029999
0.088273
0.148888
0.042711
0.045511
0.090460
0.133504
0.040438
0.018525
0.105311
0.149064
0.051158
0.035157
0.000000
0.127137
0.024140
0.082286
0.018801
0.143054
0.034702
0.095735
0.013144
0.127153
0.015455
0.064992
0.030388
0.142464
0.024958
0.078309
0.022662
0.124434
0.003299
0.044757
0.038453
0.139226
0.011792
0.058007
0.047230
0.130192
0.018494
0.040085
0.062631
0.145128
0.027622
0.054299
0.068436
0.133291
0.030294
0.032394
0.083538
0.148453
0.040101
0.047637
0.017907
0.147388
0.054321
0.114622
0.036911
0.163027
0.065121
0.127619
0.032726
0.149025
0.048096
0.099777
0.050170
0.164031
0.057854
0.112613
0.044011
0.148031
0.038575
0.082170
0.060003
0.162491
0.047343
0.094907
0.068659
0.154548
0.053619
0.078525
0.084171
0.169069
0.062892
0.092099
0.090050
0.158525
0.065458
0.072055
0.105176
0.173187
0.075282
0.086532

0.251649
0.250689
0.148100
0.053595
0.257114
0.243666
0.145969
0.034545
0.259798
0.238818
0.143943
0.022188
0.263287
0.229659
0.139310
0.000000
0.286958
0.262178
0.174439
0.053169
0.289750
0.253018
0.169463
0.031526
0.321256
0.299128
0.217988
0.107425
0.323890
0.290774
0.213503
0.087629
0.352824
0.333081
0.258043
0.157248
0.355307
0.325462
0.254002
0.139141
0.266954
0.267452
0.154330
0.070999
0.272345
0.260858
0.153131
0.053360
0.275008
0.256294
0.151679
0.041882
0.278499
0.247656
0.148031
0.021219
0.299859
0.276443
0.179696
0.068234
0.302597
0.267667
0.175534
0.047835
0.333043
0.312121
0.222650
0.121039
0.335623
0.304113
0.218909
0.102376
0.363592
0.344914
0.262172
0.169546
0.366022
0.337608
0.258812
0.152473
0.289347
0.299050
0.174314
0.114195
0.295327
0.293833
0.175046
0.099477
0.298376
0.290142
0.174787
0.089818
0.302564
0.283039
0.173185
0.072303
0.322289
0.309151
0.202472
0.114924
0.325719
0.301870
0.200279
0.097561
0.353614
0.342120
0.243463
0.163815
0.356829
0.335483
0.241532
0.147939
0.382458
0.372428
0.281191
0.208736
0.385471
0.366379
0.279494
0.194220

0.284280
0.251560
0.154167
0.023623
0.286419
0.241317
0.149000
0.000000
0.294171
0.265309
0.159209
0.041155
0.296539
0.255682
0.155112
0.019090
0.327479
0.302006
0.204614
0.097491
0.329754
0.293278
0.200961
0.077388
0.358102
0.335654
0.246255
0.149056
0.360283
0.327741
0.243001
0.130741
0.386257
0.366509
0.284448
0.196258
0.388345
0.359336
0.281551
0.179571
0.264807
0.248675
0.140279
0.032539
0.268682
0.240091
0.137344
0.011397
0.273342
0.259708
0.141620
0.044465
0.277339
0.251560
0.139626
0.024602
0.308097
0.296561
0.188164
0.100090
0.311866
0.289181
0.186434
0.081989
0.340069
0.330377
0.230877
0.151041
0.343622
0.323694
0.229380
0.134545
0.369482
0.361409
0.270075
0.197713
0.372828
0.355358
0.268784
0.182679
0.253433
0.261876
0.141232
0.068748
0.259726
0.255927
0.141570
0.051635
0.261794
0.272153
0.140721
0.078270
0.268162
0.266563
0.141982
0.062334
0.297290
0.307788
0.187144
0.130873
0.303240
0.302755
0.188398
0.116367
0.329959
0.340503
0.229761
0.179072
0.335517
0.335972
0.231002
0.165867
0.360026
0.370540
0.268887
0.223238
0.365217
0.366463
0.270108
0.211217

0.206911
0.190146
0.114835
0.017351
0.210242
0.182419
0.111123
0.000000
0.222497
0.204617
0.122406
0.029295
0.225588
0.196925
0.119097
0.012436
0.245402
0.232788
0.143045
0.064170
0.248794
0.225916
0.140958
0.049039
0.265550
0.258343
0.160378
0.095562
0.269286
0.252272
0.159529
0.082099
0.283045
0.281412
0.174471
0.123618
0.287170
0.276125
0.174886
0.111772
0.225941
0.207800
0.123768
0.031709
0.228978
0.200114
0.120561
0.014963
0.237940
0.218826
0.127094
0.039093
0.240788
0.211145
0.124304
0.022752
0.258356
0.245267
0.145131
0.072091
0.261606
0.238457
0.143660
0.057525
0.276075
0.269140
0.159830
0.101606
0.279767
0.263181
0.159699
0.088757
0.291182
0.290566
0.171241
0.127773
0.295361
0.285442
0.172479
0.116593
0.253499
0.242148
0.148384
0.074259
0.256945
0.235495
0.146730
0.059673
0.263035
0.251471
0.149116
0.079791
0.266392
0.244876
0.147978
0.065659
0.280093
0.274722
0.162990
0.108457
0.283903
0.268973
0.163197
0.096029
0.294560
0.295553
0.173584
0.133806
0.298867
0.290636
0.175170
0.123037
0.306504
0.314068
0.180924
0.155952
0.311356
0.309973
0.183927
0.146804

0.278700
0.265217
0.169231
0.059427
0.294705
0.278737
0.187502
0.077715
0.269842
0.242597
0.138488
0.010001
0.285892
0.256551
0.157596
0.029572
0.283890
0.243091
0.147105
0.000000
0.299857
0.258048
0.166814
0.021817
0.318103
0.282037
0.193540
0.060512
0.332764
0.295694
0.211578
0.080370
0.349521
0.317682
0.236090
0.115810
0.362986
0.330153
0.252600
0.133884
0.255586
0.258097
0.151852
0.062269
0.271979
0.270707
0.169722
0.078274
0.247903
0.236972
0.121735
0.014696
0.264220
0.249832
0.140300
0.031701
0.265847
0.241916
0.135671
0.011628
0.281936
0.255637
0.154652
0.030665
0.301271
0.280647
0.182691
0.070706
0.316058
0.293186
0.200080
0.088037
0.333824
0.316122
0.225810
0.124729
0.347416
0.327582
0.241740
0.140508
0.279614
0.291565
0.173964
0.109027
0.295399
0.303462
0.191683
0.124284
0.271157
0.271761
0.144207
0.064861
0.286949
0.283921
0.162682
0.081083
0.289271
0.277533
0.159932
0.064270
0.304760
0.290401
0.178622
0.082209
0.322735
0.313197
0.204771
0.118690
0.336975
0.324962
0.221904
0.135034
0.353495
0.345870
0.245905
0.168469
0.366587
0.356628
0.261612
0.183361

0.170516
0.242136
0.064800
0.107573
0.185163
0.256102
0.079208
0.124396
0.161432
0.227361
0.036432
0.075857
0.175809
0.241558
0.051118
0.093467
0.165050
0.219890
0.029549
0.056539
0.178529
0.233954
0.043454
0.074319
0.165813
0.209951
0.019162
0.033927
0.178480
0.223965
0.032370
0.051978
0.179828
0.207743
0.030498
0.023994
0.192505
0.222261
0.044255
0.043161
0.143557
0.235663
0.041176
0.108677
0.158756
0.249499
0.055514
0.124735
0.135424
0.222189
0.012794
0.078106
0.150245
0.236158
0.027317
0.094840
0.141366
0.216936
0.008214
0.061472
0.155116
0.230628
0.021751
0.078191
0.144301
0.209184
0.000000
0.041559
0.157067
0.222682
0.012632
0.058359
0.161871
0.210112
0.015778
0.035877
0.174547
0.224012
0.028861
0.053666
0.170652
0.261286
0.064549
0.137486
0.185321
0.274416
0.079013
0.153005
0.161528
0.247928
0.036081
0.107983
0.175930
0.261227
0.050831
0.124192
0.168328
0.243996
0.034254
0.094269
0.181689
0.257003
0.047994
0.110397
0.172284
0.237720
0.028937
0.077456
0.184688
0.250513
0.041751
0.093595
0.189520
0.239318
0.045384
0.073548
0.201789
0.252445
0.058516
0.090531

0.084262
0.164709
0.078934
0.074476
0.102051
0.182299
0.092075
0.093742
0.070465
0.145157
0.052154
0.039217
0.088274
0.163336
0.065510
0.059594
0.053195
0.122482
0.021643
0.000000
0.071133
0.141369
0.035301
0.021628
0.081241
0.152106
0.042771
0.033836
0.097022
0.169041
0.054036
0.052939
0.122653
0.188767
0.087928
0.080461
0.137245
0.204387
0.098318
0.098042
0.091349
0.181926
0.087023
0.101188
0.107903
0.198106
0.098282
0.118198
0.075382
0.162155
0.059256
0.067225
0.091980
0.178883
0.070648
0.085199
0.055980
0.139384
0.027815
0.029508
0.072724
0.156769
0.039414
0.048570
0.082118
0.166627
0.045657
0.059276
0.096714
0.182129
0.054886
0.075934
0.123423
0.202091
0.090522
0.103807
0.136924
0.216393
0.099038
0.119139
0.111468
0.205664
0.119889
0.140633
0.127888
0.221169
0.130945
0.156513
0.094692
0.186384
0.093381
0.109129
0.111263
0.202449
0.104624
0.125918
0.074614
0.164273
0.063434
0.074164
0.091436
0.181003
0.074935
0.091977
0.100901
0.190500
0.081165
0.101991
0.115657
0.205454
0.090449
0.117588
0.140699
0.224041
0.123202
0.143094
0.154350
0.237840
0.131772
0.157452

0.060947
0.133881
0.035518
0.019290
0.064622
0.128345
0.025225
0.000000
0.067303
0.148631
0.042547
0.042381
0.070922
0.143690
0.032475
0.024259
0.086545
0.170545
0.072182
0.078072
0.090922
0.166658
0.063538
0.061787
0.127050
0.205074
0.113870
0.119998
0.131100
0.201510
0.105896
0.105000
0.164465
0.236938
0.152372
0.158669
0.168212
0.233672
0.145016
0.144855
0.030426
0.129419
0.021312
0.034303
0.035975
0.125769
0.012434
0.017132
0.035489
0.142187
0.025594
0.053770
0.040854
0.138995
0.016764
0.037560
0.054872
0.163106
0.054999
0.087557
0.060956
0.160893
0.047557
0.073071
0.097712
0.198109
0.097870
0.128611
0.103336
0.196087
0.091001
0.115267
0.137290
0.230418
0.137475
0.166487
0.142488
0.228572
0.131134
0.154196
0.057047
0.157909
0.059546
0.078926
0.063380
0.155457
0.052337
0.063949
0.059160
0.167875
0.061791
0.095457
0.065431
0.165902
0.054688
0.081387
0.074148
0.185167
0.086804
0.124973
0.081186
0.184151
0.081031
0.112505
0.115356
0.218352
0.127148
0.163050
0.121869
0.217439
0.121824
0.151569
0.153439
0.248992
0.164426
0.198186
0.159465
0.248173
0.159518
0.187615

0.251040
0.259277
0.154104
0.099846
0.256600
0.254422
0.154599
0.087006
0.259414
0.251012
0.154266
0.078621
0.263247
0.244492
0.152667
0.063488
0.265037
0.240074
0.151081
0.053703
0.267181
0.231858
0.147392
0.036195
0.267968
0.226412
0.144550
0.024956
0.268451
0.216460
0.138762
0.004973
0.278299
0.226971
0.151669
0.021015
0.277682
0.216151
0.144679
0.000000
0.226816
0.249370
0.132622
0.093375
0.234082
0.245678
0.134868
0.081795
0.237885
0.242948
0.135555
0.074150
0.243310
0.237534
0.135604
0.060227
0.246025
0.233765
0.134978
0.051155
0.249660
0.226606
0.132844
0.034813
0.251314
0.221780
0.130909
0.024263
0.253197
0.212842
0.126593
0.005410
0.264975
0.225837
0.142248
0.025318
0.265736
0.216095
0.136757
0.005575
0.208714
0.253546
0.123949
0.112261
0.218370
0.251992
0.128987
0.103524
0.223581
0.250547
0.131335
0.097605
0.231316
0.247283
0.134135
0.086600
0.235396
0.244811
0.135152
0.079305
0.241276
0.239830
0.135748
0.065975
0.244260
0.236321
0.135450
0.057263
0.248339
0.229602
0.133861
0.041535
0.260306
0.242056
0.149267
0.060158
0.263168
0.234485
0.146417
0.043499

0.171130
0.157301
0.157301
0.014280
0.188710
0.171372
0.171372
0.027712
0.168711
0.149504
0.149504
0.000000
0.186876
0.164793
0.164793
0.015606
0.186814
0.176800
0.176800
0.043857
0.204541
0.191562
0.191562
0.058743
0.202002
0.201012
0.201012
0.083682
0.219390
0.215325
0.215325
0.097920
0.214384
0.222304
0.222304
0.119741
0.231528
0.236243
0.236243
0.133403
0.147210
0.148088
0.148088
0.016979
0.165200
0.161375
0.161375
0.028185
0.146888
0.143256
0.143256
0.007340
0.165418
0.157720
0.157720
0.020675
0.164767
0.169905
0.169905
0.050052
0.182922
0.183964
0.183964
0.062881
0.179600
0.193417
0.193417
0.088744
0.197478
0.207144
0.207144
0.101126
0.191495
0.213956
0.213956
0.123679
0.209192
0.227421
0.227421
0.135672
0.171037
0.181788
0.181788
0.069808
0.188541
0.194642
0.194642
0.080565
0.168757
0.176070
0.176070
0.060091
0.186832
0.190039
0.190039
0.072803
0.182846
0.198825
0.198825
0.097820
0.200669
0.212479
0.212479
0.110100
0.194020
0.218644
0.218644
0.131854
0.211687
0.232054
0.232054
0.143759
0.202365
0.235666
0.235666
0.162426
0.219973
0.248901
0.248901
0.174013

0.058302
0.124438
0.038921
0.017857
0.062530
0.119322
0.029442
0.000000
0.064203
0.138570
0.045967
0.039737
0.068455
0.134039
0.036711
0.022918
0.066550
0.149773
0.049495
0.058175
0.070870
0.145810
0.040416
0.042297
0.092019
0.174123
0.065534
0.082892
0.095129
0.169920
0.055791
0.067387
0.130842
0.205933
0.105655
0.121135
0.133627
0.201991
0.096597
0.106764
0.029151
0.121131
0.026666
0.032968
0.035381
0.117864
0.018579
0.017032
0.033706
0.133376
0.031083
0.051569
0.039847
0.130578
0.023065
0.036496
0.034474
0.142633
0.031862
0.066781
0.040585
0.140299
0.023876
0.052486
0.060987
0.166685
0.046734
0.089340
0.065659
0.163932
0.037861
0.075213
0.102369
0.199190
0.088419
0.127192
0.106589
0.196584
0.080161
0.114095
0.012170
0.124062
0.038545
0.060765
0.021423
0.123197
0.033318
0.047535
0.016960
0.135470
0.042866
0.077775
0.026086
0.135008
0.037679
0.065319
0.017814
0.143874
0.043596
0.091541
0.026892
0.143825
0.038431
0.079790
0.047436
0.168958
0.060370
0.113933
0.054920
0.168361
0.054232
0.102237
0.090058
0.201423
0.101145
0.150009
0.096865
0.200803
0.095409
0.139155

0.216423
0.283315
0.124526
0.155784
0.220094
0.279945
0.121460
0.144628
0.209294
0.269803
0.098661
0.124837
0.211861
0.265291
0.094502
0.112231
0.199377
0.253825
0.069366
0.090518
0.200860
0.248142
0.064093
0.076381
0.186618
0.235281
0.036469
0.052610
0.187029
0.228392
0.030050
0.036851
0.186730
0.223749
0.025481
0.026662
0.185323
0.215148
0.016656
0.008428
0.190798
0.277654
0.103276
0.159349
0.195941
0.275699
0.101687
0.149962
0.184719
0.265617
0.077670
0.129961
0.188734
0.262549
0.075026
0.119221
0.175709
0.251099
0.048526
0.097255
0.178624
0.246900
0.044815
0.085093
0.163722
0.234012
0.015673
0.061026
0.165560
0.228656
0.010874
0.047366
0.166094
0.224936
0.007260
0.038453
0.166042
0.217880
0.000000
0.022378
0.217437
0.303133
0.126867
0.189209
0.222884
0.301858
0.126729
0.181527
0.210463
0.291350
0.101313
0.161177
0.214954
0.289110
0.100326
0.152337
0.200720
0.277252
0.072365
0.130026
0.204286
0.274033
0.070527
0.119972
0.188155
0.260752
0.039853
0.095562
0.190823
0.256534
0.037157
0.084231
0.191885
0.253530
0.034833
0.076759
0.192762
0.247725
0.029778
0.063163

0.179335
0.235305
0.027910
0.046357
0.180254
0.228139
0.020814
0.029589
0.218779
0.270312
0.078088
0.095266
0.219548
0.263644
0.071458
0.079729
0.255185
0.302636
0.124471
0.140470
0.255821
0.296430
0.118277
0.126073
0.288786
0.332482
0.167347
0.182249
0.289306
0.326708
0.161560
0.168910
0.319799
0.360040
0.206981
0.220865
0.320217
0.354668
0.201576
0.208505
0.153421
0.233445
0.005389
0.055021
0.155978
0.227940
0.000000
0.040406
0.194888
0.268620
0.057249
0.103247
0.197162
0.263481
0.052188
0.089694
0.233158
0.301097
0.105187
0.147820
0.235177
0.296300
0.100436
0.135253
0.268477
0.331081
0.149501
0.189019
0.270268
0.326604
0.145042
0.177365
0.301075
0.358766
0.190466
0.227099
0.302659
0.354588
0.186281
0.216292
0.144230
0.241036
0.011200
0.079650
0.149510
0.237808
0.009121
0.068093
0.186580
0.275743
0.062780
0.126100
0.191366
0.272705
0.060778
0.115373
0.225651
0.307778
0.110447
0.169027
0.229987
0.304921
0.108523
0.159070
0.261696
0.337347
0.154500
0.208696
0.265624
0.334660
0.152653
0.199455
0.294953
0.364640
0.195212
0.245357
0.298509
0.362115
0.193442
0.236780

0.196790
0.242526
0.073747
0.096588
0.197673
0.237143
0.067350
0.083735
0.185145
0.225947
0.041977
0.062905
0.184879
0.219459
0.034339
0.048684
0.192847
0.240800
0.040267
0.077413
0.192389
0.234630
0.032796
0.063959
0.197645
0.253283
0.034692
0.088661
0.196996
0.247406
0.027345
0.075909
0.232907
0.282917
0.082384
0.130034
0.232281
0.277406
0.075572
0.118137
0.175110
0.241144
0.053167
0.102104
0.177261
0.237036
0.047873
0.090694
0.164117
0.225789
0.020887
0.069379
0.165078
0.220587
0.014343
0.056648
0.170502
0.239093
0.015739
0.080668
0.171160
0.234109
0.009239
0.068583
0.173796
0.249968
0.006495
0.088643
0.174157
0.245184
0.000000
0.077142
0.211154
0.280140
0.056786
0.130466
0.211473
0.275650
0.050780
0.119744
0.167250
0.246557
0.059315
0.121259
0.171776
0.244317
0.056978
0.112286
0.158560
0.233300
0.029297
0.090964
0.161946
0.230025
0.025868
0.080810
0.165558
0.246220
0.023953
0.100976
0.168637
0.243128
0.020639
0.091460
0.169428
0.256734
0.014562
0.107770
0.172221
0.253816
0.011345
0.098845
0.207153
0.286527
0.064259
0.148326
0.209715
0.283764
0.061276
0.139987

0.266850
0.224155
0.141770
0.020829
0.267044
0.214109
0.136300
0.000000
0.276634
0.236900
0.146628
0.033286
0.277097
0.227201
0.141943
0.013221
0.293879
0.264139
0.165226
0.071683
0.295170
0.255709
0.162289
0.053990
0.308754
0.288699
0.180316
0.105929
0.310870
0.281471
0.179108
0.090485
0.337768
0.320006
0.221092
0.152680
0.339798
0.313408
0.219987
0.138467
0.252278
0.221102
0.128744
0.022705
0.253726
0.212124
0.124895
0.003262
0.260468
0.231332
0.130131
0.030401
0.262121
0.222570
0.126990
0.011525
0.277195
0.258065
0.147176
0.067568
0.279687
0.250564
0.145834
0.051077
0.291452
0.282071
0.160567
0.100515
0.294784
0.275769
0.161013
0.086293
0.321731
0.313899
0.203011
0.147883
0.324891
0.308164
0.203434
0.134808
0.274785
0.255605
0.152065
0.070422
0.277218
0.248162
0.150373
0.053900
0.280989
0.264317
0.150864
0.076192
0.283690
0.257121
0.149970
0.060279
0.294636
0.287662
0.163349
0.108115
0.298179
0.281651
0.164242
0.094445
0.305867
0.308442
0.172228
0.136057
0.310267
0.303565
0.174916
0.124535
0.335392
0.338443
0.214130
0.180856
0.339519
0.334011
0.216602
0.170256

0.206644
0.196920
0.101794
0.000000
0.225800
0.212204
0.121652
0.016895
0.222080
0.211839
0.108908
0.011552
0.240045
0.225586
0.127605
0.026351
0.250260
0.233248
0.138121
0.034382
0.266370
0.245051
0.154499
0.046361
0.284955
0.269387
0.181474
0.086319
0.299918
0.280457
0.196771
0.097696
0.316944
0.302679
0.221431
0.134119
0.330839
0.313057
0.235716
0.144912
0.225453
0.215069
0.110089
0.013729
0.243136
0.228442
0.128511
0.028010
0.237032
0.226012
0.112420
0.019576
0.253646
0.237919
0.129789
0.031806
0.263061
0.244479
0.139500
0.038281
0.277855
0.254449
0.154518
0.047637
0.296937
0.280096
0.183076
0.090546
0.310690
0.289483
0.197129
0.099522
0.328154
0.312875
0.223211
0.138593
0.340938
0.321709
0.236357
0.147188
0.250416
0.248926
0.133073
0.059293
0.267494
0.261827
0.151544
0.073565
0.259387
0.258136
0.132777
0.063516
0.275584
0.269767
0.150436
0.076029
0.284779
0.276205
0.160352
0.082737
0.299255
0.286046
0.175763
0.092589
0.316897
0.309247
0.202178
0.131316
0.330348
0.318496
0.216575
0.140714
0.346502
0.339666
0.240714
0.175992
0.358998
0.348354
0.254160
0.184943

