0.100493
0.167157
0.063637
0.072146
0.102115
0.162492
0.053135
0.056217
0.085112
0.147780
0.034763
0.038539
0.085613
0.141955
0.022565
0.020800
0.083929
0.135679
0.032158
0.018699
0.084263
0.129206
0.019849
0.000000
0.102175
0.157190
0.062368
0.054166
0.103431
0.151815
0.051646
0.037290
0.117538
0.176106
0.089252
0.086298
0.119704
0.171784
0.080032
0.071132
0.074075
0.162096
0.046572
0.080494
0.076872
0.158774
0.036735
0.065952
0.059012
0.143857
0.017735
0.048455
0.060660
0.139405
0.006172
0.032160
0.059994
0.134029
0.018505
0.032229
0.061565
0.129034
0.006995
0.015154
0.078206
0.154468
0.048651
0.065971
0.080692
0.150515
0.038731
0.050638
0.093400
0.172302
0.075377
0.096444
0.096794
0.169355
0.066964
0.082748
0.064869
0.165724
0.062204
0.105855
0.070075
0.164410
0.055052
0.093783
0.051991
0.149614
0.036597
0.077086
0.056122
0.147256
0.027866
0.063417
0.053164
0.140824
0.037304
0.062335
0.057193
0.137954
0.028597
0.047942
0.069698
0.159334
0.064513
0.092846
0.074541
0.157403
0.057235
0.080028
0.083209
0.175298
0.088444
0.120276
0.088872
0.174280
0.082528
0.108942

0.179691
0.218747
0.218747
0.130954
0.199670
0.233627
0.233627
0.146227
0.194716
0.213313
0.213313
0.104269
0.213473
0.227899
0.227899
0.120115
0.206268
0.204690
0.204690
0.073695
0.223967
0.219116
0.219116
0.090268
0.214460
0.192834
0.192834
0.039019
0.231259
0.207235
0.207235
0.056481
0.219378
0.177674
0.177674
0.000000
0.235426
0.192186
0.192186
0.018519
0.145974
0.206263
0.206263
0.136790
0.167315
0.221085
0.221085
0.150618
0.164872
0.203786
0.203786
0.113202
0.184744
0.218099
0.218099
0.127357
0.180073
0.198073
0.198073
0.085844
0.198651
0.212012
0.212012
0.100468
0.191722
0.189105
0.189105
0.054536
0.209170
0.202804
0.202804
0.069776
0.199934
0.176840
0.176840
0.019066
0.216409
0.190429
0.190429
0.035076
0.116885
0.204797
0.204797
0.161209
0.140325
0.220448
0.220448
0.174821
0.140652
0.206376
0.206376
0.142117
0.162389
0.221346
0.221346
0.155885
0.160500
0.204708
0.204708
0.119446
0.180723
0.219136
0.219136
0.133506
0.176611
0.199805
0.199805
0.093046
0.195497
0.213826
0.213826
0.107540
0.189136
0.191654
0.191654
0.062745
0.206852
0.205401
0.205401
0.077817

0.160877
0.206045
0.018650
0.000000
0.175460
0.223211
0.034406
0.024598
0.187549
0.235384
0.049354
0.042399
0.201484
0.251416
0.064661
0.065386
0.211021
0.261588
0.075836
0.080085
0.224415
0.276620
0.090822
0.101661
0.231469
0.284871
0.098310
0.113379
0.244426
0.299026
0.113098
0.133729
0.264750
0.315143
0.142322
0.158268
0.276632
0.328081
0.155845
0.176828
0.136229
0.207291
0.001104
0.018394
0.150854
0.223541
0.015807
0.040670
0.163333
0.235420
0.030732
0.057505
0.177374
0.250662
0.045178
0.078439
0.187117
0.260474
0.056086
0.092107
0.200681
0.274830
0.070395
0.111878
0.207759
0.282653
0.077369
0.122491
0.220947
0.296241
0.091657
0.141270
0.242693
0.312834
0.122670
0.166199
0.254794
0.325261
0.135743
0.183334
0.169583
0.241964
0.037463
0.066566
0.183495
0.256973
0.051863
0.087193
0.192566
0.266281
0.061781
0.100088
0.206026
0.280434
0.076074
0.119595
0.212447
0.287770
0.082075
0.129460
0.225556
0.301183
0.096375
0.148015
0.229376
0.306607
0.098511
0.154935
0.242232
0.319385
0.112932
0.172694
0.262503
0.334718
0.141954
0.195755
0.274309
0.346413
0.155167
0.211974

0.259761
0.249548
0.153457
0.043215
0.264442
0.241377
0.150060
0.022128
0.261982
0.243880
0.139625
0.022159
0.265914
0.234825
0.135750
0.000000
0.299059
0.283185
0.187093
0.080227
0.302746
0.274946
0.183630
0.059991
0.333146
0.319254
0.230687
0.133470
0.336601
0.311760
0.227594
0.114991
0.364483
0.352356
0.270724
0.182291
0.367720
0.345538
0.267963
0.165416
0.274689
0.265191
0.158789
0.058711
0.279234
0.257359
0.156243
0.038908
0.276232
0.260988
0.145546
0.041258
0.280237
0.252504
0.142798
0.020732
0.312100
0.298783
0.192380
0.097527
0.315848
0.291061
0.189945
0.078779
0.345079
0.333475
0.235405
0.149139
0.348586
0.326447
0.233250
0.132014
0.375404
0.365321
0.274930
0.196480
0.378683
0.358925
0.273026
0.180838
0.298702
0.299111
0.181292
0.105925
0.303885
0.292759
0.180793
0.089248
0.298449
0.294426
0.166597
0.088694
0.303236
0.287545
0.166067
0.071466
0.332479
0.329426
0.211607
0.140939
0.336942
0.323172
0.211206
0.125212
0.363773
0.361559
0.252965
0.188868
0.367933
0.355874
0.252676
0.174511
0.392552
0.391059
0.290969
0.232838
0.396429
0.385892
0.290775
0.219733

0.130212
0.165547
0.165547
0.080217
0.139535
0.162360
0.162360
0.064969
0.118104
0.144886
0.144886
0.046675
0.126718
0.140637
0.140637
0.029816
0.131219
0.137501
0.137501
0.019050
0.137630
0.131295
0.131295
0.000000
0.163262
0.162511
0.162511
0.044166
0.168600
0.156015
0.156015
0.025492
0.202232
0.199664
0.199664
0.088279
0.206972
0.193472
0.193472
0.070795
0.138724
0.177586
0.177586
0.098506
0.148315
0.174878
0.174878
0.084094
0.123900
0.155912
0.155912
0.065303
0.132980
0.152286
0.152286
0.049411
0.137764
0.149536
0.149536
0.039247
0.144655
0.143995
0.143995
0.021238
0.168610
0.172501
0.172501
0.061109
0.174353
0.166569
0.166569
0.043326
0.207235
0.208901
0.208901
0.103903
0.212342
0.203225
0.203225
0.087240
0.153134
0.201908
0.201908
0.136944
0.163599
0.200379
0.200379
0.124283
0.136189
0.180135
0.180135
0.105438
0.146370
0.177871
0.177871
0.091482
0.151820
0.175957
0.175957
0.082516
0.159833
0.171847
0.171847
0.066571
0.182672
0.198386
0.198386
0.103209
0.189482
0.193827
0.193827
0.087414
0.220510
0.233126
0.233126
0.143205
0.226603
0.228726
0.228726
0.128392

0.072153
0.173075
0.068828
0.100852
0.078154
0.171006
0.060732
0.086979
0.060923
0.156759
0.042704
0.070302
0.065588
0.153490
0.032842
0.054654
0.063285
0.147399
0.043151
0.053603
0.067656
0.143482
0.033209
0.037077
0.061963
0.135073
0.039790
0.033326
0.066074
0.130488
0.029697
0.015809
0.082355
0.135429
0.048339
0.019080
0.085052
0.129413
0.037288
0.000000
0.035948
0.162575
0.045927
0.104937
0.043724
0.162074
0.038683
0.092459
0.025478
0.147495
0.019873
0.075843
0.031839
0.145798
0.010799
0.061632
0.030377
0.140457
0.023809
0.062671
0.036497
0.138197
0.014806
0.047753
0.031328
0.130381
0.023764
0.045955
0.037253
0.127548
0.014767
0.030227
0.056303
0.134514
0.037064
0.036309
0.060772
0.130282
0.027200
0.019164
0.062749
0.186295
0.082047
0.140610
0.070999
0.186606
0.076332
0.129848
0.050852
0.171171
0.057116
0.113458
0.057950
0.170478
0.049830
0.101181
0.052501
0.163109
0.058861
0.100448
0.059503
0.161983
0.051709
0.087575
0.050417
0.152198
0.056914
0.084175
0.057374
0.150634
0.049843
0.070616
0.075355
0.157414
0.070324
0.076330
0.080880
0.154513
0.062389
0.061442

0.060476
0.161366
0.066522
0.079743
0.067029
0.158842
0.059813
0.064128
0.070318
0.156756
0.055127
0.054033
0.074739
0.152315
0.046200
0.035958
0.092535
0.159310
0.064467
0.040122
0.095544
0.153357
0.054328
0.020136
0.111459
0.158754
0.070243
0.022065
0.113069
0.151231
0.058814
0.000000
0.149175
0.194301
0.111700
0.069743
0.150701
0.187478
0.101232
0.049597
0.024881
0.150922
0.047522
0.088195
0.033344
0.150224
0.042260
0.074661
0.037745
0.149232
0.038434
0.065843
0.043966
0.146617
0.030929
0.049951
0.064237
0.155636
0.052235
0.056883
0.069014
0.151565
0.043601
0.039262
0.087294
0.158962
0.062465
0.043982
0.090654
0.153392
0.052637
0.024488
0.126623
0.194156
0.104103
0.089395
0.129751
0.189118
0.095090
0.071589
0.039693
0.171739
0.076895
0.125711
0.049450
0.172404
0.073374
0.114324
0.054639
0.172255
0.070626
0.106848
0.062194
0.171093
0.064978
0.093285
0.081857
0.180088
0.085245
0.100249
0.087957
0.177531
0.078502
0.085096
0.105720
0.185007
0.096496
0.090031
0.110403
0.181026
0.088608
0.073163
0.143803
0.218148
0.135547
0.131645
0.148138
0.214558
0.128312
0.116238

0.103790
0.181082
0.098309
0.098742
0.119908
0.197026
0.110573
0.116126
0.089281
0.161940
0.073201
0.066124
0.105519
0.178450
0.085766
0.084523
0.071719
0.140009
0.044874
0.030036
0.088177
0.157190
0.057825
0.049574
0.075772
0.130694
0.028702
0.000000
0.091423
0.147949
0.041421
0.020366
0.116067
0.168001
0.072866
0.047705
0.130531
0.183924
0.084558
0.066448
0.075011
0.174129
0.083832
0.108376
0.091616
0.189805
0.095494
0.124421
0.060968
0.156253
0.059448
0.077833
0.077615
0.172397
0.071287
0.094732
0.043739
0.135587
0.031804
0.043932
0.060529
0.152300
0.043903
0.061800
0.050418
0.129065
0.017802
0.017165
0.066214
0.145676
0.029465
0.035637
0.092362
0.166278
0.062495
0.063304
0.106965
0.181610
0.073213
0.080301
0.095271
0.197432
0.114659
0.145260
0.111683
0.212473
0.126020
0.160263
0.080273
0.179841
0.091102
0.116722
0.096820
0.195365
0.102681
0.132531
0.062200
0.159606
0.064471
0.085069
0.078980
0.175710
0.076345
0.101791
0.070796
0.155332
0.053339
0.061856
0.086552
0.171263
0.064735
0.079069
0.111260
0.190556
0.095420
0.104594
0.125832
0.205266
0.105901
0.120436

0.235908
0.281591
0.120686
0.137029
0.248844
0.295414
0.134793
0.155137
0.224991
0.265469
0.090793
0.102986
0.237904
0.279734
0.105395
0.122155
0.211377
0.246877
0.057249
0.065387
0.224345
0.261670
0.072440
0.085739
0.194962
0.225687
0.019825
0.023988
0.208064
0.241099
0.035704
0.045651
0.215391
0.249848
0.044474
0.057908
0.226732
0.263624
0.057855
0.077138
0.215030
0.279960
0.101660
0.144061
0.228152
0.293359
0.115411
0.161051
0.204723
0.265190
0.071627
0.111508
0.217735
0.278930
0.085783
0.129427
0.191598
0.247953
0.037818
0.075449
0.204580
0.262118
0.052470
0.094412
0.175554
0.228127
0.000000
0.035648
0.188584
0.242804
0.015244
0.055776
0.195845
0.251115
0.023607
0.067122
0.207039
0.264162
0.036265
0.084851
0.206631
0.284876
0.104455
0.162702
0.220905
0.298492
0.119369
0.179585
0.198172
0.272132
0.076201
0.132673
0.212320
0.286037
0.091548
0.150434
0.186861
0.256969
0.044191
0.099267
0.200969
0.271247
0.060071
0.118019
0.172606
0.239277
0.008203
0.062262
0.186759
0.254015
0.024718
0.082124
0.194692
0.262375
0.033853
0.093342
0.207005
0.275529
0.047813
0.110904

0.116032
0.190261
0.111585
0.094329
0.121514
0.186385
0.103814
0.077103
0.103089
0.172358
0.087358
0.060142
0.107755
0.167240
0.078031
0.040729
0.086541
0.151234
0.059401
0.021764
0.090428
0.144826
0.048447
0.000000
0.088197
0.165942
0.066728
0.048930
0.092649
0.160529
0.056403
0.028812
0.086024
0.177317
0.070129
0.071798
0.091086
0.172854
0.060359
0.053162
0.122162
0.208194
0.121534
0.123781
0.127994
0.205191
0.114242
0.108139
0.106905
0.190196
0.096571
0.091376
0.112097
0.186126
0.087867
0.073762
0.088014
0.169095
0.067944
0.055041
0.092615
0.163923
0.057765
0.035309
0.084876
0.179650
0.070369
0.076867
0.090099
0.175418
0.060728
0.058577
0.077824
0.186959
0.068895
0.094632
0.083725
0.183636
0.059727
0.077638
0.139595
0.231864
0.153187
0.164235
0.146677
0.230200
0.147628
0.150801
0.123085
0.214313
0.129312
0.134511
0.129771
0.211788
0.122579
0.119362
0.102977
0.193804
0.101971
0.101176
0.109329
0.190397
0.094018
0.084189
0.096500
0.201275
0.102061
0.119519
0.103622
0.198819
0.094693
0.103870
0.086101
0.205622
0.098434
0.134113
0.094069
0.204101
0.091606
0.119679

0.120951
0.181941
0.004323
0.016040
0.124911
0.176968
0.000000
0.001670
0.149117
0.209744
0.032986
0.051044
0.152144
0.204741
0.028035
0.037147
0.174163
0.234843
0.057989
0.082497
0.176285
0.229787
0.052388
0.068992
0.196252
0.257397
0.079490
0.110588
0.197492
0.252264
0.073208
0.097398
0.215531
0.277549
0.097622
0.135488
0.215905
0.272313
0.090627
0.122538
0.136430
0.204028
0.009342
0.039999
0.140080
0.199556
0.005568
0.027057
0.162065
0.229331
0.035566
0.071936
0.164756
0.224762
0.031040
0.059308
0.184687
0.252067
0.058176
0.100463
0.186445
0.247378
0.052875
0.088076
0.204445
0.272377
0.077310
0.125752
0.205289
0.267547
0.071207
0.113534
0.221470
0.290391
0.093088
0.147954
0.221413
0.285395
0.086150
0.135836
0.163544
0.232261
0.034945
0.074928
0.167725
0.228753
0.032958
0.064092
0.188195
0.256120
0.061039
0.105388
0.191444
0.252485
0.058267
0.094771
0.210014
0.277585
0.083687
0.132646
0.212359
0.273805
0.080116
0.122188
0.229141
0.296790
0.103028
0.156867
0.230602
0.292847
0.098638
0.146505
0.245701
0.313854
0.119180
0.178195
0.246294
0.309729
0.113948
0.167870

0.273032
0.250356
0.170157
0.057755
0.286899
0.261384
0.184780
0.070748
0.273980
0.245956
0.159653
0.043069
0.288333
0.258131
0.175696
0.058398
0.272294
0.238544
0.145671
0.023857
0.287215
0.251938
0.163227
0.041612
0.267962
0.228072
0.128129
0.000000
0.283541
0.242766
0.147302
0.020291
0.299943
0.264256
0.171383
0.054851
0.314363
0.277836
0.189125
0.073593
0.252617
0.241851
0.153950
0.054365
0.266685
0.251975
0.168013
0.065237
0.255689
0.240435
0.145842
0.044036
0.270196
0.251660
0.161307
0.057207
0.256025
0.235980
0.134186
0.029196
0.271054
0.248371
0.151139
0.044738
0.253631
0.228460
0.118917
0.009758
0.269268
0.242090
0.137457
0.027764
0.286591
0.264522
0.162728
0.063739
0.301076
0.277132
0.179900
0.080393
0.241730
0.252907
0.156563
0.086693
0.256924
0.263621
0.171595
0.098006
0.245767
0.252371
0.148693
0.076958
0.261290
0.264034
0.165003
0.090346
0.247042
0.248919
0.137348
0.062993
0.262983
0.261597
0.155027
0.078531
0.245566
0.242528
0.122465
0.044717
0.262018
0.256296
0.141614
0.062495
0.278929
0.277258
0.165687
0.095615
0.294170
0.289999
0.183429
0.112064

0.163528
0.215812
0.030125
0.046456
0.166086
0.209871
0.024504
0.031157
0.174430
0.233536
0.030333
0.065009
0.176763
0.228016
0.025161
0.050864
0.198307
0.257805
0.054849
0.096055
0.199548
0.252171
0.048531
0.082089
0.218925
0.279426
0.075066
0.123388
0.219091
0.273650
0.067569
0.109520
0.253792
0.308411
0.121674
0.164546
0.253903
0.303037
0.114730
0.151704
0.137755
0.214881
0.007048
0.055840
0.142081
0.210654
0.003175
0.042665
0.147603
0.230989
0.003551
0.070616
0.151569
0.227053
0.000000
0.058438
0.172143
0.254696
0.027527
0.099813
0.174786
0.250466
0.022528
0.087565
0.193197
0.275696
0.046949
0.125267
0.194545
0.271153
0.040476
0.112877
0.230358
0.305178
0.096158
0.166580
0.231557
0.300943
0.090162
0.155107
0.168043
0.245109
0.034584
0.092245
0.173004
0.241857
0.033009
0.081385
0.175081
0.258649
0.028272
0.103875
0.179833
0.255729
0.027184
0.094032
0.199182
0.281212
0.053418
0.132312
0.202647
0.277975
0.050855
0.122315
0.219984
0.301239
0.074177
0.157206
0.222196
0.297676
0.070133
0.146999
0.255000
0.328737
0.121249
0.196084
0.256992
0.325404
0.117481
0.186619

0.085736
0.178064
0.094612
0.091891
0.104015
0.194804
0.107528
0.110256
0.096485
0.172894
0.083240
0.065321
0.113547
0.189518
0.095757
0.084493
0.103614
0.164558
0.068242
0.034769
0.119605
0.181207
0.080478
0.054914
0.107191
0.152994
0.049522
0.000000
0.122250
0.169809
0.061596
0.021296
0.146677
0.189540
0.093225
0.049293
0.160382
0.204868
0.104140
0.068673
0.050894
0.169802
0.078528
0.103642
0.070172
0.186409
0.090953
0.120482
0.065104
0.167771
0.069714
0.080568
0.082916
0.184052
0.081502
0.097960
0.075481
0.162560
0.057217
0.053670
0.091979
0.178654
0.068484
0.071770
0.082122
0.154135
0.040963
0.022748
0.097449
0.170177
0.051821
0.041715
0.123511
0.190412
0.085069
0.069856
0.137457
0.205032
0.094862
0.087102
0.027551
0.167888
0.084435
0.127371
0.048891
0.185097
0.097821
0.143726
0.046729
0.169816
0.080162
0.108835
0.066399
0.186525
0.092764
0.125559
0.061915
0.168576
0.072260
0.086688
0.080079
0.184926
0.084197
0.103928
0.073241
0.164162
0.060690
0.060764
0.090053
0.180290
0.072077
0.078671
0.115489
0.199629
0.103314
0.104726
0.130804
0.214334
0.113606
0.121014

0.206413
0.259311
0.091336
0.124063
0.206873
0.254473
0.084903
0.112181
0.195148
0.243879
0.062202
0.092985
0.194546
0.238007
0.054565
0.079805
0.181293
0.226222
0.029720
0.058922
0.179621
0.219288
0.020836
0.044382
0.203855
0.249778
0.055414
0.088953
0.202922
0.243680
0.048120
0.075979
0.223860
0.271132
0.077714
0.115971
0.223655
0.265841
0.071970
0.104501
0.184618
0.255772
0.070496
0.126616
0.186103
0.252037
0.064954
0.115975
0.173861
0.241399
0.041005
0.096413
0.174253
0.236641
0.034248
0.084513
0.160379
0.224765
0.008015
0.063203
0.159676
0.218960
0.000000
0.049985
0.183269
0.247777
0.033477
0.091936
0.183304
0.242775
0.027099
0.080264
0.203470
0.268552
0.055389
0.117631
0.204238
0.264329
0.050608
0.107448
0.213045
0.283114
0.100122
0.159153
0.215152
0.280136
0.096223
0.150106
0.202096
0.269209
0.071371
0.130317
0.203258
0.265327
0.066450
0.120172
0.188567
0.253176
0.039283
0.098639
0.188785
0.248371
0.033307
0.087345
0.208113
0.273408
0.060327
0.123595
0.209064
0.269376
0.055939
0.113776
0.225098
0.291525
0.077965
0.145666
0.226782
0.288247
0.075137
0.137275

0.296057
0.290841
0.215685
0.128972
0.311603
0.303883
0.232388
0.145424
0.290659
0.273175
0.191766
0.090260
0.306111
0.286499
0.209056
0.107658
0.282524
0.252601
0.164420
0.047369
0.297986
0.266303
0.182418
0.065840
0.271593
0.228976
0.133459
0.000000
0.287171
0.243153
0.152290
0.019680
0.281316
0.242164
0.138701
0.015930
0.295899
0.254846
0.156424
0.033438
0.275286
0.285077
0.202026
0.132617
0.291333
0.297558
0.218553
0.147508
0.271293
0.268900
0.178939
0.095522
0.287135
0.281520
0.195942
0.111165
0.264448
0.249805
0.152361
0.054312
0.280192
0.262655
0.169958
0.070822
0.254703
0.227660
0.122110
0.008702
0.270454
0.240832
0.140424
0.026202
0.263143
0.238305
0.123974
0.019617
0.277915
0.250030
0.141269
0.035066
0.300596
0.316037
0.224262
0.172358
0.315858
0.327746
0.240441
0.186516
0.295690
0.300661
0.201250
0.137586
0.310828
0.312531
0.217963
0.152482
0.288097
0.282585
0.174905
0.098990
0.303214
0.294700
0.192266
0.114732
0.277765
0.261684
0.145046
0.056306
0.292962
0.274131
0.163175
0.073010
0.283642
0.270177
0.143836
0.064304
0.298038
0.281369
0.161183
0.079243

0.075652
0.132967
0.026092
0.000000
0.091418
0.150334
0.038203
0.020281
0.096604
0.157914
0.058941
0.040466
0.112106
0.174512
0.070672
0.059493
0.114336
0.179913
0.088257
0.077141
0.129673
0.195851
0.099688
0.095044
0.128963
0.199112
0.114232
0.110270
0.144231
0.214494
0.125440
0.127173
0.165929
0.231335
0.152731
0.149796
0.180038
0.245526
0.163057
0.165359
0.049002
0.131297
0.013652
0.017219
0.064927
0.148013
0.024583
0.035509
0.069816
0.154977
0.046030
0.055407
0.085564
0.171037
0.056732
0.072637
0.087264
0.175712
0.074820
0.089928
0.102935
0.191222
0.085368
0.106218
0.101461
0.193643
0.100210
0.121012
0.117152
0.208702
0.110675
0.136473
0.140395
0.226163
0.139638
0.159566
0.154898
0.240061
0.149281
0.173802
0.039570
0.138817
0.031942
0.050993
0.056925
0.155742
0.043612
0.068604
0.058775
0.160436
0.061463
0.085623
0.075957
0.176761
0.072921
0.102275
0.074563
0.179164
0.087508
0.116797
0.091678
0.194994
0.098831
0.132604
0.087035
0.195124
0.110245
0.144724
0.104188
0.210561
0.121508
0.159793
0.126976
0.227438
0.148834
0.181363
0.142836
0.241691
0.159222
0.195245

0.185107
0.177554
0.096248
0.010677
0.202711
0.190117
0.112738
0.022944
0.189034
0.175358
0.087348
0.000000
0.206733
0.188598
0.104840
0.013808
0.212638
0.203241
0.107975
0.033423
0.229711
0.216025
0.125361
0.047088
0.233429
0.228550
0.125429
0.063566
0.249975
0.240938
0.142798
0.077140
0.267385
0.261080
0.165814
0.106426
0.282734
0.272663
0.181998
0.119195
0.203533
0.192092
0.102321
0.018244
0.219649
0.203027
0.117593
0.028627
0.206390
0.190483
0.093310
0.009363
0.222721
0.202169
0.109691
0.021362
0.227398
0.216658
0.111474
0.041167
0.243273
0.228039
0.127936
0.053213
0.245670
0.240303
0.126446
0.069670
0.261180
0.251431
0.143075
0.081806
0.278819
0.272210
0.167026
0.112514
0.293209
0.282620
0.182518
0.123939
0.231411
0.225542
0.126426
0.058607
0.246908
0.236117
0.141789
0.069121
0.232218
0.222801
0.115513
0.048597
0.247994
0.234114
0.132009
0.060661
0.249822
0.245833
0.129699
0.076295
0.265256
0.256905
0.146382
0.088461
0.264816
0.266482
0.140773
0.100854
0.279997
0.277365
0.157729
0.113166
0.296618
0.296635
0.180501
0.141715
0.310701
0.306811
0.196287
0.153288

0.187208
0.246827
0.062316
0.088692
0.202094
0.261484
0.077077
0.106835
0.175668
0.228851
0.029990
0.052309
0.190276
0.243817
0.045079
0.071372
0.176657
0.217965
0.019092
0.028082
0.190361
0.232879
0.033433
0.047448
0.214231
0.251569
0.067031
0.074619
0.226849
0.265366
0.080285
0.092581
0.248959
0.282695
0.111458
0.117805
0.260577
0.295459
0.123709
0.134466
0.161635
0.243377
0.040757
0.093893
0.177036
0.257784
0.055292
0.111050
0.151196
0.226864
0.008484
0.058852
0.166190
0.241464
0.023236
0.076803
0.154662
0.218367
0.000000
0.037542
0.168557
0.232757
0.013776
0.055591
0.194074
0.252114
0.049486
0.083540
0.206853
0.265414
0.062206
0.100271
0.230484
0.283358
0.095336
0.126214
0.242239
0.295652
0.107081
0.141725
0.150095
0.247939
0.043727
0.113103
0.167088
0.262810
0.059617
0.130338
0.142197
0.233710
0.013591
0.080597
0.158717
0.248704
0.029696
0.098572
0.149815
0.228568
0.009994
0.063632
0.165101
0.243235
0.025004
0.081574
0.189875
0.261777
0.058981
0.107917
0.203931
0.275325
0.072836
0.124542
0.226863
0.292506
0.104349
0.148990
0.239788
0.305022
0.117138
0.164396

0.171534
0.221418
0.052143
0.043625
0.186219
0.238256
0.067160
0.066821
0.161709
0.202520
0.018871
0.000000
0.176188
0.219991
0.034312
0.024821
0.171825
0.222094
0.022843
0.026353
0.184873
0.237955
0.036446
0.048734
0.195848
0.248504
0.051789
0.065029
0.208503
0.263432
0.065286
0.086106
0.216809
0.271978
0.076496
0.099211
0.229152
0.286084
0.089983
0.119152
0.185246
0.244892
0.057461
0.073816
0.198181
0.259834
0.070319
0.094213
0.173844
0.226489
0.023134
0.032177
0.186547
0.241967
0.036292
0.053978
0.179909
0.242143
0.021504
0.052524
0.191286
0.256161
0.032942
0.072109
0.201909
0.265949
0.048241
0.087409
0.213094
0.279230
0.059861
0.105998
0.220899
0.286971
0.070753
0.118022
0.231964
0.299616
0.082634
0.135764
0.214184
0.275467
0.090746
0.117199
0.226619
0.289339
0.103505
0.136170
0.202856
0.258357
0.058056
0.078818
0.215131
0.272735
0.071169
0.099092
0.206932
0.271458
0.054257
0.095452
0.218081
0.284571
0.065935
0.113815
0.225195
0.291813
0.075745
0.125041
0.236240
0.304313
0.087703
0.142593
0.240635
0.309600
0.093256
0.150694
0.251646
0.321579
0.105572
0.167571

0.030678
0.132986
0.033597
0.056253
0.036541
0.130589
0.027005
0.041660
0.054931
0.138845
0.045817
0.047707
0.059460
0.135078
0.038124
0.031513
0.076077
0.141855
0.054782
0.035588
0.079289
0.136680
0.045932
0.017675
0.094204
0.141993
0.060493
0.019764
0.096107
0.135363
0.050423
0.000000
0.131657
0.177378
0.101094
0.065445
0.133483
0.171343
0.091840
0.047300
0.030797
0.144258
0.036302
0.076677
0.036871
0.142569
0.030057
0.063312
0.056724
0.152150
0.051104
0.071464
0.061532
0.149191
0.043880
0.056672
0.079570
0.157298
0.062720
0.062875
0.083132
0.153038
0.054468
0.046549
0.099432
0.159696
0.071171
0.050803
0.101761
0.154095
0.061834
0.032826
0.136397
0.193584
0.110725
0.093814
0.138604
0.188487
0.102131
0.077300
0.046929
0.165125
0.065736
0.112966
0.054147
0.164696
0.061112
0.101567
0.073368
0.174175
0.081148
0.109610
0.079317
0.172524
0.075570
0.096885
0.096809
0.180618
0.093545
0.103127
0.101518
0.177724
0.086976
0.088982
0.117357
0.184458
0.102958
0.093428
0.120846
0.180291
0.095351
0.077760
0.153063
0.216451
0.140167
0.133107
0.156338
0.212672
0.133168
0.118717

0.262197
0.249133
0.173830
0.065831
0.266295
0.241165
0.169896
0.046122
0.256695
0.229164
0.146927
0.021970
0.259473
0.219524
0.141692
0.000000
0.280539
0.260189
0.170380
0.064125
0.283732
0.251675
0.166676
0.044535
0.301365
0.288110
0.190032
0.101827
0.305001
0.280668
0.187843
0.084489
0.319309
0.313115
0.206006
0.135326
0.323419
0.306699
0.205327
0.120127
0.280454
0.267278
0.183210
0.084511
0.284306
0.259593
0.180028
0.066008
0.273248
0.247019
0.155210
0.041274
0.275934
0.237795
0.150903
0.020687
0.294265
0.275673
0.175411
0.080269
0.297447
0.267580
0.172689
0.062018
0.312366
0.301348
0.191854
0.114948
0.316072
0.294336
0.190707
0.098916
0.327665
0.324212
0.204636
0.145535
0.331928
0.318239
0.205068
0.131621
0.307032
0.301503
0.207650
0.129811
0.311316
0.295029
0.206203
0.113928
0.299059
0.282365
0.179870
0.089334
0.302369
0.274546
0.177542
0.071648
0.316449
0.307321
0.195390
0.122970
0.320291
0.300573
0.194636
0.107476
0.331064
0.329507
0.207268
0.152567
0.335472
0.323787
0.208097
0.139168
0.342994
0.349065
0.215572
0.178315
0.348007
0.344342
0.217999
0.166928

0.128870
0.207112
0.125627
0.127905
0.143987
0.221838
0.136914
0.144099
0.116906
0.190126
0.103071
0.097405
0.132077
0.205360
0.114632
0.114593
0.101957
0.170422
0.077417
0.063503
0.117285
0.186272
0.089344
0.081817
0.083923
0.147862
0.048501
0.025965
0.099516
0.164443
0.060890
0.045547
0.078153
0.132521
0.039517
0.000000
0.094772
0.150384
0.053455
0.021654
0.100192
0.199764
0.111258
0.136893
0.115860
0.214253
0.122014
0.151773
0.088812
0.184100
0.089545
0.108542
0.104454
0.198996
0.100453
0.124253
0.074310
0.165719
0.064702
0.076915
0.090034
0.181127
0.075849
0.093578
0.056592
0.144494
0.036573
0.041797
0.072505
0.160524
0.048051
0.059541
0.052341
0.131391
0.030374
0.019748
0.069264
0.148627
0.043349
0.039420
0.121447
0.223209
0.141723
0.172993
0.136847
0.237029
0.152106
0.186792
0.109008
0.207782
0.120727
0.146607
0.124478
0.222024
0.131297
0.161183
0.093558
0.189787
0.096782
0.117194
0.109202
0.204551
0.107623
0.132658
0.074995
0.169101
0.069740
0.084554
0.090921
0.184491
0.080938
0.101026
0.068666
0.155812
0.062808
0.063933
0.085638
0.172370
0.075442
0.082193

0.212798
0.212208
0.121571
0.040109
0.229801
0.224619
0.139199
0.054496
0.217293
0.209962
0.110305
0.025486
0.234554
0.223243
0.129323
0.041852
0.218570
0.204658
0.095083
0.006638
0.236222
0.218906
0.115640
0.025105
0.233202
0.205416
0.105759
0.000000
0.250425
0.220208
0.126288
0.019747
0.268312
0.241600
0.150963
0.051877
0.284106
0.255197
0.169778
0.070033
0.228442
0.226400
0.124351
0.050170
0.244049
0.237085
0.140911
0.062451
0.231757
0.224947
0.112743
0.037762
0.247743
0.236550
0.130805
0.052052
0.231941
0.220528
0.097158
0.021191
0.248429
0.233137
0.116869
0.037598
0.247639
0.223421
0.111217
0.018986
0.263684
0.236535
0.130790
0.036560
0.281692
0.258250
0.156201
0.069515
0.296394
0.270294
0.174119
0.085654
0.253206
0.258606
0.143709
0.090353
0.268294
0.268801
0.160518
0.102462
0.254330
0.256259
0.129928
0.077325
0.269870
0.267347
0.148288
0.091361
0.252448
0.251131
0.112228
0.060347
0.268562
0.263196
0.132290
0.076418
0.268537
0.254789
0.128458
0.060292
0.284144
0.267255
0.148197
0.077312
0.301096
0.287304
0.172406
0.107865
0.315389
0.298746
0.190463
0.123485

0.054605
0.144216
0.039088
0.051937
0.059127
0.140259
0.030148
0.035910
0.050304
0.132504
0.034886
0.033535
0.054952
0.128069
0.025823
0.016582
0.072154
0.134338
0.043692
0.020828
0.075280
0.128466
0.033523
0.002329
0.112957
0.169807
0.085635
0.064284
0.115728
0.164311
0.076149
0.047131
0.150552
0.202532
0.124373
0.104445
0.153006
0.197390
0.115525
0.088541
0.021033
0.135944
0.020613
0.059763
0.027405
0.133645
0.012847
0.045367
0.017840
0.125986
0.018893
0.044512
0.024467
0.123329
0.011160
0.029360
0.044278
0.131578
0.032134
0.036164
0.049315
0.127500
0.023342
0.019582
0.087369
0.167353
0.075012
0.078494
0.091892
0.163508
0.066789
0.063108
0.127061
0.200353
0.114608
0.117611
0.131121
0.196729
0.106919
0.103336
0.003794
0.137058
0.031931
0.084695
0.013173
0.137082
0.026971
0.072863
0.000000
0.127707
0.030089
0.070824
0.009695
0.127446
0.025200
0.058324
0.029854
0.136208
0.045562
0.065284
0.037800
0.134480
0.039537
0.051387
0.074319
0.171794
0.087623
0.105531
0.081519
0.170115
0.081953
0.092625
0.115257
0.204605
0.126446
0.142712
0.121780
0.202978
0.121113
0.130727

0.175475
0.220638
0.033920
0.046358
0.175162
0.213530
0.024346
0.029056
0.184319
0.237829
0.034062
0.065549
0.183778
0.231156
0.024616
0.049283
0.207613
0.262073
0.061473
0.098366
0.207879
0.256371
0.053973
0.084078
0.227975
0.283774
0.084819
0.127492
0.229031
0.278996
0.079190
0.115077
0.261380
0.312746
0.130203
0.168963
0.262454
0.308388
0.125137
0.157567
0.152486
0.220498
0.012230
0.056336
0.153390
0.214877
0.003754
0.040912
0.159847
0.235828
0.008527
0.071596
0.160386
0.230508
0.000000
0.057018
0.183674
0.259404
0.035816
0.102680
0.185019
0.255002
0.029295
0.090030
0.204404
0.280414
0.058839
0.130077
0.206543
0.276888
0.054252
0.119258
0.239659
0.309670
0.106386
0.171455
0.241744
0.306475
0.102300
0.161545
0.183642
0.251724
0.047299
0.097263
0.185444
0.247227
0.041187
0.084237
0.189141
0.264892
0.041964
0.109867
0.190685
0.260712
0.035933
0.097683
0.209120
0.285281
0.063949
0.136373
0.211456
0.281970
0.059836
0.125999
0.226177
0.303273
0.081884
0.159425
0.229299
0.300798
0.079636
0.150780
0.259718
0.330765
0.127489
0.198472
0.262701
0.328535
0.125548
0.190561

0.177392
0.258970
0.091524
0.139050
0.183123
0.256917
0.089260
0.129176
0.172430
0.246945
0.065062
0.109116
0.176809
0.243697
0.061546
0.097849
0.164193
0.232318
0.034749
0.075809
0.167263
0.227865
0.029964
0.063086
0.168491
0.224688
0.026332
0.054772
0.169520
0.218547
0.019004
0.039759
0.169530
0.214350
0.013834
0.030045
0.168536
0.206491
0.003918
0.012654
0.191411
0.276821
0.091137
0.154553
0.196465
0.274887
0.088920
0.145519
0.183984
0.264152
0.062453
0.124578
0.187816
0.261135
0.059088
0.114275
0.173370
0.248990
0.029893
0.091313
0.176015
0.244882
0.025360
0.079681
0.176999
0.241933
0.021871
0.072037
0.177642
0.236202
0.014766
0.058168
0.177431
0.232272
0.009722
0.049159
0.176083
0.224891
0.000000
0.032971
0.217412
0.300705
0.114096
0.182111
0.222803
0.299434
0.113535
0.174783
0.209015
0.288183
0.085564
0.153355
0.213384
0.285982
0.084093
0.144953
0.197623
0.273335
0.053329
0.121496
0.201008
0.270199
0.050940
0.111973
0.202471
0.267864
0.048772
0.105634
0.203972
0.263213
0.043931
0.094007
0.204312
0.259963
0.040285
0.086386
0.203946
0.253776
0.032961
0.072587

0.097988
0.120274
0.120274
0.014731
0.117750
0.134251
0.134251
0.026185
0.120224
0.129151
0.129151
0.013572
0.139319
0.143449
0.143449
0.026386
0.139172
0.134903
0.134903
0.008660
0.157723
0.149606
0.149606
0.022899
0.154978
0.137595
0.137595
0.000000
0.173101
0.152788
0.152788
0.015737
0.191259
0.174562
0.174562
0.046766
0.208007
0.188648
0.188648
0.061409
0.065314
0.104658
0.104658
0.010859
0.086088
0.118347
0.118347
0.020691
0.091896
0.117558
0.117558
0.014432
0.111844
0.131467
0.131467
0.025555
0.114979
0.127227
0.127227
0.014214
0.134230
0.141437
0.141437
0.026682
0.134735
0.133754
0.133754
0.010239
0.153411
0.148348
0.148348
0.024116
0.172734
0.171207
0.171207
0.056486
0.189986
0.184734
0.184734
0.069404
0.084645
0.132759
0.132759
0.055421
0.105062
0.146204
0.146204
0.065058
0.111090
0.145838
0.145838
0.059395
0.130647
0.159413
0.159413
0.070159
0.134185
0.155876
0.155876
0.059863
0.153006
0.169660
0.169660
0.071808
0.154098
0.162961
0.162961
0.056858
0.172303
0.177035
0.177035
0.070044
0.190508
0.198161
0.198161
0.099597
0.207329
0.211206
0.211206
0.111870

0.254294
0.244891
0.165706
0.079240
0.268711
0.255860
0.180034
0.091610
0.247248
0.226034
0.141160
0.041026
0.261425
0.237052
0.155779
0.053867
0.247727
0.221044
0.130073
0.026152
0.262262
0.233011
0.145899
0.040897
0.245585
0.213311
0.115805
0.007463
0.260569
0.226298
0.132929
0.024193
0.255971
0.212617
0.121645
0.000000
0.270852
0.226284
0.139173
0.018167
0.232267
0.235610
0.149250
0.075368
0.247176
0.246070
0.163375
0.086327
0.226446
0.217751
0.125188
0.037880
0.240999
0.228129
0.139493
0.049142
0.229058
0.215409
0.116196
0.026498
0.243908
0.226685
0.131683
0.039624
0.228926
0.210280
0.103940
0.011298
0.244167
0.222523
0.120696
0.026362
0.242584
0.213052
0.113840
0.008717
0.257608
0.225881
0.130878
0.025102
0.218869
0.243277
0.149095
0.100480
0.235070
0.254394
0.164208
0.111859
0.215320
0.228003
0.127055
0.066208
0.231095
0.238988
0.142324
0.077864
0.219076
0.226590
0.118390
0.055426
0.235036
0.238345
0.134736
0.068783
0.220018
0.222452
0.106479
0.041002
0.236263
0.235048
0.123996
0.056136
0.236183
0.227252
0.119052
0.040874
0.252049
0.240269
0.136660
0.057104

0.202204
0.186219
0.104494
0.016207
0.205094
0.179066
0.101439
0.000000
0.216187
0.201488
0.112753
0.030901
0.219112
0.194586
0.110299
0.015414
0.227643
0.214171
0.117823
0.042027
0.230620
0.207482
0.115965
0.027181
0.236607
0.224311
0.119698
0.049610
0.239656
0.217801
0.118433
0.035328
0.259144
0.241529
0.145181
0.069697
0.261480
0.234683
0.143166
0.055102
0.219286
0.204900
0.114319
0.034016
0.222223
0.198054
0.112015
0.018696
0.230116
0.216943
0.118592
0.044255
0.233110
0.210302
0.116882
0.029556
0.238462
0.226452
0.119665
0.050954
0.241532
0.219982
0.118548
0.036801
0.244344
0.233456
0.117507
0.054114
0.247510
0.227122
0.116987
0.040435
0.265547
0.248595
0.141808
0.071494
0.267939
0.241832
0.140399
0.057327
0.242624
0.236337
0.135942
0.073899
0.246156
0.230601
0.135239
0.060758
0.251199
0.246613
0.137605
0.082010
0.254856
0.241110
0.137568
0.069515
0.257384
0.254503
0.136144
0.086771
0.261189
0.249205
0.136781
0.074859
0.261187
0.260027
0.131514
0.088173
0.265165
0.254908
0.132839
0.076784
0.282307
0.274971
0.156612
0.105891
0.285496
0.269415
0.156990
0.093981

0.233538
0.286940
0.118678
0.159071
0.235357
0.283376
0.114824
0.149106
0.222386
0.272693
0.089180
0.128969
0.223336
0.268204
0.084325
0.117798
0.208663
0.256251
0.056100
0.095739
0.208735
0.250808
0.050202
0.083296
0.208274
0.247105
0.045940
0.075192
0.206657
0.240193
0.037615
0.060600
0.205176
0.235595
0.031879
0.051182
0.201848
0.227169
0.021062
0.034355
0.211890
0.283125
0.095587
0.160474
0.214749
0.280686
0.092761
0.151886
0.200908
0.269793
0.065251
0.131103
0.202885
0.266456
0.061435
0.121371
0.187210
0.254235
0.031141
0.098578
0.188301
0.249974
0.026297
0.087639
0.188424
0.246976
0.022628
0.080434
0.187737
0.241231
0.015231
0.067336
0.186787
0.237330
0.010013
0.058811
0.184301
0.230061
0.000000
0.043471
0.203105
0.285511
0.097091
0.174198
0.208010
0.284731
0.097027
0.167905
0.193770
0.273866
0.068473
0.146894
0.197870
0.272260
0.067594
0.139604
0.181705
0.260029
0.036130
0.116534
0.185010
0.257583
0.034415
0.108202
0.186463
0.255683
0.032639
0.102584
0.187998
0.251789
0.028424
0.092174
0.188387
0.249012
0.025138
0.085292
0.188146
0.243641
0.018383
0.072740

0.181982
0.243874
0.030880
0.060895
0.183179
0.237341
0.024046
0.044637
0.199962
0.243021
0.046547
0.050770
0.199948
0.235147
0.038383
0.032675
0.237105
0.276904
0.095668
0.099862
0.237080
0.269654
0.088139
0.083203
0.271311
0.308096
0.140917
0.145059
0.271277
0.301420
0.133972
0.129723
0.302812
0.336812
0.182598
0.186671
0.302770
0.330663
0.176192
0.172553
0.154840
0.240844
0.005233
0.067719
0.157565
0.235925
0.000000
0.053603
0.176976
0.243632
0.026296
0.062775
0.178476
0.237427
0.019787
0.046959
0.215909
0.277436
0.076957
0.110856
0.217276
0.271719
0.070947
0.096292
0.251766
0.308558
0.123627
0.155127
0.253011
0.303291
0.118078
0.141717
0.284789
0.337210
0.166623
0.195890
0.285923
0.332358
0.161499
0.183542
0.145293
0.247262
0.010476
0.091188
0.150753
0.244620
0.008722
0.080237
0.170053
0.252644
0.034252
0.089600
0.174171
0.248700
0.031113
0.076976
0.209563
0.285740
0.084313
0.135555
0.213341
0.282106
0.081408
0.123932
0.245949
0.316210
0.130430
0.177870
0.249414
0.312861
0.127741
0.167167
0.279458
0.344262
0.172913
0.216832
0.282636
0.341175
0.170424
0.206977

0.063978
0.162668
0.085206
0.113493
0.071395
0.162043
0.081082
0.103264
0.052799
0.147639
0.064503
0.088447
0.059371
0.146152
0.059262
0.077011
0.038375
0.130080
0.040855
0.060759
0.044163
0.127745
0.034490
0.048075
0.047024
0.125856
0.030097
0.039938
0.050790
0.121898
0.021813
0.025487
0.052452
0.119036
0.016263
0.016274
0.054240
0.113455
0.006040
0.000000
0.070818
0.175790
0.091172
0.130717
0.078093
0.175460
0.087021
0.121049
0.057038
0.159807
0.068992
0.105714
0.063606
0.158726
0.063808
0.094930
0.040029
0.141347
0.043880
0.078142
0.045951
0.139529
0.037659
0.066204
0.048893
0.137959
0.033353
0.058529
0.052792
0.134547
0.025217
0.044870
0.054536
0.132023
0.019756
0.036148
0.056459
0.127021
0.009683
0.020718
0.089117
0.195700
0.118238
0.160511
0.097091
0.196171
0.115210
0.152094
0.073839
0.179424
0.096289
0.136574
0.081293
0.179282
0.092391
0.127179
0.055410
0.160760
0.071535
0.110209
0.062408
0.160024
0.066769
0.099804
0.066010
0.159120
0.063360
0.093076
0.071031
0.156847
0.056763
0.081046
0.073463
0.155025
0.052252
0.073332
0.076559
0.151224
0.043809
0.059633

0.223248
0.276669
0.116569
0.134475
0.237419
0.290730
0.130704
0.152083
0.214153
0.260972
0.087766
0.100977
0.228070
0.275348
0.102234
0.119525
0.202119
0.242744
0.055358
0.064058
0.215878
0.257528
0.070254
0.083659
0.187092
0.221888
0.019161
0.023503
0.200788
0.237175
0.034583
0.044278
0.208447
0.245850
0.043103
0.056038
0.220303
0.259503
0.056107
0.074496
0.199719
0.274007
0.097359
0.141010
0.214360
0.287801
0.111251
0.157609
0.191730
0.259820
0.068711
0.109001
0.205996
0.273817
0.082826
0.126407
0.180635
0.243074
0.036319
0.073599
0.194626
0.257365
0.050751
0.091920
0.166387
0.223682
0.000000
0.034601
0.180200
0.238360
0.014845
0.053951
0.187901
0.246667
0.022992
0.064864
0.199779
0.259702
0.035330
0.081922
0.188074
0.277754
0.099629
0.159229
0.204176
0.291935
0.114764
0.175810
0.182496
0.265797
0.073064
0.129766
0.198162
0.280109
0.088420
0.147094
0.173719
0.251292
0.042753
0.097015
0.189059
0.265830
0.058435
0.115200
0.161714
0.234168
0.008527
0.060790
0.176836
0.249027
0.024638
0.079944
0.185312
0.257451
0.033552
0.090766
0.198470
0.270696
0.047179
0.107714

0.256904
0.247772
0.173137
0.081981
0.273250
0.261391
0.190139
0.097856
0.250818
0.229327
0.148943
0.042996
0.267039
0.243113
0.166372
0.059513
0.242043
0.208011
0.121436
0.000000
0.258226
0.222035
0.139384
0.017243
0.254055
0.221485
0.128241
0.013422
0.269199
0.234073
0.145054
0.028671
0.273453
0.248994
0.148567
0.051239
0.288178
0.261120
0.165244
0.066102
0.274171
0.264890
0.183001
0.097863
0.289204
0.276849
0.198671
0.111535
0.266707
0.246034
0.157838
0.058959
0.281631
0.258103
0.173903
0.073142
0.256637
0.224392
0.129402
0.016118
0.271534
0.236632
0.145946
0.030880
0.265305
0.234206
0.131899
0.024281
0.279264
0.245088
0.147417
0.037140
0.282523
0.259982
0.149795
0.060029
0.296216
0.270571
0.165377
0.072748
0.298321
0.296176
0.206328
0.138876
0.312750
0.307555
0.221779
0.152109
0.290351
0.278324
0.181555
0.102376
0.304739
0.289841
0.197458
0.116134
0.279918
0.257883
0.153661
0.062207
0.294343
0.269597
0.170098
0.076559
0.286430
0.265996
0.153745
0.068342
0.300069
0.276520
0.169357
0.081035
0.300515
0.288402
0.167504
0.099190
0.313979
0.298698
0.183280
0.111818

0.065027
0.132142
0.029274
0.000000
0.082896
0.151127
0.042581
0.022373
0.070899
0.149371
0.037270
0.027846
0.087687
0.166982
0.048693
0.047866
0.090082
0.173244
0.070376
0.068414
0.106851
0.190162
0.081617
0.087181
0.105566
0.193918
0.099524
0.104885
0.122436
0.210271
0.110666
0.122544
0.146318
0.227954
0.141335
0.146863
0.161824
0.242960
0.151560
0.163039
0.071772
0.153149
0.038612
0.034112
0.088308
0.170437
0.049578
0.053569
0.072878
0.166190
0.041372
0.056486
0.088479
0.182265
0.050558
0.073781
0.089215
0.187120
0.072583
0.093741
0.105045
0.202716
0.081857
0.110060
0.101812
0.204941
0.099838
0.127091
0.117984
0.220174
0.109270
0.142561
0.143070
0.238153
0.141708
0.167231
0.157925
0.252128
0.150359
0.181399
0.094440
0.181727
0.078860
0.083303
0.111033
0.198223
0.089678
0.101287
0.092712
0.191862
0.079760
0.102434
0.108616
0.207356
0.089067
0.118530
0.104385
0.208925
0.106057
0.134848
0.120660
0.224085
0.115539
0.150125
0.112395
0.223026
0.128631
0.163662
0.129160
0.237966
0.138361
0.178240
0.152976
0.254835
0.168216
0.200788
0.168367
0.268537
0.177137
0.214138

0.144740
0.211194
0.022277
0.028027
0.160250
0.227972
0.037093
0.050457
0.151925
0.201890
0.015202
0.000000
0.167869
0.219694
0.031744
0.024803
0.178862
0.230693
0.045128
0.040863
0.194058
0.247343
0.061204
0.064110
0.202443
0.256331
0.070797
0.077098
0.217009
0.271962
0.086536
0.098978
0.238326
0.288794
0.116901
0.124478
0.251679
0.303091
0.131324
0.144478
0.158876
0.233703
0.025671
0.055595
0.172389
0.248485
0.038253
0.075235
0.165768
0.225673
0.020157
0.031047
0.179809
0.241457
0.034513
0.052947
0.190021
0.251454
0.047237
0.067655
0.203536
0.266296
0.061409
0.088311
0.211047
0.274269
0.070149
0.099906
0.224139
0.288288
0.084248
0.119487
0.245970
0.305023
0.115912
0.145028
0.257978
0.317851
0.128843
0.162932
0.190671
0.265374
0.060297
0.099284
0.203533
0.279065
0.072749
0.117572
0.195573
0.257428
0.053347
0.076114
0.208972
0.272053
0.067491
0.096486
0.215820
0.279532
0.075249
0.107321
0.228822
0.293364
0.089347
0.126658
0.233057
0.298910
0.093232
0.134516
0.245759
0.312057
0.107391
0.152974
0.266012
0.327469
0.136858
0.176518
0.277675
0.339508
0.149863
0.193411

0.210674
0.206981
0.206981
0.069704
0.215879
0.199663
0.199663
0.047328
0.195784
0.181045
0.181045
0.024881
0.200133
0.172260
0.172260
0.000000
0.209920
0.206839
0.206839
0.069810
0.215211
0.199558
0.199558
0.047447
0.247472
0.245277
0.245277
0.119911
0.252406
0.238643
0.238643
0.099419
0.282063
0.280632
0.280632
0.165936
0.286664
0.274587
0.274587
0.147158
0.184785
0.198434
0.198434
0.077591
0.191900
0.192722
0.192722
0.056996
0.170498
0.173607
0.173607
0.034762
0.176798
0.166495
0.166495
0.011782
0.183836
0.198207
0.198207
0.077665
0.191052
0.192540
0.192540
0.057087
0.223298
0.237143
0.237143
0.126875
0.230004
0.231989
0.231989
0.108013
0.259660
0.272972
0.272972
0.172102
0.265891
0.268284
0.268284
0.154814
0.166619
0.205929
0.205929
0.113765
0.176363
0.202831
0.202831
0.096495
0.153835
0.183686
0.183686
0.075342
0.162849
0.179330
0.179330
0.055928
0.165443
0.205601
0.205601
0.113801
0.175305
0.202556
0.202556
0.096551
0.206237
0.243826
0.243826
0.159984
0.215381
0.241084
0.241084
0.144182
0.243836
0.279010
0.279010
0.202439
0.252313
0.276542
0.276542
0.187961

0.109419
0.187871
0.109210
0.107359
0.126224
0.204346
0.121796
0.125387
0.096916
0.170221
0.085246
0.075315
0.113800
0.187259
0.098083
0.094390
0.081200
0.149667
0.057873
0.039614
0.098266
0.167381
0.071048
0.059869
0.062150
0.126058
0.026896
0.000000
0.079507
0.144564
0.040500
0.021579
0.089288
0.155083
0.047962
0.033766
0.104563
0.171672
0.059255
0.052847
0.116116
0.204134
0.117504
0.132613
0.131857
0.219329
0.128416
0.148570
0.101598
0.186263
0.092680
0.101788
0.117445
0.201985
0.103775
0.118660
0.083892
0.165599
0.064504
0.067498
0.099943
0.181951
0.075859
0.085404
0.062868
0.141990
0.032781
0.029502
0.079225
0.159081
0.044474
0.048567
0.088405
0.168771
0.050798
0.059284
0.102678
0.184009
0.060203
0.075975
0.134701
0.226545
0.147884
0.169494
0.150355
0.241124
0.158574
0.184380
0.119335
0.209073
0.124098
0.140884
0.135191
0.224191
0.135015
0.156630
0.100884
0.188955
0.097160
0.109075
0.117041
0.204711
0.108378
0.125791
0.079214
0.166046
0.066884
0.073841
0.095773
0.182544
0.078480
0.091646
0.105094
0.191907
0.084786
0.101661
0.119632
0.206647
0.094231
0.117274

0.267081
0.246149
0.149227
0.048116
0.283743
0.259038
0.167078
0.062741
0.256558
0.223356
0.117931
0.002595
0.273149
0.236360
0.136333
0.017719
0.292385
0.261014
0.164092
0.056849
0.307736
0.273134
0.181173
0.071022
0.325411
0.295777
0.206672
0.106944
0.339614
0.307071
0.222528
0.120223
0.355855
0.327870
0.245950
0.153202
0.368997
0.338394
0.260669
0.165641
0.246261
0.239564
0.131900
0.045293
0.263444
0.251792
0.149640
0.058253
0.236759
0.217636
0.100527
0.000000
0.253763
0.229834
0.118721
0.013267
0.274406
0.256098
0.148434
0.055007
0.290130
0.267469
0.165317
0.067463
0.309088
0.291575
0.192594
0.105753
0.323630
0.302175
0.208261
0.117445
0.341040
0.324301
0.233302
0.152573
0.354489
0.334180
0.247841
0.163545
0.233077
0.250436
0.130839
0.075241
0.251689
0.263411
0.149938
0.088942
0.225722
0.231302
0.101214
0.033511
0.244114
0.244225
0.120797
0.047549
0.264380
0.268826
0.149229
0.086045
0.281371
0.280849
0.167375
0.099186
0.299985
0.303430
0.193479
0.134504
0.315682
0.314615
0.210293
0.146804
0.332778
0.335344
0.234260
0.179210
0.347280
0.345749
0.249840
0.190718

0.081337
0.144919
0.052578
0.020869
0.084719
0.138792
0.041789
0.000000
0.087104
0.160762
0.060850
0.047240
0.090638
0.155413
0.050456
0.027828
0.089385
0.173450
0.065345
0.069492
0.093085
0.168826
0.055263
0.051381
0.104834
0.193250
0.093338
0.104448
0.109556
0.189820
0.084863
0.088333
0.144039
0.226244
0.133903
0.145296
0.148430
0.223154
0.126151
0.130562
0.052657
0.142490
0.040589
0.039814
0.057908
0.138358
0.031312
0.021376
0.056715
0.156032
0.045776
0.062067
0.062010
0.152537
0.036714
0.044845
0.057111
0.166423
0.047127
0.080358
0.062477
0.163527
0.038207
0.064214
0.072207
0.184966
0.074710
0.113203
0.078599
0.183202
0.067379
0.098933
0.113846
0.218447
0.116547
0.153098
0.119771
0.216884
0.109839
0.140050
0.076767
0.170905
0.078564
0.086615
0.083068
0.168168
0.071165
0.070665
0.077857
0.181505
0.081593
0.105550
0.084317
0.179408
0.074451
0.090725
0.075421
0.189139
0.081034
0.120849
0.082075
0.187654
0.074091
0.107030
0.086079
0.204034
0.104122
0.149280
0.093806
0.203654
0.098697
0.137195
0.126675
0.235970
0.143630
0.186198
0.133823
0.235675
0.138672
0.175152

0.084465
0.171607
0.093366
0.085902
0.091470
0.168763
0.086790
0.069809
0.070653
0.151762
0.067463
0.050539
0.076651
0.147684
0.059365
0.032417
0.079569
0.144626
0.053801
0.020764
0.083304
0.138495
0.043338
0.000000
0.107033
0.172885
0.075030
0.054279
0.109800
0.166868
0.064344
0.034586
0.131097
0.198066
0.092636
0.083797
0.132916
0.192113
0.081653
0.065024
0.051109
0.164189
0.078304
0.098585
0.060219
0.163303
0.073322
0.084680
0.038044
0.145913
0.053380
0.065807
0.046155
0.143866
0.046919
0.050016
0.050304
0.142026
0.042330
0.039793
0.056037
0.137931
0.033478
0.021472
0.078597
0.169465
0.062051
0.070129
0.083129
0.165270
0.052731
0.052602
0.103316
0.193832
0.078102
0.096626
0.106681
0.189502
0.068252
0.079761
0.071518
0.187481
0.109240
0.136862
0.081369
0.187714
0.105740
0.124999
0.056811
0.169305
0.085007
0.106366
0.065905
0.168582
0.080263
0.092863
0.070673
0.167573
0.076748
0.084074
0.077486
0.164924
0.069767
0.068248
0.098633
0.193715
0.095860
0.112092
0.104228
0.190891
0.088367
0.096920
0.123170
0.216972
0.111542
0.136588
0.127588
0.213947
0.103487
0.121955

0.174115
0.232639
0.038668
0.065049
0.189367
0.248537
0.055622
0.086529
0.178095
0.223769
0.031212
0.041110
0.192455
0.239729
0.047311
0.063105
0.178886
0.211979
0.019370
0.012844
0.192452
0.228110
0.034727
0.035511
0.200008
0.237242
0.043120
0.048289
0.211650
0.251580
0.055768
0.068253
0.235167
0.269686
0.091722
0.096546
0.245900
0.282879
0.103349
0.114889
0.148088
0.230030
0.013680
0.072608
0.163689
0.245474
0.030326
0.092754
0.154600
0.223846
0.009112
0.052358
0.169101
0.239166
0.024612
0.072745
0.157771
0.214752
0.000000
0.027865
0.171268
0.230054
0.014464
0.048639
0.178756
0.238693
0.022295
0.060299
0.190242
0.252216
0.033957
0.078429
0.215567
0.270964
0.072579
0.107561
0.226161
0.283411
0.083303
0.124220
0.173559
0.257516
0.036818
0.106903
0.188889
0.272153
0.053955
0.126261
0.181467
0.253142
0.036130
0.090664
0.195699
0.267604
0.052053
0.110134
0.186199
0.246052
0.031068
0.070445
0.199427
0.260440
0.045891
0.090167
0.206787
0.268570
0.053975
0.101249
0.218116
0.281304
0.066126
0.118506
0.241452
0.298488
0.101793
0.145240
0.251894
0.310208
0.112959
0.161092

0.190362
0.179788
0.090474
0.000000
0.209084
0.195526
0.110842
0.019095
0.206119
0.196417
0.099162
0.016179
0.223761
0.210810
0.118597
0.033610
0.218948
0.210196
0.104294
0.028494
0.235620
0.223329
0.122917
0.044361
0.245103
0.230700
0.133444
0.053180
0.260070
0.242155
0.149942
0.066733
0.268559
0.248541
0.159227
0.074188
0.281915
0.258386
0.173702
0.085503
0.209598
0.200126
0.100777
0.019617
0.226987
0.214197
0.119999
0.036649
0.221706
0.213204
0.105023
0.030975
0.238151
0.226034
0.123461
0.046465
0.230964
0.223514
0.105715
0.038522
0.246569
0.235178
0.123485
0.052558
0.255422
0.241677
0.133496
0.060282
0.269353
0.251695
0.149122
0.072012
0.277228
0.257225
0.157877
0.078373
0.289572
0.265656
0.171458
0.087863
0.234533
0.232781
0.122272
0.060575
0.251274
0.246156
0.141376
0.077071
0.243923
0.243776
0.123441
0.069409
0.259891
0.256071
0.141975
0.084584
0.250582
0.252170
0.121137
0.074631
0.265879
0.263457
0.139217
0.088574
0.274566
0.269760
0.149426
0.096277
0.288251
0.279499
0.165403
0.108031
0.295999
0.284890
0.174380
0.114442
0.308160
0.293136
0.188356
0.124074

0.131285
0.147572
0.147572
0.021469
0.139103
0.141648
0.141648
0.000000
0.165403
0.175549
0.175549
0.051510
0.172220
0.169463
0.169463
0.030721
0.196127
0.200164
0.200164
0.077308
0.201985
0.193871
0.193871
0.057053
0.233898
0.237836
0.237836
0.124848
0.239319
0.232058
0.232058
0.106207
0.268741
0.272578
0.272578
0.168667
0.273757
0.267274
0.267274
0.151512
0.144776
0.163268
0.163268
0.046073
0.152535
0.157911
0.157911
0.025940
0.176559
0.188298
0.188298
0.071647
0.183292
0.182672
0.182672
0.051979
0.205092
0.210111
0.210111
0.093177
0.210839
0.204173
0.204173
0.073838
0.241787
0.246677
0.246677
0.139114
0.247113
0.241227
0.241227
0.121309
0.275665
0.280423
0.280423
0.181483
0.280602
0.275422
0.275422
0.165091
0.164944
0.192859
0.192859
0.094543
0.173289
0.188913
0.188913
0.076967
0.195663
0.216703
0.216703
0.118307
0.202991
0.212450
0.212450
0.101100
0.223311
0.237554
0.237554
0.138361
0.229664
0.232958
0.232958
0.121404
0.258301
0.271797
0.271797
0.180647
0.264198
0.267592
0.267592
0.165042
0.290627
0.303416
0.303416
0.219661
0.296103
0.299570
0.299570
0.205300

0.056690
0.122269
0.028789
0.000000
0.074837
0.140161
0.042692
0.020204
0.062204
0.136707
0.036763
0.023527
0.079344
0.153412
0.049204
0.041879
0.079688
0.158325
0.064846
0.058965
0.096619
0.174404
0.076935
0.076261
0.120690
0.193097
0.105663
0.100560
0.136181
0.207855
0.116690
0.116441
0.158497
0.225177
0.143398
0.138998
0.172669
0.238722
0.153453
0.153579
0.027365
0.119375
0.017746
0.017094
0.046201
0.136909
0.030943
0.035639
0.031447
0.131748
0.023092
0.037100
0.049280
0.148153
0.034861
0.053903
0.048644
0.152156
0.050528
0.070469
0.066335
0.168030
0.062065
0.086375
0.092092
0.187427
0.092372
0.111121
0.108271
0.201987
0.102875
0.125710
0.132150
0.219964
0.131056
0.148690
0.146944
0.233318
0.140617
0.162072
0.011796
0.124507
0.031027
0.048193
0.032397
0.142440
0.044971
0.066132
0.015906
0.135870
0.035927
0.066279
0.035554
0.152761
0.048552
0.082627
0.031617
0.154369
0.060889
0.096527
0.051131
0.170778
0.073309
0.112070
0.076685
0.189659
0.102225
0.135355
0.094541
0.204710
0.113545
0.149611
0.118215
0.222199
0.140420
0.171229
0.134553
0.236004
0.150735
0.184304

0.149714
0.148428
0.148428
0.020780
0.154931
0.141671
0.141671
0.000000
0.157395
0.159322
0.159322
0.037432
0.162834
0.153015
0.153015
0.017399
0.186280
0.182504
0.182504
0.059887
0.190892
0.175916
0.175916
0.040030
0.212307
0.202705
0.202705
0.078475
0.216110
0.195783
0.195783
0.058655
0.245565
0.237279
0.237279
0.123201
0.249137
0.230946
0.230946
0.104972
0.126116
0.141679
0.141679
0.028895
0.133206
0.136444
0.136444
0.009615
0.132535
0.150222
0.150222
0.041509
0.139756
0.145301
0.145301
0.022758
0.162307
0.172449
0.172449
0.060856
0.168517
0.167053
0.167053
0.042029
0.189074
0.191623
0.191623
0.076318
0.194300
0.185707
0.185707
0.057280
0.224085
0.227097
0.227097
0.121359
0.228978
0.221701
0.221701
0.103864
0.108148
0.148390
0.148390
0.062772
0.117769
0.145657
0.145657
0.046598
0.114361
0.156361
0.156361
0.074398
0.124076
0.153904
0.153904
0.058706
0.146353
0.179678
0.179678
0.094008
0.154924
0.176652
0.176652
0.078167
0.175262
0.200009
0.200009
0.109970
0.182731
0.196385
0.196385
0.093865
0.211193
0.234709
0.234709
0.152271
0.218160
0.231428
0.231428
0.137480

0.273059
0.263840
0.189077
0.119374
0.276052
0.258161
0.186835
0.106440
0.265880
0.247122
0.166513
0.086587
0.267993
0.240365
0.163461
0.072336
0.256385
0.228101
0.141189
0.050760
0.257639
0.220242
0.137325
0.035131
0.254771
0.222231
0.128523
0.035311
0.255621
0.213903
0.124503
0.019244
0.250798
0.213946
0.112911
0.016572
0.251260
0.205118
0.108727
0.000000
0.253174
0.255590
0.173450
0.116070
0.257493
0.250922
0.172558
0.104272
0.246956
0.239770
0.151207
0.083958
0.250379
0.234030
0.149537
0.070885
0.238309
0.221600
0.126112
0.048784
0.240865
0.214768
0.123669
0.034382
0.238326
0.217892
0.114937
0.036024
0.240516
0.210665
0.112443
0.021326
0.235886
0.211737
0.100732
0.019969
0.237732
0.204089
0.098187
0.004915
0.241695
0.262254
0.172008
0.136270
0.247913
0.259366
0.173268
0.126731
0.237250
0.248504
0.151201
0.106537
0.242584
0.244593
0.151763
0.095836
0.230300
0.232425
0.127514
0.073829
0.234791
0.227484
0.127395
0.061927
0.231056
0.229488
0.116374
0.061582
0.235177
0.224163
0.116249
0.049435
0.229293
0.224140
0.102181
0.046142
0.233076
0.218417
0.102064
0.033704

0.177093
0.235890
0.046303
0.082161
0.179496
0.231378
0.042079
0.070145
0.180388
0.228202
0.038838
0.062294
0.180960
0.222121
0.032251
0.048119
0.180756
0.217995
0.027581
0.038950
0.179502
0.210314
0.018591
0.022537
0.200634
0.240784
0.048031
0.068390
0.198608
0.233140
0.038261
0.052308
0.234744
0.271166
0.093661
0.111423
0.232861
0.264064
0.084625
0.096507
0.152281
0.232276
0.022288
0.085735
0.156101
0.229165
0.019461
0.075427
0.157811
0.226823
0.017026
0.068601
0.159697
0.222122
0.011728
0.056135
0.160251
0.218821
0.007801
0.047994
0.160215
0.212507
0.000000
0.033301
0.180074
0.240662
0.026992
0.075224
0.179083
0.234232
0.018170
0.060646
0.215882
0.271194
0.074428
0.117956
0.214961
0.265219
0.066277
0.104439
0.140963
0.235543
0.023340
0.102411
0.147239
0.234401
0.023580
0.094723
0.150412
0.233244
0.022989
0.089487
0.154719
0.230528
0.020777
0.079710
0.156720
0.228424
0.018711
0.073206
0.159087
0.224123
0.014033
0.061286
0.178584
0.250640
0.040059
0.100373
0.179908
0.246128
0.034283
0.088457
0.214519
0.280477
0.086503
0.141283
0.215735
0.276276
0.081165
0.130228

0.185719
0.184494
0.184494
0.044431
0.205483
0.199294
0.199294
0.059000
0.175060
0.159228
0.159228
0.000000
0.194545
0.174275
0.174275
0.015264
0.194256
0.186184
0.186184
0.043644
0.213017
0.200598
0.200598
0.058093
0.209870
0.209779
0.209779
0.083124
0.228065
0.223669
0.223669
0.096855
0.246909
0.245770
0.245770
0.128474
0.263555
0.258529
0.258529
0.141135
0.157247
0.176167
0.176167
0.051590
0.178124
0.190497
0.190497
0.064135
0.148444
0.152327
0.152327
0.008793
0.168854
0.166721
0.166721
0.021789
0.168079
0.178759
0.178759
0.051097
0.187758
0.192616
0.192616
0.063486
0.183873
0.201734
0.201734
0.089257
0.202991
0.215162
0.215162
0.101123
0.223277
0.238536
0.238536
0.134256
0.240751
0.250859
0.250859
0.145192
0.135207
0.183866
0.183866
0.088509
0.158181
0.199062
0.199062
0.101104
0.129453
0.163165
0.163165
0.050092
0.151816
0.178337
0.178337
0.063065
0.148771
0.187555
0.187555
0.088393
0.170319
0.202176
0.202176
0.100789
0.164027
0.208500
0.208500
0.122772
0.184950
0.222687
0.222687
0.134679
0.205349
0.244950
0.244950
0.165242
0.224459
0.257957
0.257957
0.176206

