0.096386
0.094053
0.056782
0.025148
0.102777
0.099256
0.064182
0.032235
0.093435
0.086456
0.045383
0.008757
0.099830
0.091826
0.053173
0.016353
0.095440
0.081028
0.043757
0.000000
0.101534
0.086414
0.051339
0.004601
0.104973
0.089421
0.055602
0.008952
0.110357
0.094073
0.062246
0.015664
0.113386
0.096653
0.065965
0.019376
0.118110
0.100613
0.071733
0.025053
0.087799
0.092488
0.050405
0.027393
0.094512
0.097509
0.057906
0.033925
0.085381
0.085507
0.039131
0.011642
0.092056
0.090639
0.046995
0.018615
0.088646
0.081120
0.039037
0.001141
0.094932
0.086186
0.046582
0.008206
0.098476
0.089001
0.050814
0.012116
0.104016
0.093331
0.057394
0.018104
0.107128
0.095717
0.061066
0.021386
0.111973
0.099353
0.066743
0.027713
0.082791
0.095248
0.047731
0.036862
0.088374
0.100449
0.055732
0.043395
0.079450
0.089282
0.038703
0.022322
0.086698
0.094563
0.045282
0.029268
0.084361
0.086413
0.038896
0.013993
0.091143
0.091569
0.046852
0.020952
0.094974
0.094443
0.051325
0.024814
0.100980
0.098879
0.058301
0.030742
0.104363
0.101333
0.062208
0.034003
0.109648
0.105091
0.068271
0.038957

0.012987
0.047213
0.014819
0.013466
0.015978
0.045984
0.011721
0.010049
0.014853
0.052385
0.016949
0.020967
0.017878
0.051348
0.013868
0.015208
0.027115
0.062604
0.023841
0.030442
0.029446
0.061371
0.020372
0.024742
0.037753
0.071688
0.029286
0.038715
0.039431
0.070267
0.025418
0.033049
0.053316
0.083388
0.044625
0.052285
0.054748
0.081998
0.040998
0.046999
0.000598
0.044702
0.008463
0.017899
0.002798
0.044240
0.005909
0.012492
0.000000
0.049181
0.009539
0.024276
0.004017
0.048877
0.006948
0.019103
0.013156
0.059526
0.016162
0.033066
0.016348
0.058942
0.013075
0.027871
0.024527
0.068674
0.021237
0.040636
0.026945
0.067823
0.019300
0.035396
0.041440
0.080814
0.037449
0.054246
0.043542
0.079945
0.034078
0.049355
0.006901
0.054035
0.021642
0.032566
0.011326
0.054001
0.019738
0.027846
0.008317
0.057282
0.021846
0.037998
0.010909
0.057451
0.019971
0.033524
0.019762
0.067444
0.028681
0.046442
0.023468
0.067315
0.026316
0.041929
0.031397
0.076446
0.034044
0.053741
0.034324
0.076038
0.031189
0.049172
0.047839
0.088045
0.049282
0.066390
0.050405
0.087582
0.046583
0.062119

0.016869
0.027505
0.027505
0.002676
0.019792
0.026502
0.026502
0.000347
0.021423
0.031559
0.031559
0.007449
0.024225
0.030580
0.030580
0.003341
0.024832
0.034751
0.034751
0.011444
0.027553
0.033813
0.033813
0.007462
0.035996
0.042784
0.042784
0.018319
0.038287
0.041654
0.041654
0.014304
0.046133
0.050031
0.050031
0.024472
0.048031
0.048723
0.048723
0.020423
0.007794
0.023625
0.023625
0.003791
0.009730
0.023187
0.023187
0.000000
0.010648
0.027442
0.027442
0.008044
0.014251
0.026998
0.026998
0.004351
0.014091
0.030350
0.030350
0.011502
0.017576
0.029919
0.029919
0.007910
0.026021
0.038580
0.038580
0.018160
0.029009
0.037911
0.037911
0.014498
0.036840
0.045981
0.045981
0.024079
0.039370
0.045091
0.045091
0.021179
0.015481
0.033370
0.033370
0.015768
0.019160
0.033073
0.033073
0.012294
0.018799
0.036291
0.036291
0.019344
0.022376
0.036020
0.036020
0.015981
0.022249
0.038348
0.038348
0.022164
0.024457
0.038120
0.038120
0.018914
0.032521
0.046341
0.046341
0.028589
0.035560
0.045880
0.045880
0.025265
0.043040
0.053541
0.053541
0.034309
0.045639
0.052862
0.052862
0.030913

0.034248
0.067443
0.030778
0.017877
0.036575
0.065306
0.027110
0.009016
0.034341
0.062074
0.027732
0.005704
0.036395
0.059435
0.023659
0.000000
0.050382
0.076630
0.044464
0.026169
0.052254
0.074287
0.040778
0.017345
0.065003
0.089816
0.059689
0.044632
0.066710
0.087735
0.056350
0.036711
0.078335
0.101764
0.073546
0.061293
0.079889
0.099916
0.070520
0.054181
0.020617
0.065290
0.025499
0.026089
0.023873
0.064075
0.023826
0.018498
0.021708
0.061144
0.023875
0.016116
0.024710
0.059492
0.020666
0.007700
0.038702
0.075561
0.040653
0.035245
0.041429
0.074103
0.037737
0.027685
0.054205
0.088640
0.055944
0.052530
0.056681
0.087353
0.053292
0.045737
0.068352
0.100509
0.069884
0.068154
0.070598
0.099373
0.067470
0.062048
0.014068
0.066059
0.029394
0.039072
0.016716
0.065949
0.027753
0.032937
0.015253
0.062724
0.028382
0.030586
0.018065
0.062219
0.026443
0.023733
0.031490
0.076916
0.044751
0.048237
0.035393
0.076496
0.042988
0.042085
0.047654
0.089802
0.059674
0.064199
0.051200
0.089454
0.058068
0.058675
0.062404
0.101503
0.073285
0.078638
0.065624
0.101217
0.071820
0.073675

0.071681
0.090426
0.011698
0.027438
0.071196
0.088046
0.007961
0.024431
0.080262
0.099120
0.022049
0.038773
0.080097
0.097070
0.019037
0.033957
0.093522
0.110576
0.039980
0.054616
0.093412
0.108680
0.037258
0.050159
0.105808
0.121226
0.056550
0.069324
0.105745
0.119471
0.054089
0.065198
0.117193
0.131129
0.071863
0.082980
0.117169
0.129504
0.069638
0.079159
0.063043
0.089709
0.001694
0.028550
0.062877
0.087751
0.000000
0.023541
0.071849
0.098226
0.012193
0.039471
0.072014
0.096588
0.009399
0.035110
0.085818
0.109831
0.031047
0.055425
0.086023
0.108324
0.028542
0.051401
0.098751
0.120612
0.048452
0.070223
0.098988
0.119225
0.046207
0.066508
0.110728
0.130631
0.064524
0.083950
0.110991
0.129352
0.062511
0.080520
0.063278
0.092533
0.006888
0.037037
0.062747
0.091302
0.004608
0.033045
0.070208
0.100464
0.017295
0.046739
0.071246
0.099516
0.014373
0.043344
0.084197
0.111883
0.034370
0.062128
0.085208
0.111016
0.032986
0.058998
0.097158
0.122496
0.051390
0.076408
0.098140
0.121702
0.050177
0.073520
0.109169
0.132360
0.067119
0.089659
0.110120
0.131632
0.066057
0.086994

0.044741
0.072438
0.039980
0.043133
0.046305
0.071312
0.036945
0.037823
0.042078
0.066710
0.031146
0.031575
0.043056
0.065073
0.027417
0.025561
0.038252
0.059989
0.021020
0.018748
0.038647
0.057826
0.016567
0.011985
0.033254
0.052242
0.009543
0.004571
0.033064
0.049535
0.004326
0.000000
0.041876
0.060930
0.021961
0.018447
0.041908
0.058593
0.017333
0.011609
0.035776
0.070079
0.033692
0.046198
0.036196
0.069500
0.030974
0.041448
0.032002
0.065011
0.025141
0.035378
0.033493
0.063920
0.021707
0.029942
0.028687
0.058938
0.015253
0.023310
0.029562
0.057325
0.011071
0.017148
0.024134
0.051834
0.003967
0.009922
0.024394
0.049682
0.000683
0.002985
0.033118
0.060270
0.016585
0.023182
0.033576
0.058454
0.012200
0.016929
0.045569
0.079742
0.047284
0.059760
0.047697
0.079391
0.045024
0.055615
0.043231
0.074826
0.039262
0.049757
0.044815
0.074025
0.036369
0.045003
0.039769
0.068995
0.030026
0.038623
0.040814
0.067733
0.026473
0.033223
0.035180
0.062222
0.019523
0.026290
0.035686
0.060486
0.015277
0.020201
0.043547
0.069430
0.030461
0.037940
0.043424
0.068008
0.026748
0.032475

0.018326
0.057916
0.027307
0.041839
0.019807
0.057848
0.025894
0.038429
0.013457
0.052972
0.020183
0.033540
0.016347
0.052583
0.018354
0.029764
0.009007
0.047086
0.011962
0.024404
0.011527
0.046396
0.009729
0.020262
0.003155
0.040250
0.002624
0.014407
0.005350
0.039278
0.000000
0.011784
0.020005
0.053000
0.017876
0.027584
0.021864
0.051955
0.015288
0.023251
0.020787
0.063040
0.029682
0.047113
0.023850
0.062947
0.028124
0.043760
0.016423
0.057520
0.021787
0.038595
0.019143
0.057151
0.019848
0.034902
0.010681
0.051078
0.012800
0.029252
0.013101
0.050452
0.010493
0.025219
0.003553
0.043701
0.002697
0.019058
0.005716
0.042837
0.001297
0.014682
0.020396
0.056302
0.018024
0.032061
0.022231
0.055362
0.015403
0.027859
0.029390
0.070950
0.040341
0.057613
0.032569
0.071050
0.039096
0.054602
0.024174
0.065142
0.032353
0.049301
0.027097
0.065021
0.030792
0.045994
0.017623
0.058444
0.023320
0.040203
0.020336
0.058123
0.021456
0.036601
0.011339
0.050839
0.013213
0.030290
0.012266
0.050335
0.011057
0.026392
0.026204
0.063059
0.027935
0.042684
0.028401
0.062460
0.025793
0.038933

0.080210
0.090906
0.025844
0.023946
0.084505
0.096418
0.031448
0.032331
0.074320
0.083293
0.012612
0.008144
0.078750
0.089139
0.018546
0.017198
0.073378
0.078217
0.007586
0.000000
0.077681
0.084264
0.013416
0.006005
0.080080
0.087691
0.016620
0.011371
0.083782
0.093079
0.021483
0.019770
0.085827
0.096123
0.024118
0.024492
0.088949
0.100892
0.028048
0.031851
0.073843
0.091632
0.019471
0.028979
0.078022
0.096801
0.024727
0.036641
0.067992
0.084581
0.006186
0.014093
0.072276
0.090035
0.011723
0.022340
0.067694
0.080483
0.002118
0.004067
0.071788
0.086069
0.007447
0.012647
0.074060
0.089227
0.010349
0.017473
0.077544
0.094180
0.014702
0.024998
0.079455
0.096970
0.017029
0.029210
0.082347
0.101325
0.022024
0.035741
0.073205
0.094562
0.021646
0.037902
0.076780
0.099646
0.027205
0.045282
0.066991
0.088290
0.010571
0.024287
0.071546
0.093634
0.014948
0.032210
0.067913
0.085445
0.006959
0.016334
0.072248
0.090873
0.012553
0.024509
0.074671
0.093950
0.015628
0.029116
0.078417
0.098786
0.020292
0.036313
0.080493
0.101517
0.022818
0.040351
0.083669
0.105794
0.026582
0.046628

0.055545
0.060307
0.060307
0.025655
0.056495
0.058731
0.058731
0.019740
0.051170
0.053136
0.053136
0.012948
0.053211
0.051081
0.051081
0.006364
0.050978
0.051146
0.051146
0.009319
0.052821
0.048926
0.048926
0.002567
0.049724
0.048100
0.048100
0.004406
0.051379
0.045703
0.045703
0.000000
0.063668
0.062160
0.062160
0.021555
0.065207
0.059933
0.059933
0.015090
0.058705
0.064168
0.064168
0.029607
0.061020
0.062567
0.062567
0.023737
0.055084
0.056598
0.056598
0.016729
0.057035
0.054546
0.054546
0.011698
0.054580
0.054894
0.054894
0.014044
0.056394
0.052738
0.052738
0.007429
0.053043
0.052155
0.052155
0.010093
0.054729
0.049882
0.049882
0.003349
0.066693
0.065921
0.065921
0.026886
0.068265
0.063815
0.063815
0.020624
0.066541
0.074422
0.074422
0.044900
0.068994
0.073196
0.073196
0.039710
0.062570
0.067072
0.067072
0.032862
0.064717
0.065453
0.065453
0.027090
0.061370
0.064990
0.064990
0.030008
0.063418
0.063292
0.063292
0.024160
0.060343
0.061937
0.061937
0.025983
0.061148
0.060149
0.060149
0.020025
0.072313
0.074953
0.074953
0.041613
0.074143
0.073300
0.073300
0.036083

0.024243
0.035379
0.035379
0.011730
0.031591
0.040247
0.040247
0.015154
0.018897
0.028191
0.028191
0.003404
0.026286
0.033081
0.033081
0.005265
0.030508
0.035851
0.035851
0.007165
0.037203
0.040202
0.040202
0.010079
0.041021
0.042657
0.042657
0.011677
0.047065
0.046491
0.046491
0.014090
0.054306
0.054464
0.054464
0.024310
0.059904
0.058056
0.058056
0.026619
0.013158
0.030226
0.030226
0.009910
0.021027
0.035225
0.035225
0.013173
0.007821
0.023048
0.023048
0.000000
0.015723
0.028056
0.028056
0.003240
0.020232
0.030885
0.030885
0.005022
0.027377
0.035315
0.035315
0.007726
0.031447
0.037805
0.037805
0.009189
0.037881
0.041682
0.041682
0.012620
0.045678
0.050187
0.050187
0.022229
0.051627
0.053808
0.053808
0.024307
0.005925
0.030066
0.030066
0.016670
0.012975
0.035524
0.035524
0.020223
0.000919
0.023321
0.023321
0.007390
0.007953
0.028792
0.028792
0.010928
0.012920
0.031892
0.031892
0.012889
0.020799
0.036762
0.036762
0.015891
0.025294
0.039510
0.039510
0.017534
0.032413
0.043807
0.043807
0.020012
0.040266
0.052041
0.052041
0.030265
0.046838
0.056044
0.056044
0.032617

0.108680
0.103142
0.075130
0.042658
0.109762
0.100561
0.074029
0.036641
0.105961
0.096344
0.065790
0.028494
0.106686
0.093275
0.064336
0.021816
0.102279
0.088531
0.055205
0.012865
0.102653
0.084955
0.053390
0.005485
0.101408
0.085490
0.049140
0.004641
0.101601
0.081642
0.047212
0.000000
0.107835
0.095400
0.055750
0.018544
0.108298
0.092012
0.054458
0.011688
0.101264
0.100808
0.069583
0.043321
0.102905
0.098700
0.069125
0.037932
0.098942
0.094482
0.060424
0.029676
0.100228
0.091900
0.059642
0.023667
0.095616
0.087138
0.049989
0.014588
0.096557
0.084067
0.048882
0.009187
0.095403
0.085092
0.044572
0.007736
0.096190
0.081793
0.043415
0.000803
0.101626
0.094601
0.050403
0.020673
0.102668
0.091737
0.049876
0.014586
0.098259
0.103885
0.069080
0.052525
0.099240
0.102535
0.069569
0.048181
0.095190
0.098458
0.060494
0.040017
0.097264
0.096666
0.060708
0.035121
0.092525
0.092037
0.050627
0.026128
0.094273
0.089792
0.050571
0.020652
0.092609
0.090417
0.045250
0.019737
0.094211
0.087964
0.045183
0.014042
0.098361
0.099122
0.051454
0.031074
0.100192
0.097060
0.050397
0.026165

0.102190
0.090342
0.059665
0.029471
0.107011
0.094443
0.065502
0.034328
0.097618
0.083040
0.049368
0.015892
0.102543
0.087226
0.055459
0.020923
0.092263
0.074888
0.037930
0.003369
0.097312
0.079172
0.044304
0.006273
0.094590
0.078447
0.037881
0.003556
0.099456
0.082356
0.044084
0.008264
0.105952
0.090877
0.053919
0.021623
0.110513
0.094574
0.059706
0.026073
0.097432
0.088948
0.054483
0.028521
0.102283
0.092810
0.060294
0.032941
0.092896
0.081780
0.043950
0.014910
0.097841
0.085698
0.050009
0.019466
0.087542
0.073740
0.032218
0.000000
0.092601
0.077728
0.038554
0.004706
0.089186
0.076435
0.030859
0.000980
0.094078
0.080053
0.037055
0.006748
0.101000
0.089105
0.047583
0.019441
0.105583
0.092532
0.053358
0.023420
0.096415
0.093107
0.054386
0.037307
0.100611
0.097120
0.060589
0.041944
0.091271
0.086603
0.044103
0.024561
0.096508
0.090679
0.050582
0.029354
0.086234
0.079254
0.032604
0.010560
0.091598
0.083406
0.039395
0.015525
0.087588
0.081783
0.032292
0.011187
0.092825
0.085609
0.037301
0.015727
0.099532
0.094080
0.047430
0.028983
0.104430
0.097694
0.053683
0.033263

0.035035
0.043771
0.043771
0.004100
0.041444
0.049375
0.049375
0.008660
0.032974
0.041517
0.041517
0.000000
0.041226
0.047478
0.047478
0.005197
0.041299
0.044001
0.044001
0.000640
0.049234
0.050052
0.050052
0.003719
0.056949
0.058768
0.058768
0.015679
0.064248
0.064362
0.064362
0.020964
0.071352
0.072408
0.072408
0.032021
0.078066
0.077581
0.077581
0.036939
0.037381
0.047610
0.047610
0.008600
0.045025
0.052627
0.052627
0.013792
0.036291
0.045469
0.045469
0.005413
0.044138
0.050876
0.050876
0.009766
0.045026
0.048747
0.048747
0.004780
0.052560
0.054239
0.054239
0.009606
0.060379
0.063191
0.063191
0.021998
0.067309
0.068268
0.068268
0.026492
0.074510
0.076531
0.076531
0.037944
0.080885
0.081226
0.081226
0.042129
0.044427
0.058162
0.058162
0.025275
0.051961
0.063092
0.063092
0.028892
0.043752
0.055460
0.055460
0.021879
0.049992
0.060781
0.060781
0.026111
0.051103
0.058972
0.058972
0.021566
0.058549
0.064342
0.064342
0.026212
0.065982
0.072665
0.072665
0.037574
0.072831
0.077628
0.077628
0.041897
0.079676
0.085310
0.085310
0.052398
0.085978
0.089898
0.089898
0.056422

0.065145
0.076404
0.006566
0.000789
0.070852
0.083159
0.014225
0.007714
0.074065
0.086989
0.018500
0.013686
0.079080
0.093016
0.025109
0.023052
0.081891
0.096425
0.028774
0.028333
0.086254
0.101775
0.034396
0.036593
0.088683
0.104793
0.037485
0.041234
0.092428
0.109515
0.042175
0.048467
0.094496
0.112168
0.044720
0.052515
0.097653
0.116301
0.048523
0.058792
0.058628
0.077821
0.000000
0.004887
0.063169
0.084207
0.007437
0.014601
0.066384
0.087823
0.011576
0.020082
0.071393
0.093505
0.017951
0.028659
0.074194
0.096714
0.021471
0.033483
0.078532
0.101740
0.026845
0.041005
0.080941
0.104569
0.029780
0.045218
0.084641
0.108984
0.034204
0.051758
0.086677
0.111458
0.036583
0.055401
0.089769
0.115298
0.041500
0.061023
0.065959
0.089178
0.010286
0.021115
0.071593
0.095153
0.016050
0.030218
0.074765
0.098539
0.020233
0.035355
0.079716
0.103861
0.026698
0.043401
0.082490
0.106868
0.030282
0.047928
0.086797
0.111582
0.035777
0.054993
0.089195
0.114236
0.038795
0.058953
0.092890
0.118381
0.043373
0.065105
0.094931
0.120706
0.045854
0.068537
0.098045
0.124318
0.049559
0.073837

0.065739
0.085883
0.016770
0.023061
0.070182
0.092218
0.022457
0.031165
0.060397
0.079210
0.003453
0.010809
0.066218
0.085713
0.009209
0.016286
0.063961
0.086125
0.003079
0.015604
0.069242
0.092084
0.008179
0.023400
0.078785
0.099000
0.023243
0.034388
0.083680
0.104501
0.027997
0.041592
0.092382
0.110822
0.041709
0.051622
0.096918
0.115899
0.046138
0.058278
0.069297
0.094357
0.016841
0.032325
0.074578
0.100041
0.021751
0.039542
0.064643
0.087674
0.002697
0.017308
0.069794
0.093503
0.007637
0.024921
0.066536
0.093161
0.000000
0.023078
0.071184
0.098492
0.006147
0.029986
0.081225
0.105510
0.020533
0.041327
0.085541
0.110435
0.024569
0.047718
0.094692
0.116844
0.039327
0.058062
0.098699
0.121394
0.043104
0.063975
0.080025
0.105256
0.028519
0.046826
0.085180
0.110611
0.033611
0.053720
0.075292
0.098912
0.014869
0.032753
0.080365
0.104417
0.020046
0.040038
0.076408
0.103499
0.012977
0.037353
0.081064
0.108578
0.016125
0.044041
0.090247
0.114986
0.030944
0.054391
0.094566
0.119677
0.035307
0.060575
0.102937
0.125532
0.048794
0.070019
0.106943
0.129864
0.052864
0.075737

0.051265
0.082877
0.009790
0.031805
0.052630
0.081652
0.008533
0.028122
0.058986
0.084550
0.016254
0.031464
0.059901
0.082941
0.014611
0.027373
0.065628
0.085369
0.021549
0.030103
0.066109
0.083378
0.019523
0.025592
0.071240
0.085351
0.025715
0.027726
0.071303
0.082979
0.023305
0.025104
0.084050
0.096650
0.040922
0.042341
0.084036
0.094381
0.038615
0.037674
0.041662
0.079551
0.000000
0.030782
0.041964
0.078812
0.000452
0.027595
0.049159
0.082323
0.007987
0.031730
0.050640
0.081194
0.006827
0.028147
0.057159
0.084212
0.014749
0.031646
0.058185
0.082700
0.013202
0.027657
0.064066
0.085243
0.020333
0.030539
0.064653
0.083348
0.018402
0.026134
0.077492
0.096651
0.035996
0.045057
0.077962
0.094826
0.034133
0.040893
0.051436
0.089520
0.010873
0.041373
0.053440
0.088973
0.009309
0.038706
0.060179
0.092282
0.017608
0.042666
0.061731
0.091367
0.016929
0.039615
0.067841
0.094216
0.024446
0.042977
0.068962
0.092939
0.023385
0.039535
0.074477
0.095346
0.030157
0.042319
0.075184
0.093709
0.028718
0.038476
0.087125
0.106056
0.045148
0.056077
0.087715
0.104476
0.043749
0.052442

0.064940
0.076546
0.076546
0.039675
0.066894
0.075233
0.075233
0.032788
0.059823
0.068768
0.068768
0.025015
0.062933
0.066921
0.066921
0.017205
0.064560
0.065562
0.065562
0.012174
0.066878
0.062872
0.062872
0.003191
0.071828
0.066734
0.066734
0.006097
0.073522
0.063412
0.063412
0.000000
0.085826
0.081660
0.081660
0.026786
0.087427
0.078672
0.078672
0.017827
0.066043
0.080540
0.080540
0.047529
0.069555
0.079478
0.079478
0.041230
0.061604
0.072613
0.072613
0.033489
0.064844
0.071085
0.071085
0.026360
0.066557
0.069931
0.069931
0.021763
0.069029
0.067604
0.067604
0.014761
0.074405
0.072190
0.072190
0.017684
0.076293
0.069300
0.069300
0.008698
0.088067
0.086461
0.086461
0.037059
0.089839
0.083857
0.083857
0.028897
0.071259
0.089504
0.089504
0.063302
0.075051
0.088956
0.088956
0.057933
0.067709
0.081791
0.081791
0.050396
0.069856
0.080859
0.080859
0.044308
0.071792
0.080077
0.080077
0.040364
0.074651
0.078399
0.078399
0.033288
0.079942
0.082899
0.082899
0.037398
0.082234
0.080697
0.080697
0.029633
0.093110
0.096223
0.096223
0.055014
0.095253
0.094246
0.094246
0.047962

0.052981
0.052830
0.052830
0.010962
0.059888
0.058761
0.058761
0.017545
0.049923
0.044935
0.044935
0.000000
0.056761
0.051004
0.051004
0.004106
0.054517
0.050134
0.050134
0.005006
0.060921
0.055715
0.055715
0.011279
0.058068
0.054309
0.054309
0.011610
0.064080
0.059439
0.059439
0.017254
0.064301
0.062658
0.062658
0.024245
0.070087
0.067548
0.067548
0.029547
0.045731
0.050646
0.050646
0.015220
0.051246
0.056453
0.056453
0.021278
0.041753
0.043457
0.043457
0.002329
0.048810
0.049351
0.049351
0.008684
0.046238
0.048059
0.048059
0.009016
0.052849
0.053474
0.053474
0.014732
0.049634
0.051633
0.051633
0.014501
0.055842
0.056607
0.056607
0.020608
0.055924
0.059735
0.059735
0.026552
0.061907
0.064491
0.064491
0.031372
0.054381
0.062253
0.062253
0.031248
0.061126
0.067674
0.067674
0.036829
0.051606
0.055234
0.055234
0.019160
0.058264
0.060747
0.060747
0.025018
0.054982
0.058901
0.058901
0.024832
0.061256
0.063994
0.063994
0.030118
0.057340
0.061613
0.061613
0.029394
0.063273
0.066319
0.066319
0.034144
0.063445
0.068560
0.068560
0.040105
0.068159
0.073088
0.073088
0.044600

0.055299
0.058674
0.058674
0.025940
0.061368
0.063257
0.063257
0.029808
0.050214
0.050938
0.050938
0.013954
0.056351
0.055593
0.055593
0.017906
0.044158
0.042252
0.042252
0.000848
0.050393
0.047000
0.047000
0.004897
0.050212
0.044536
0.044536
0.000190
0.056331
0.049434
0.049434
0.004682
0.055299
0.045845
0.045845
0.000745
0.061330
0.050914
0.050914
0.003306
0.046257
0.054240
0.054240
0.024830
0.052543
0.058719
0.058719
0.028257
0.041228
0.046609
0.046609
0.012985
0.047566
0.051133
0.051133
0.016450
0.035173
0.037996
0.037996
0.000000
0.041595
0.042584
0.042584
0.004947
0.042489
0.041527
0.041527
0.000828
0.048758
0.046240
0.046240
0.004768
0.048791
0.044057
0.044057
0.000466
0.054936
0.048916
0.048916
0.004845
0.041389
0.055595
0.055595
0.033853
0.046893
0.060364
0.060364
0.037446
0.035461
0.048595
0.048595
0.023012
0.042290
0.053409
0.053409
0.026645
0.031141
0.040620
0.040620
0.011080
0.036663
0.045501
0.045501
0.014764
0.038002
0.044804
0.044804
0.012384
0.044708
0.049755
0.049755
0.016431
0.045217
0.048000
0.048000
0.012553
0.051744
0.053043
0.053043
0.016976

0.060694
0.059798
0.059798
0.005492
0.062741
0.056988
0.056988
0.000000
0.071858
0.069873
0.069873
0.017754
0.073661
0.067122
0.067122
0.009151
0.081901
0.078694
0.078694
0.028248
0.083463
0.075971
0.075971
0.020005
0.090893
0.086335
0.086335
0.037074
0.092213
0.083608
0.083608
0.029116
0.102677
0.099006
0.099006
0.054310
0.103944
0.096552
0.096552
0.047065
0.051451
0.057777
0.057777
0.011502
0.054247
0.055694
0.055694
0.003408
0.062888
0.067336
0.067336
0.022220
0.065366
0.065225
0.065225
0.014437
0.073168
0.075656
0.075656
0.031246
0.075334
0.073490
0.073490
0.023703
0.082362
0.082803
0.082803
0.038668
0.084220
0.080555
0.080555
0.032727
0.094697
0.095608
0.095608
0.055569
0.096459
0.093592
0.093592
0.048854
0.047156
0.060412
0.060412
0.025617
0.048173
0.059346
0.059346
0.018896
0.056573
0.070116
0.070116
0.035829
0.059958
0.068963
0.068963
0.029342
0.067559
0.078623
0.078623
0.044477
0.070577
0.077364
0.077364
0.038163
0.077440
0.085999
0.085999
0.051639
0.080102
0.084614
0.084614
0.045441
0.090062
0.098449
0.098449
0.067377
0.092565
0.097225
0.097225
0.061736

0.036897
0.041307
0.041307
0.007160
0.042867
0.046883
0.046883
0.011872
0.039165
0.038552
0.038552
0.000000
0.046152
0.043938
0.043938
0.002440
0.053947
0.053020
0.053020
0.014607
0.060477
0.058076
0.058076
0.018989
0.067740
0.066542
0.066542
0.030331
0.073844
0.071290
0.071290
0.034473
0.080611
0.079180
0.079180
0.045046
0.086318
0.083639
0.083639
0.048961
0.038950
0.045045
0.045045
0.011601
0.045951
0.050159
0.050159
0.015650
0.042613
0.042380
0.042380
0.002385
0.049239
0.047278
0.047278
0.007682
0.057189
0.056655
0.056655
0.018994
0.063384
0.061257
0.061257
0.022717
0.070790
0.069995
0.069995
0.034531
0.076581
0.074318
0.074318
0.038056
0.083480
0.082460
0.082460
0.049064
0.088895
0.086521
0.086521
0.052401
0.046823
0.054916
0.054916
0.026535
0.052478
0.059966
0.059966
0.030521
0.049635
0.052923
0.052923
0.018344
0.056195
0.057758
0.057758
0.022214
0.063743
0.066519
0.066519
0.033934
0.069876
0.071058
0.071058
0.037595
0.076908
0.079223
0.079223
0.048517
0.082641
0.083485
0.083485
0.051980
0.089193
0.091094
0.091094
0.062159
0.094552
0.095097
0.095097
0.065435

0.032281
0.049248
0.049248
0.021919
0.040427
0.054010
0.054010
0.024311
0.038355
0.047710
0.047710
0.013561
0.045833
0.052059
0.052059
0.015582
0.043056
0.045089
0.045089
0.004032
0.049923
0.049045
0.049045
0.005670
0.049972
0.048045
0.048045
0.007588
0.056511
0.052062
0.052062
0.007947
0.063388
0.060291
0.060291
0.020343
0.069425
0.064088
0.064088
0.022434
0.019040
0.042832
0.042832
0.017931
0.027879
0.047698
0.047698
0.019931
0.026571
0.041948
0.041948
0.009602
0.034632
0.046321
0.046321
0.011148
0.032574
0.039876
0.039876
0.000000
0.039924
0.043777
0.043777
0.002955
0.041129
0.044186
0.044186
0.003383
0.048086
0.048129
0.048129
0.004911
0.055623
0.057115
0.057115
0.018513
0.062031
0.060837
0.060837
0.020104
0.010994
0.042229
0.042229
0.026613
0.017240
0.047752
0.047752
0.029169
0.016908
0.042864
0.042864
0.019820
0.025952
0.047859
0.047859
0.021931
0.024835
0.042281
0.042281
0.011802
0.033084
0.046775
0.046775
0.013462
0.034724
0.047155
0.047155
0.015117
0.042477
0.051611
0.051611
0.017142
0.050043
0.060085
0.060085
0.029506
0.057165
0.064263
0.064263
0.031535

0.077690
0.073930
0.033502
0.008928
0.082600
0.078453
0.040287
0.013655
0.078620
0.069960
0.033090
0.000000
0.084450
0.074288
0.039481
0.004460
0.083438
0.071491
0.037866
0.003566
0.089192
0.076029
0.044285
0.006192
0.095783
0.084507
0.053842
0.019516
0.101165
0.088795
0.059845
0.024175
0.107251
0.096607
0.068641
0.036422
0.112286
0.100658
0.074256
0.040848
0.080697
0.078277
0.032915
0.010157
0.086525
0.082277
0.039453
0.014210
0.082906
0.074289
0.032919
0.001350
0.088385
0.078055
0.039000
0.006776
0.088204
0.076598
0.038869
0.004160
0.093606
0.080580
0.044962
0.008316
0.100395
0.089458
0.055050
0.022502
0.105445
0.093228
0.060745
0.026467
0.111705
0.101398
0.070017
0.039493
0.116428
0.104965
0.075341
0.043272
0.088015
0.089397
0.040193
0.024053
0.093844
0.093395
0.045345
0.028345
0.090746
0.086175
0.039756
0.016759
0.096221
0.089944
0.046122
0.020708
0.096142
0.088501
0.046167
0.019712
0.101509
0.092444
0.052479
0.024031
0.107873
0.100575
0.061967
0.037011
0.112883
0.104299
0.067851
0.041111
0.118749
0.111782
0.076572
0.053030
0.123426
0.115298
0.082058
0.056920

0.081175
0.088387
0.088387
0.054731
0.083674
0.086938
0.086938
0.048831
0.078941
0.081729
0.081729
0.042200
0.081023
0.079783
0.079783
0.035572
0.075664
0.074011
0.074011
0.028311
0.077338
0.071551
0.071551
0.020906
0.071335
0.065188
0.065188
0.012974
0.072608
0.062194
0.062194
0.004740
0.069738
0.061189
0.061189
0.005497
0.070790
0.057913
0.057913
0.000000
0.072710
0.084073
0.084073
0.055585
0.074268
0.083141
0.083141
0.050230
0.069439
0.077917
0.077917
0.043708
0.072150
0.076494
0.076494
0.037652
0.066659
0.070691
0.070691
0.030504
0.068954
0.068764
0.068764
0.023703
0.062782
0.062356
0.062356
0.015891
0.064672
0.059909
0.059909
0.009631
0.061959
0.059412
0.059412
0.010073
0.063643
0.056727
0.056727
0.002110
0.079600
0.094089
0.094089
0.070308
0.082766
0.093476
0.093476
0.065632
0.077456
0.088108
0.088108
0.059298
0.080256
0.087066
0.087066
0.053999
0.074291
0.081136
0.081136
0.047073
0.076739
0.079657
0.079657
0.041115
0.070099
0.073139
0.073139
0.033560
0.072207
0.071207
0.071207
0.026898
0.069776
0.070051
0.070051
0.028079
0.070621
0.067927
0.067927
0.021101

0.059646
0.088643
0.011387
0.025245
0.060734
0.086713
0.008035
0.019335
0.067676
0.088947
0.017645
0.022068
0.068270
0.086525
0.013971
0.018489
0.082667
0.101725
0.035897
0.039571
0.083193
0.099477
0.032551
0.033635
0.096400
0.113479
0.052686
0.055716
0.096867
0.111394
0.049640
0.050259
0.108985
0.124292
0.068133
0.070612
0.109401
0.122359
0.065360
0.065595
0.049423
0.086665
0.001227
0.027156
0.049277
0.085340
0.000000
0.021869
0.057415
0.088390
0.009566
0.025810
0.058628
0.086583
0.006291
0.020030
0.073360
0.101300
0.028556
0.043090
0.074455
0.099619
0.025583
0.037782
0.087958
0.113166
0.046012
0.059023
0.088947
0.111603
0.043314
0.054148
0.101324
0.124074
0.062062
0.073715
0.102218
0.122622
0.059616
0.069239
0.061256
0.098011
0.016340
0.041349
0.063047
0.096977
0.012975
0.036868
0.070417
0.099762
0.023255
0.040481
0.071734
0.098282
0.020717
0.035534
0.085091
0.111651
0.040924
0.056489
0.086290
0.110278
0.038634
0.051952
0.098538
0.122587
0.057183
0.071258
0.099631
0.121313
0.055119
0.067098
0.110864
0.132648
0.072148
0.084887
0.111862
0.131468
0.070290
0.081073

0.066571
0.092672
0.020067
0.037728
0.067950
0.091285
0.019433
0.033292
0.068571
0.090268
0.018761
0.030347
0.069261
0.088257
0.017155
0.024953
0.069469
0.086860
0.015897
0.021419
0.069474
0.084205
0.013307
0.015020
0.069271
0.082414
0.011454
0.010868
0.068587
0.079091
0.007861
0.003410
0.074163
0.080663
0.015565
0.004797
0.073098
0.076832
0.011458
0.000000
0.056400
0.090582
0.009495
0.038770
0.058341
0.089766
0.009563
0.035168
0.059288
0.089091
0.009301
0.032729
0.060504
0.087654
0.008357
0.028191
0.061018
0.086602
0.007487
0.025178
0.061517
0.084527
0.005528
0.019664
0.061601
0.083088
0.004045
0.016053
0.061383
0.080357
0.002515
0.009517
0.067876
0.082683
0.010175
0.012115
0.067287
0.079481
0.006706
0.004849
0.052543
0.091068
0.009213
0.044274
0.053999
0.091015
0.008795
0.041802
0.055495
0.090801
0.009291
0.040050
0.057620
0.090139
0.009612
0.036678
0.058675
0.089557
0.009501
0.034379
0.060072
0.088276
0.008811
0.030078
0.060694
0.087319
0.008093
0.027211
0.061371
0.085406
0.006389
0.021945
0.067756
0.087837
0.015225
0.024680
0.068032
0.085465
0.013012
0.018718

0.088640
0.093163
0.093163
0.052632
0.090998
0.091261
0.091261
0.045680
0.084714
0.085652
0.085652
0.038806
0.086803
0.083263
0.083263
0.031010
0.079637
0.076946
0.076946
0.023378
0.081468
0.074049
0.074049
0.014671
0.073359
0.066969
0.066969
0.006218
0.074940
0.063536
0.063536
0.000000
0.077767
0.076408
0.076408
0.023403
0.079784
0.073592
0.073592
0.014728
0.080181
0.089601
0.089601
0.055138
0.081881
0.088281
0.088281
0.048862
0.075100
0.082511
0.082511
0.042115
0.077896
0.080734
0.080734
0.035045
0.070161
0.074226
0.074226
0.027545
0.072724
0.071974
0.071974
0.019625
0.063968
0.064672
0.064672
0.011309
0.066312
0.061925
0.061925
0.003853
0.067874
0.073501
0.073501
0.027496
0.070653
0.071347
0.071347
0.019615
0.084973
0.099528
0.099528
0.071475
0.088325
0.098702
0.098702
0.066059
0.080727
0.092670
0.092670
0.059528
0.083905
0.091464
0.091464
0.053419
0.075303
0.084686
0.084686
0.046165
0.078328
0.083086
0.083086
0.039312
0.068647
0.075504
0.075504
0.031276
0.071538
0.073495
0.073495
0.023624
0.072598
0.082728
0.082728
0.045385
0.074280
0.081288
0.081288
0.038608

0.072248
0.092002
0.034585
0.035632
0.073401
0.090003
0.032333
0.029959
0.069570
0.085987
0.023680
0.021995
0.070165
0.083456
0.020866
0.015622
0.065646
0.078899
0.011285
0.006866
0.065694
0.075821
0.007891
0.002900
0.068750
0.084855
0.011481
0.014336
0.068716
0.081990
0.008264
0.007751
0.070634
0.089747
0.010123
0.020272
0.070522
0.087077
0.007060
0.014173
0.062823
0.091449
0.027855
0.039701
0.064653
0.090079
0.026195
0.034802
0.060767
0.086167
0.017157
0.026863
0.062010
0.084274
0.014939
0.021307
0.057382
0.079805
0.004916
0.012566
0.058057
0.077379
0.002128
0.006314
0.060111
0.085048
0.003780
0.018452
0.060640
0.082776
0.001104
0.012655
0.061545
0.089223
0.001031
0.022834
0.061938
0.087092
0.000000
0.017450
0.059443
0.092956
0.029446
0.047903
0.060473
0.092408
0.028939
0.044064
0.056716
0.088690
0.019789
0.036280
0.059005
0.087638
0.018773
0.031849
0.054465
0.083352
0.008602
0.023265
0.056187
0.081794
0.007073
0.018212
0.057532
0.088344
0.007249
0.028301
0.059077
0.086903
0.005826
0.023663
0.059270
0.092285
0.005757
0.031903
0.060658
0.090953
0.002981
0.027647

0.071844
0.065248
0.065248
0.006058
0.073419
0.061834
0.061834
0.000000
0.078645
0.075691
0.075691
0.023045
0.080490
0.072776
0.072776
0.014639
0.084191
0.084891
0.084891
0.038431
0.086323
0.082458
0.082458
0.030845
0.088518
0.092912
0.092912
0.052327
0.090956
0.090946
0.090946
0.045507
0.091650
0.099808
0.099808
0.064829
0.094418
0.098298
0.098298
0.058729
0.062424
0.062911
0.062911
0.010339
0.064791
0.060143
0.060143
0.003177
0.069087
0.072998
0.072998
0.026611
0.071705
0.070702
0.070702
0.018877
0.074422
0.081827
0.081827
0.041321
0.077317
0.079990
0.079990
0.034364
0.078464
0.089458
0.089458
0.054571
0.081660
0.088071
0.088071
0.048345
0.081234
0.095943
0.095943
0.066454
0.084761
0.094997
0.094997
0.060915
0.057667
0.066896
0.066896
0.025525
0.059522
0.065160
0.065160
0.018249
0.062284
0.076119
0.076119
0.040268
0.065950
0.074802
0.074802
0.033735
0.067106
0.084099
0.084099
0.053541
0.071022
0.083196
0.083196
0.047707
0.070569
0.090891
0.090891
0.065437
0.074771
0.090398
0.090398
0.060263
0.074380
0.096539
0.096539
0.076038
0.077216
0.096457
0.096457
0.071491

0.100368
0.100633
0.070211
0.036796
0.102406
0.098225
0.069346
0.030228
0.098748
0.093794
0.060729
0.021318
0.100291
0.090796
0.059409
0.013936
0.099576
0.092269
0.056331
0.015725
0.100859
0.089049
0.054935
0.008163
0.099229
0.089551
0.050490
0.008370
0.100268
0.086085
0.049007
0.000567
0.103705
0.089182
0.053244
0.005188
0.104209
0.085266
0.051151
0.000000
0.090720
0.096690
0.062929
0.034812
0.093458
0.094730
0.062682
0.028696
0.089691
0.090257
0.053563
0.019540
0.091905
0.087699
0.052866
0.014328
0.091470
0.089898
0.050016
0.015559
0.093429
0.087160
0.049301
0.008562
0.091996
0.088316
0.044969
0.009804
0.093722
0.085380
0.044231
0.002672
0.097931
0.089455
0.049573
0.008882
0.099106
0.086098
0.048239
0.001222
0.085585
0.099219
0.061752
0.045141
0.087478
0.098186
0.062620
0.040288
0.083746
0.093935
0.053213
0.031339
0.086975
0.092334
0.053678
0.025773
0.086074
0.093947
0.049687
0.027495
0.089021
0.092159
0.050144
0.021863
0.087093
0.092763
0.046190
0.021972
0.089789
0.090775
0.045111
0.016230
0.094200
0.094763
0.050503
0.022109
0.096298
0.092341
0.050326
0.015838

0.058598
0.048738
0.048738
0.000000
0.064779
0.054330
0.054330
0.003384
0.063260
0.053640
0.053640
0.003886
0.069002
0.058704
0.058704
0.009292
0.067002
0.057533
0.057533
0.009222
0.072333
0.062095
0.062095
0.013907
0.073652
0.066518
0.066518
0.022987
0.078780
0.070891
0.070891
0.027442
0.085223
0.078977
0.078977
0.038902
0.090019
0.083065
0.083065
0.043060
0.051939
0.047279
0.047279
0.000872
0.058186
0.052583
0.052583
0.006316
0.056419
0.051504
0.051504
0.006233
0.062214
0.056282
0.056282
0.010945
0.059948
0.054714
0.054714
0.010292
0.065320
0.058991
0.058991
0.015680
0.066726
0.063606
0.063606
0.023749
0.071902
0.067723
0.067723
0.027578
0.078715
0.076207
0.076207
0.039553
0.083558
0.080060
0.080060
0.043132
0.049707
0.051353
0.051353
0.013900
0.054791
0.056756
0.056756
0.019230
0.052924
0.055516
0.055516
0.018921
0.059051
0.060418
0.060418
0.023573
0.056671
0.058694
0.058694
0.022718
0.062377
0.063119
0.063119
0.026715
0.064081
0.066985
0.066985
0.035032
0.068780
0.071247
0.071247
0.038861
0.075437
0.079270
0.079270
0.049961
0.080577
0.083259
0.083259
0.053541

0.065281
0.084541
0.012811
0.026825
0.064936
0.082195
0.009763
0.021665
0.066201
0.081583
0.010568
0.020010
0.065783
0.079029
0.007625
0.017119
0.074345
0.090260
0.019466
0.030961
0.074204
0.088019
0.017145
0.026221
0.081503
0.098103
0.027035
0.040755
0.081639
0.096165
0.025326
0.036596
0.093679
0.108706
0.043326
0.055408
0.093793
0.106885
0.041718
0.051511
0.056844
0.083547
0.003916
0.027859
0.056882
0.081622
0.002757
0.023185
0.058560
0.081371
0.002541
0.022014
0.058552
0.079266
0.000000
0.017214
0.066785
0.089818
0.011238
0.032407
0.067054
0.088013
0.009341
0.028202
0.073967
0.097414
0.018537
0.041631
0.074517
0.095902
0.017275
0.038002
0.086764
0.108143
0.035578
0.056349
0.087265
0.106719
0.034387
0.052948
0.056807
0.086364
0.007648
0.035814
0.056379
0.085127
0.006061
0.032066
0.057306
0.084541
0.005939
0.030194
0.058145
0.083129
0.004520
0.026338
0.065022
0.092434
0.013397
0.039453
0.066108
0.091291
0.012590
0.036155
0.071684
0.099485
0.020986
0.047573
0.073024
0.098608
0.019266
0.044819
0.084666
0.110104
0.036481
0.061931
0.085898
0.109271
0.036276
0.059342

0.061530
0.083974
0.023289
0.026386
0.065918
0.090001
0.029083
0.034108
0.057349
0.077878
0.012660
0.012385
0.063175
0.084052
0.018576
0.020565
0.053533
0.070668
0.000579
0.000000
0.059265
0.077034
0.006660
0.005541
0.057236
0.077249
0.001924
0.005217
0.062459
0.083073
0.007434
0.013162
0.071417
0.090163
0.020074
0.023683
0.076217
0.095512
0.025138
0.030981
0.065720
0.091932
0.025530
0.035578
0.071038
0.097327
0.030660
0.042476
0.062426
0.085849
0.014486
0.022048
0.067617
0.091374
0.019719
0.029353
0.057975
0.078720
0.002026
0.007062
0.063077
0.084415
0.007399
0.014828
0.060201
0.083930
0.001507
0.013483
0.064841
0.089134
0.007723
0.020567
0.074042
0.096233
0.019540
0.031173
0.078307
0.101014
0.023998
0.037681
0.076330
0.102483
0.036207
0.049264
0.081378
0.107506
0.041234
0.055732
0.072840
0.096676
0.025464
0.036579
0.077794
0.101828
0.030612
0.043432
0.068272
0.089904
0.013389
0.022547
0.073167
0.095222
0.018695
0.029835
0.069661
0.094190
0.013255
0.027703
0.074163
0.099082
0.016846
0.034401
0.082707
0.105638
0.029122
0.044207
0.086850
0.110134
0.033607
0.050364

0.048336
0.080466
0.013052
0.024900
0.053249
0.086501
0.018225
0.031608
0.045128
0.074822
0.001945
0.011260
0.051724
0.080840
0.007001
0.018241
0.048764
0.071700
0.000000
0.005334
0.055313
0.077954
0.005570
0.010158
0.059577
0.081513
0.010555
0.015093
0.065737
0.087391
0.016019
0.022384
0.074526
0.093861
0.028138
0.031860
0.080123
0.099257
0.033177
0.038609
0.053985
0.088378
0.014067
0.032104
0.060037
0.093690
0.018390
0.038014
0.051613
0.082434
0.002093
0.018582
0.057252
0.087733
0.007859
0.024730
0.054757
0.079508
0.000528
0.010723
0.060429
0.085065
0.005292
0.017534
0.064375
0.088301
0.010202
0.022169
0.069766
0.093557
0.014964
0.028714
0.078709
0.100020
0.027690
0.038352
0.083615
0.104851
0.032091
0.044417
0.067415
0.099304
0.026438
0.045339
0.073005
0.104223
0.030722
0.050956
0.064514
0.093469
0.014754
0.032550
0.069773
0.098401
0.018968
0.038410
0.066563
0.090333
0.012382
0.024817
0.071891
0.095522
0.017148
0.031302
0.074492
0.097838
0.021445
0.034599
0.079602
0.102776
0.024991
0.040866
0.087796
0.108709
0.036736
0.049754
0.092458
0.113252
0.041183
0.055564

0.053697
0.056896
0.056896
0.013904
0.060239
0.061911
0.061911
0.018316
0.057076
0.053347
0.053347
0.001940
0.063297
0.058212
0.058212
0.006321
0.062970
0.055168
0.055168
0.000311
0.069124
0.060312
0.060312
0.005416
0.067812
0.055811
0.055811
0.000000
0.073932
0.061257
0.061257
0.002904
0.080389
0.069727
0.069727
0.015986
0.086079
0.074799
0.074799
0.021444
0.043837
0.052247
0.052247
0.013114
0.050575
0.057022
0.057022
0.016747
0.048175
0.049388
0.049388
0.001683
0.054524
0.053936
0.053936
0.006945
0.055434
0.052706
0.052706
0.002093
0.061676
0.057505
0.057505
0.006295
0.061596
0.054824
0.054824
0.000871
0.067764
0.059896
0.059896
0.005793
0.074623
0.068830
0.068830
0.019578
0.080361
0.073560
0.073560
0.024187
0.039469
0.054150
0.054150
0.025228
0.044062
0.059236
0.059236
0.029045
0.042573
0.052775
0.052775
0.015726
0.049413
0.057609
0.057609
0.019394
0.050800
0.056781
0.056781
0.016657
0.057465
0.061790
0.061790
0.020926
0.057917
0.059632
0.059632
0.016073
0.064442
0.064839
0.064839
0.020960
0.071135
0.073173
0.073173
0.033486
0.077204
0.078027
0.078027
0.038058

0.061058
0.062942
0.062942
0.019625
0.063239
0.060718
0.060718
0.012518
0.057468
0.054647
0.054647
0.005002
0.059207
0.051890
0.051890
0.000000
0.061032
0.058806
0.058806
0.011176
0.062763
0.056186
0.056186
0.003564
0.063455
0.061827
0.061827
0.015907
0.065193
0.059328
0.059328
0.008530
0.073151
0.069262
0.069262
0.022868
0.074566
0.066643
0.066643
0.015529
0.051980
0.060419
0.060419
0.022624
0.054911
0.058768
0.058768
0.016068
0.048981
0.052643
0.052643
0.008627
0.051452
0.050462
0.050462
0.001303
0.052288
0.056024
0.056024
0.013355
0.054702
0.053924
0.053924
0.006233
0.054389
0.058243
0.058243
0.016646
0.056764
0.056210
0.056210
0.009680
0.064426
0.065327
0.065327
0.022482
0.066408
0.063103
0.063103
0.017024
0.046400
0.062366
0.062366
0.034127
0.048561
0.061617
0.061617
0.028639
0.042567
0.055609
0.055609
0.021572
0.046022
0.054358
0.054358
0.015378
0.046039
0.058867
0.058867
0.025933
0.049403
0.057671
0.057671
0.019916
0.049485
0.060980
0.060980
0.028939
0.051556
0.059832
0.059832
0.023061
0.059161
0.068497
0.068497
0.034916
0.062013
0.067124
0.067124
0.028961

0.017132
0.047470
0.008296
0.006662
0.018685
0.045504
0.004460
0.002660
0.024472
0.055813
0.019458
0.019895
0.026309
0.054229
0.016137
0.013731
0.040495
0.069025
0.035285
0.035418
0.042127
0.067517
0.032166
0.029682
0.055240
0.081210
0.049897
0.049772
0.056688
0.079776
0.046968
0.044434
0.068810
0.092448
0.063388
0.063046
0.070094
0.091086
0.060638
0.058079
0.004758
0.045287
0.002281
0.011138
0.007086
0.044006
0.000320
0.005010
0.012137
0.053270
0.013358
0.023729
0.014734
0.052346
0.010528
0.018206
0.029207
0.066749
0.029709
0.039013
0.031535
0.065848
0.027039
0.033868
0.044910
0.079174
0.044799
0.053143
0.046995
0.078299
0.042281
0.048350
0.059356
0.090629
0.058727
0.066205
0.061223
0.089780
0.056354
0.061740
0.000000
0.046446
0.007273
0.021851
0.001829
0.046101
0.005056
0.016748
0.006722
0.053775
0.017420
0.033319
0.008960
0.053747
0.015655
0.028763
0.022939
0.067314
0.033574
0.047959
0.026346
0.067238
0.031887
0.043707
0.039257
0.079787
0.048475
0.061486
0.042334
0.079671
0.046863
0.057519
0.054260
0.091278
0.062218
0.073985
0.057038
0.091129
0.060681
0.070284

0.035083
0.049706
0.049706
0.018989
0.037328
0.048727
0.048727
0.013249
0.029430
0.042325
0.042325
0.006412
0.033023
0.040928
0.040928
0.000000
0.038415
0.046524
0.046524
0.008584
0.041384
0.044808
0.044808
0.002113
0.046075
0.049572
0.049572
0.009431
0.048454
0.047536
0.047536
0.004934
0.060470
0.062862
0.062862
0.025122
0.062573
0.060908
0.060908
0.018998
0.036624
0.052260
0.052260
0.020069
0.040454
0.051188
0.051188
0.014091
0.031307
0.044040
0.044040
0.006718
0.034920
0.042573
0.042573
0.001952
0.040802
0.049038
0.049038
0.010223
0.043812
0.047292
0.047292
0.003573
0.048959
0.052861
0.052861
0.012349
0.051398
0.050833
0.050833
0.005671
0.063300
0.066137
0.066137
0.028183
0.065464
0.064201
0.064201
0.021974
0.042092
0.061503
0.061503
0.035321
0.046237
0.060907
0.060907
0.030133
0.037613
0.053287
0.053287
0.022822
0.039936
0.052377
0.052377
0.017040
0.045586
0.058270
0.058270
0.026013
0.048988
0.057058
0.057058
0.020204
0.053940
0.062131
0.062131
0.027929
0.056756
0.060618
0.060618
0.022057
0.067991
0.074778
0.074778
0.042629
0.070502
0.073316
0.073316
0.037162

0.065079
0.087785
0.018776
0.030064
0.068681
0.092462
0.021895
0.036200
0.066924
0.085073
0.018224
0.022739
0.070783
0.090107
0.021955
0.029613
0.067824
0.081409
0.016335
0.013945
0.071956
0.086833
0.020694
0.021608
0.067781
0.076759
0.013097
0.003613
0.072207
0.082609
0.018106
0.012118
0.071715
0.074624
0.015326
0.000000
0.076295
0.080824
0.020790
0.005828
0.056175
0.086096
0.010288
0.031995
0.059646
0.090487
0.014535
0.037435
0.058932
0.084332
0.011011
0.026136
0.062651
0.089053
0.014229
0.032273
0.060715
0.081638
0.010377
0.018868
0.064697
0.086716
0.014216
0.025743
0.061535
0.077988
0.008385
0.010133
0.065796
0.083455
0.012862
0.017792
0.066651
0.077131
0.012326
0.005115
0.071041
0.082900
0.017225
0.013443
0.055952
0.088140
0.015373
0.040797
0.058598
0.092581
0.018379
0.046113
0.057651
0.086855
0.016045
0.035564
0.061725
0.091576
0.019591
0.041499
0.059632
0.084688
0.015440
0.029028
0.063921
0.089716
0.019537
0.035620
0.060678
0.081619
0.014524
0.021139
0.065200
0.086983
0.018223
0.028432
0.066409
0.081658
0.018184
0.017447
0.071002
0.087261
0.023188
0.025308

0.079036
0.083879
0.053191
0.022334
0.084721
0.089597
0.060718
0.029710
0.077196
0.077581
0.043760
0.007186
0.084756
0.083381
0.051553
0.015095
0.079462
0.074741
0.037466
0.000000
0.086931
0.080833
0.045756
0.005467
0.088895
0.085731
0.044651
0.010851
0.095898
0.091372
0.052714
0.019047
0.103065
0.098868
0.061594
0.029477
0.109322
0.103925
0.068848
0.036872
0.086174
0.091686
0.057033
0.030711
0.093185
0.096665
0.064054
0.037286
0.085345
0.085224
0.047033
0.016002
0.092137
0.090292
0.054352
0.023943
0.086795
0.082608
0.040518
0.006494
0.093568
0.087978
0.048369
0.014345
0.094614
0.092339
0.045952
0.018873
0.101033
0.097346
0.053693
0.026319
0.108062
0.104738
0.062647
0.036667
0.113794
0.109215
0.069606
0.043372
0.097582
0.103664
0.064533
0.044853
0.104028
0.108181
0.071357
0.050980
0.095880
0.097300
0.054175
0.030830
0.102181
0.101922
0.061338
0.037440
0.096352
0.094590
0.047062
0.021718
0.102695
0.099516
0.054789
0.029074
0.102475
0.102904
0.052311
0.032133
0.108562
0.107538
0.058245
0.039180
0.115211
0.114459
0.066930
0.048952
0.120651
0.118603
0.073876
0.055295

0.054478
0.079676
0.004802
0.036381
0.057777
0.084013
0.008693
0.040739
0.054566
0.078368
0.003751
0.034420
0.059217
0.082887
0.008175
0.037667
0.062097
0.085712
0.010789
0.040606
0.066814
0.090191
0.015525
0.045432
0.074831
0.095913
0.027224
0.053522
0.079302
0.100176
0.031715
0.058122
0.086749
0.105520
0.042546
0.065652
0.090986
0.109578
0.046806
0.070038
0.055472
0.084439
0.001014
0.038394
0.059536
0.088472
0.006120
0.042437
0.056559
0.083158
0.000000
0.035110
0.060900
0.087396
0.004144
0.039566
0.063584
0.090059
0.006542
0.042325
0.068043
0.094291
0.011072
0.046918
0.076496
0.100214
0.023647
0.055457
0.080720
0.104242
0.027939
0.059833
0.088561
0.109766
0.039569
0.067771
0.092563
0.113599
0.043637
0.071941
0.064929
0.093352
0.010163
0.047826
0.069135
0.097377
0.014192
0.052044
0.065198
0.091682
0.007977
0.043991
0.069688
0.095915
0.012606
0.048620
0.071086
0.097776
0.014556
0.050107
0.075712
0.102018
0.017957
0.054890
0.083671
0.107598
0.029821
0.062948
0.088040
0.111625
0.034567
0.067488
0.095423
0.116828
0.045539
0.074978
0.099550
0.120654
0.050015
0.079290

0.085827
0.081272
0.053342
0.013429
0.091028
0.086812
0.060245
0.019850
0.082502
0.073963
0.043705
0.000000
0.089180
0.079559
0.050778
0.003725
0.088324
0.079869
0.047088
0.002748
0.094528
0.084847
0.053666
0.008549
0.093006
0.084555
0.049041
0.006661
0.098776
0.088941
0.055161
0.011610
0.100142
0.094648
0.056174
0.021031
0.105739
0.098885
0.062290
0.025926
0.091988
0.088641
0.057771
0.020255
0.098156
0.093439
0.064076
0.025654
0.089600
0.081154
0.047710
0.003894
0.095692
0.085981
0.054170
0.009479
0.094002
0.085539
0.049307
0.007360
0.099669
0.089780
0.055317
0.012100
0.097300
0.088730
0.049478
0.009044
0.102575
0.092408
0.055072
0.014770
0.103543
0.098211
0.055687
0.022783
0.108716
0.101817
0.061369
0.026757
0.101723
0.101151
0.067032
0.037363
0.107593
0.105693
0.073239
0.042598
0.099070
0.094122
0.057158
0.022170
0.104900
0.098709
0.063549
0.027606
0.102524
0.097813
0.057767
0.024882
0.107998
0.101891
0.063801
0.029587
0.104940
0.100405
0.057021
0.025950
0.110093
0.103996
0.062730
0.029943
0.109895
0.108512
0.062985
0.037604
0.114985
0.112053
0.067347
0.041677

0.036233
0.067032
0.038321
0.039050
0.038586
0.066013
0.036013
0.034007
0.030718
0.060719
0.029918
0.028538
0.032887
0.059377
0.027194
0.022945
0.023827
0.053348
0.020306
0.016868
0.025846
0.051686
0.017161
0.010699
0.015487
0.044860
0.009413
0.003966
0.017392
0.042882
0.005843
0.000000
0.026589
0.054907
0.016880
0.014523
0.027973
0.052846
0.013112
0.007958
0.025819
0.064298
0.032951
0.042296
0.027547
0.063907
0.031153
0.037848
0.018779
0.058310
0.024682
0.032403
0.021770
0.057624
0.022486
0.027437
0.011668
0.051229
0.015154
0.021365
0.014546
0.050256
0.012562
0.015860
0.002987
0.042995
0.004294
0.009112
0.005799
0.041745
0.001307
0.003044
0.014760
0.052978
0.011461
0.018834
0.016942
0.051568
0.009479
0.012896
0.030761
0.072709
0.043998
0.055406
0.034361
0.072721
0.042721
0.051537
0.024305
0.066595
0.035794
0.046067
0.027854
0.066382
0.034199
0.041749
0.016339
0.059408
0.026366
0.035648
0.019885
0.058984
0.024459
0.030864
0.008827
0.051086
0.015639
0.024080
0.010367
0.050465
0.013426
0.018811
0.019101
0.060967
0.022940
0.033303
0.022011
0.060144
0.020410
0.028124

0.043481
0.062910
0.005515
0.011981
0.043058
0.061235
0.003475
0.009654
0.047478
0.069735
0.007429
0.018451
0.048464
0.068106
0.005385
0.013966
0.051917
0.075651
0.008012
0.023792
0.052724
0.074065
0.005956
0.019521
0.055222
0.080685
0.007254
0.028019
0.055862
0.079140
0.005178
0.023945
0.057410
0.084861
0.005139
0.031142
0.057892
0.083354
0.003034
0.027247
0.048695
0.071298
0.007700
0.019892
0.049636
0.069680
0.005653
0.015462
0.052848
0.076991
0.007948
0.024953
0.053613
0.075415
0.005888
0.020733
0.055873
0.081809
0.006853
0.028903
0.056472
0.080273
0.004771
0.024875
0.057785
0.085774
0.004396
0.031751
0.058227
0.084276
0.002281
0.027898
0.058591
0.088902
0.000550
0.033499
0.058884
0.087438
0.000000
0.029804
0.060005
0.081921
0.018675
0.032339
0.061081
0.080560
0.017221
0.028523
0.063326
0.086857
0.018236
0.036589
0.064271
0.085555
0.016813
0.032993
0.065588
0.090975
0.016519
0.039790
0.066414
0.089730
0.015122
0.036399
0.066805
0.094293
0.013504
0.041948
0.067521
0.093103
0.012126
0.038749
0.066980
0.096825
0.010566
0.043062
0.067593
0.095689
0.007797
0.040040

0.018253
0.056873
0.013745
0.025217
0.020344
0.055850
0.010114
0.019232
0.027857
0.058648
0.019386
0.021896
0.029441
0.057113
0.015477
0.015379
0.036077
0.059280
0.023538
0.017134
0.037162
0.057220
0.019317
0.010034
0.042978
0.058776
0.026238
0.010899
0.043569
0.056172
0.021667
0.006338
0.056893
0.071341
0.041720
0.027530
0.057451
0.068962
0.037550
0.020443
0.004188
0.053025
0.004524
0.027372
0.006930
0.052628
0.002923
0.021985
0.015627
0.056249
0.012097
0.025824
0.017847
0.055353
0.008530
0.019965
0.025588
0.058312
0.018117
0.022860
0.027298
0.056906
0.014281
0.016481
0.034148
0.059229
0.022638
0.018461
0.035358
0.057301
0.018498
0.011512
0.048806
0.071763
0.038452
0.034485
0.049933
0.070005
0.034680
0.028125
0.000000
0.052427
0.009299
0.036511
0.000835
0.052958
0.007222
0.032209
0.009450
0.056684
0.017422
0.035901
0.012830
0.056692
0.015057
0.031131
0.020522
0.059785
0.024044
0.033956
0.023331
0.059270
0.021368
0.028679
0.030162
0.061757
0.029219
0.030665
0.032418
0.060713
0.026208
0.024839
0.045116
0.074063
0.044442
0.045652
0.047202
0.073114
0.041703
0.040321

0.102333
0.097658
0.065734
0.027932
0.106801
0.101754
0.071023
0.033864
0.098924
0.089938
0.056010
0.011115
0.103446
0.094215
0.061554
0.017534
0.103712
0.090970
0.059047
0.008182
0.108316
0.095663
0.064932
0.015519
0.107642
0.090803
0.060765
0.003187
0.112357
0.095955
0.067039
0.011522
0.110704
0.089386
0.061123
0.000000
0.115561
0.095047
0.067839
0.005439
0.095949
0.094297
0.059848
0.028056
0.099341
0.097990
0.064828
0.033056
0.091737
0.087019
0.050407
0.012024
0.096194
0.090827
0.055583
0.018914
0.097593
0.089498
0.055049
0.011537
0.102099
0.093676
0.060514
0.017738
0.102595
0.090823
0.058410
0.009104
0.107176
0.095408
0.064205
0.016205
0.106740
0.090960
0.060461
0.004635
0.111425
0.095993
0.066633
0.012712
0.101524
0.104714
0.067541
0.044142
0.105855
0.108219
0.072434
0.048825
0.098370
0.098040
0.059653
0.029527
0.102727
0.101649
0.063617
0.034540
0.104336
0.100847
0.063674
0.029943
0.108710
0.104764
0.068979
0.035666
0.109506
0.102608
0.067631
0.028605
0.113920
0.106865
0.073195
0.035098
0.113880
0.103293
0.070382
0.025440
0.118361
0.107928
0.076247
0.032771

0.059624
0.082257
0.023203
0.029261
0.061303
0.080299
0.022007
0.024219
0.057547
0.076680
0.011988
0.016448
0.058671
0.074226
0.010444
0.013549
0.062374
0.083096
0.012199
0.022763
0.063368
0.080753
0.010935
0.017633
0.065831
0.088495
0.010764
0.027742
0.066733
0.086268
0.009810
0.023027
0.074231
0.096050
0.020229
0.037685
0.074659
0.093735
0.018773
0.032956
0.050975
0.081347
0.015160
0.032276
0.051578
0.080049
0.014812
0.027991
0.047660
0.076484
0.003940
0.020000
0.049642
0.074690
0.003271
0.015242
0.052371
0.082450
0.002906
0.025067
0.054168
0.080721
0.002501
0.020694
0.055586
0.087359
0.000101
0.028773
0.057246
0.085706
0.000000
0.024783
0.064557
0.094851
0.009934
0.038343
0.065643
0.093042
0.010492
0.034254
0.061994
0.092904
0.024124
0.044570
0.064515
0.091802
0.024437
0.040967
0.059818
0.087984
0.012425
0.032626
0.061866
0.086460
0.012540
0.028638
0.063134
0.092938
0.009898
0.036462
0.065078
0.091506
0.010359
0.032878
0.065026
0.096896
0.007639
0.038977
0.066914
0.095568
0.006450
0.035801
0.073804
0.104028
0.016064
0.048458
0.075126
0.102537
0.016247
0.045141

0.065855
0.075243
0.075243
0.040710
0.068902
0.073744
0.073744
0.034777
0.062652
0.068487
0.068487
0.028786
0.065392
0.066558
0.066558
0.022208
0.058116
0.060591
0.060591
0.015581
0.060587
0.058234
0.058234
0.008326
0.055998
0.057644
0.057644
0.010966
0.058423
0.055159
0.055159
0.003491
0.052492
0.053488
0.053488
0.004965
0.054907
0.050873
0.050873
0.000000
0.055838
0.070379
0.070379
0.040508
0.058042
0.069414
0.069414
0.034983
0.051213
0.063906
0.063906
0.028937
0.054793
0.062516
0.062516
0.022778
0.046824
0.056241
0.056241
0.016070
0.050144
0.054431
0.054431
0.010670
0.045126
0.054094
0.054094
0.012789
0.048433
0.052202
0.052202
0.005813
0.041927
0.050691
0.050691
0.008116
0.045267
0.048719
0.048719
0.000954
0.061742
0.080581
0.080581
0.055564
0.065812
0.079986
0.079986
0.050688
0.057895
0.074071
0.074071
0.044709
0.061759
0.073127
0.073127
0.039277
0.052631
0.066423
0.066423
0.032648
0.056335
0.065139
0.065139
0.026634
0.049690
0.063721
0.063721
0.029254
0.053469
0.062407
0.062407
0.023124
0.047125
0.059808
0.059808
0.024559
0.049156
0.058470
0.058470
0.018285

0.106033
0.108094
0.078164
0.048224
0.112092
0.112585
0.084029
0.053842
0.104723
0.101570
0.069302
0.034014
0.110600
0.106119
0.075333
0.039986
0.102204
0.093941
0.059153
0.018326
0.107960
0.098596
0.065405
0.024708
0.098491
0.085175
0.047668
0.001066
0.104184
0.089979
0.054195
0.007914
0.103181
0.084652
0.049863
0.000000
0.108764
0.089739
0.056547
0.004286
0.096276
0.105200
0.072320
0.049206
0.102749
0.109590
0.078219
0.054323
0.095790
0.099322
0.063872
0.035634
0.102010
0.103708
0.069887
0.041036
0.094007
0.092319
0.054100
0.020611
0.100040
0.096748
0.060285
0.026349
0.090951
0.084165
0.042960
0.004048
0.096859
0.088682
0.049370
0.011423
0.097135
0.085121
0.046902
0.001870
0.102864
0.089862
0.053399
0.008567
0.090677
0.107028
0.070906
0.057898
0.095829
0.111668
0.077205
0.063018
0.089345
0.102219
0.063275
0.045536
0.096206
0.106813
0.069657
0.050904
0.088654
0.096284
0.054297
0.031780
0.095270
0.100879
0.060820
0.037445
0.086616
0.089204
0.045320
0.016551
0.093056
0.093847
0.050659
0.022566
0.094044
0.091128
0.049141
0.015626
0.100215
0.095916
0.055858
0.022108

0.067076
0.089112
0.018984
0.041386
0.072083
0.094023
0.024628
0.047384
0.068300
0.087107
0.018047
0.036492
0.072992
0.091937
0.023266
0.042404
0.068602
0.084352
0.015813
0.030550
0.073000
0.089121
0.020632
0.036403
0.067986
0.080839
0.012281
0.023542
0.072109
0.085565
0.016725
0.029362
0.066453
0.076556
0.007446
0.017715
0.070318
0.081258
0.011533
0.021254
0.059700
0.087216
0.008797
0.040399
0.063713
0.092079
0.014506
0.046239
0.060484
0.085851
0.008670
0.036307
0.065245
0.090591
0.013871
0.042001
0.061406
0.083716
0.007159
0.031138
0.065818
0.088352
0.011880
0.036712
0.061356
0.080804
0.004270
0.024878
0.065438
0.085356
0.008533
0.030356
0.060338
0.077107
0.000000
0.017508
0.064106
0.081591
0.005359
0.022911
0.066080
0.095553
0.016423
0.049286
0.071290
0.100313
0.020802
0.055150
0.068565
0.094695
0.015869
0.046219
0.073397
0.099322
0.021440
0.051914
0.070089
0.093095
0.015662
0.042102
0.074568
0.097609
0.020733
0.047656
0.070666
0.090750
0.014094
0.036928
0.074813
0.095170
0.018693
0.042365
0.070305
0.087654
0.011170
0.030683
0.074137
0.091999
0.015320
0.036028

