0.140356
0.172644
0.147354
0.127665
0.147478
0.172602
0.149369
0.117564
0.147533
0.170790
0.141822
0.106477
0.153064
0.170045
0.143433
0.091329
0.151774
0.167547
0.134367
0.075880
0.156163
0.165961
0.135480
0.052478
0.153678
0.162634
0.124628
0.029916
0.157245
0.159967
0.125054
0.003914
0.155027
0.166441
0.122909
0.070625
0.158309
0.164827
0.124837
0.047634
0.121379
0.171270
0.141302
0.138701
0.131755
0.172189
0.144659
0.130908
0.132831
0.170676
0.136350
0.120371
0.140860
0.170964
0.139430
0.106564
0.140112
0.168792
0.129475
0.090304
0.146475
0.168401
0.132283
0.064136
0.144159
0.165476
0.120441
0.036270
0.149352
0.164261
0.122890
0.000000
0.146541
0.167842
0.116259
0.084128
0.151132
0.167353
0.119967
0.058438
0.099562
0.167897
0.132386
0.147644
0.108866
0.169850
0.137228
0.144061
0.111584
0.168594
0.127919
0.136024
0.123180
0.169887
0.132521
0.129717
0.123376
0.167935
0.121346
0.118743
0.132492
0.168627
0.125827
0.107414
0.130577
0.165944
0.112580
0.091362
0.137959
0.166012
0.116990
0.069873
0.134806
0.167343
0.108717
0.111500
0.141143
0.167824
0.111673
0.100723

0.060863
0.066800
0.045843
0.039720
0.067869
0.069412
0.045601
0.042095
0.065186
0.063361
0.037654
0.034009
0.069748
0.065923
0.036713
0.036287
0.065641
0.059576
0.028040
0.027791
0.068617
0.062110
0.026278
0.029934
0.063522
0.055466
0.016781
0.022292
0.065458
0.057980
0.014025
0.022947
0.066334
0.059426
0.011971
0.023985
0.067365
0.061731
0.007812
0.025467
0.043572
0.070943
0.043888
0.044254
0.056130
0.073564
0.042824
0.046254
0.056101
0.067815
0.034627
0.038336
0.063578
0.070288
0.032579
0.040176
0.060988
0.064208
0.023495
0.031821
0.065403
0.066585
0.020327
0.033450
0.061150
0.060184
0.010242
0.024610
0.063628
0.062488
0.005742
0.025963
0.064639
0.063796
0.002532
0.026609
0.065644
0.065852
0.000000
0.027384
0.020536
0.075286
0.054329
0.052201
0.034560
0.078241
0.054430
0.054340
0.040098
0.072959
0.047251
0.046911
0.054395
0.075624
0.046415
0.048938
0.055216
0.069959
0.038424
0.041120
0.063721
0.072456
0.036625
0.042998
0.061663
0.066453
0.027768
0.034752
0.066704
0.068845
0.024890
0.036434
0.068963
0.070206
0.022751
0.037308
0.071711
0.072353
0.018433
0.038521

0.068728
0.104902
0.040765
0.086345
0.075278
0.107663
0.039999
0.087820
0.071292
0.103830
0.025386
0.080456
0.076544
0.106324
0.023057
0.081690
0.076245
0.103121
0.029654
0.078569
0.081196
0.105575
0.029370
0.080350
0.078925
0.101780
0.030349
0.075700
0.083705
0.104234
0.031852
0.077989
0.085820
0.102421
0.042829
0.078614
0.090026
0.104697
0.044683
0.080337
0.051275
0.101972
0.019443
0.082351
0.059362
0.105154
0.017419
0.083668
0.055418
0.101279
0.000000
0.075446
0.061749
0.104090
0.000319
0.076399
0.062949
0.101131
0.007466
0.074060
0.068866
0.103875
0.005946
0.075717
0.067514
0.100173
0.010247
0.071415
0.073181
0.102902
0.011062
0.073717
0.076912
0.101536
0.026764
0.074969
0.081854
0.104040
0.028154
0.077263
0.038653
0.098904
0.022661
0.083272
0.045772
0.102877
0.024133
0.085473
0.042706
0.099123
0.006733
0.076938
0.051862
0.102652
0.006620
0.078923
0.051819
0.099328
0.009795
0.074389
0.060093
0.102687
0.011777
0.076967
0.057470
0.098580
0.011244
0.070635
0.065141
0.101848
0.012525
0.073790
0.068947
0.100614
0.024957
0.074511
0.075511
0.103554
0.028835
0.077504

0.000000
0.058325
0.058325
0.034531
0.017766
0.056548
0.056548
0.031652
0.019729
0.054359
0.054359
0.029792
0.036435
0.052487
0.052487
0.026811
0.027328
0.049784
0.049784
0.024845
0.038303
0.047947
0.047947
0.021763
0.046550
0.051727
0.051727
0.026717
0.052021
0.049742
0.049742
0.024106
0.060404
0.056123
0.056123
0.031492
0.062919
0.054081
0.054081
0.028590
0.026782
0.056795
0.056795
0.032341
0.041431
0.054944
0.054944
0.029360
0.029947
0.052106
0.052106
0.027379
0.040394
0.050318
0.050318
0.024297
0.019330
0.046752
0.046752
0.022181
0.029961
0.045146
0.045146
0.019938
0.038631
0.049360
0.049360
0.024343
0.044750
0.047517
0.047517
0.021241
0.053807
0.054232
0.054232
0.029339
0.057167
0.052268
0.052268
0.026337
0.036027
0.060309
0.060309
0.038057
0.046351
0.058771
0.058771
0.035242
0.022792
0.055115
0.055115
0.033267
0.034136
0.053803
0.053803
0.030370
0.005334
0.049039
0.049039
0.028227
0.013641
0.048110
0.048110
0.025258
0.024527
0.052348
0.052348
0.030270
0.034197
0.051003
0.051003
0.027354
0.044828
0.057630
0.057630
0.035093
0.050803
0.056038
0.056038
0.032258

0.102401
0.134886
0.132368
0.033373
0.110312
0.130925
0.129224
0.012974
0.123125
0.144420
0.139703
0.064706
0.133053
0.140858
0.137672
0.046645
0.142358
0.152089
0.143251
0.087279
0.148766
0.148925
0.142956
0.074086
0.155538
0.158320
0.141762
0.104442
0.159661
0.155538
0.144355
0.094310
0.164954
0.163430
0.154592
0.118367
0.167502
0.161002
0.155033
0.110218
0.128631
0.146075
0.140556
0.028171
0.137531
0.142367
0.138639
0.000000
0.146133
0.153568
0.143229
0.071570
0.151870
0.150385
0.143401
0.047245
0.158119
0.159596
0.140224
0.098377
0.161815
0.156850
0.143766
0.083110
0.166253
0.164503
0.128210
0.116201
0.168687
0.162136
0.137623
0.105905
0.172532
0.168551
0.149180
0.129674
0.173967
0.166511
0.153426
0.122075
0.149569
0.155197
0.143100
0.079434
0.154707
0.152130
0.143959
0.057940
0.160464
0.160917
0.138253
0.103485
0.163782
0.158271
0.142963
0.089735
0.167818
0.165585
0.123125
0.119736
0.170031
0.163305
0.134626
0.110323
0.172533
0.169424
0.101432
0.131237
0.174186
0.167466
0.113734
0.124535
0.177136
0.172634
0.130173
0.141445
0.178041
0.170949
0.142269
0.136080

0.123793
0.153734
0.153734
0.115165
0.129372
0.155204
0.155204
0.122662
0.128819
0.153888
0.153888
0.088864
0.134227
0.155207
0.155207
0.101712
0.131340
0.152532
0.152532
0.047506
0.136996
0.153905
0.153905
0.069321
0.130642
0.149203
0.149203
0.000000
0.137167
0.150949
0.150949
0.018921
0.125863
0.150838
0.150838
0.035384
0.134114
0.151460
0.151460
0.055728
0.110657
0.146802
0.146802
0.123380
0.115312
0.148265
0.148265
0.126137
0.112782
0.147619
0.147619
0.106701
0.120089
0.148733
0.148733
0.112017
0.113643
0.147044
0.147044
0.081167
0.121792
0.147947
0.147947
0.090988
0.109382
0.144778
0.144778
0.041883
0.119447
0.145678
0.145678
0.059384
0.097936
0.144531
0.144531
0.066661
0.111538
0.144658
0.144658
0.077337
0.115813
0.154598
0.154598
0.140928
0.123455
0.155843
0.155843
0.141726
0.115946
0.155289
0.155289
0.130577
0.124680
0.156243
0.156243
0.132578
0.110572
0.154805
0.154805
0.115043
0.121594
0.155585
0.155585
0.119296
0.097136
0.152890
0.152890
0.091609
0.112319
0.153674
0.153674
0.099833
0.080347
0.151423
0.151423
0.102836
0.093830
0.151888
0.151888
0.105639

0.073262
0.129049
0.129049
0.067800
0.087014
0.128058
0.128058
0.051886
0.097464
0.131658
0.131658
0.046961
0.107318
0.129358
0.129358
0.025794
0.115589
0.131943
0.131943
0.016938
0.122498
0.128205
0.128205
0.000000
0.130752
0.141167
0.141167
0.053604
0.135749
0.138174
0.138174
0.032445
0.142462
0.148475
0.148475
0.081165
0.146043
0.146033
0.146033
0.065257
0.037497
0.122545
0.122545
0.084373
0.051878
0.123203
0.123203
0.073991
0.066041
0.128041
0.128041
0.071860
0.080959
0.127372
0.127372
0.057030
0.092051
0.131219
0.131219
0.052929
0.102777
0.129253
0.129253
0.033228
0.112678
0.139919
0.139919
0.079214
0.120493
0.138223
0.138223
0.064343
0.128464
0.146888
0.146888
0.099190
0.134128
0.145393
0.145393
0.087883
0.045914
0.126322
0.126322
0.102370
0.059919
0.127505
0.127505
0.094493
0.072722
0.132456
0.132456
0.095147
0.086140
0.132530
0.132530
0.084775
0.096360
0.136641
0.136641
0.083435
0.106250
0.135669
0.135669
0.069727
0.115254
0.144276
0.144276
0.102367
0.122618
0.143358
0.143358
0.091929
0.129977
0.150484
0.150484
0.116918
0.135440
0.149602
0.149602
0.108894

0.070324
0.113304
0.107796
0.101769
0.077169
0.116075
0.108330
0.111887
0.081368
0.116415
0.106912
0.081347
0.087280
0.119148
0.105784
0.097682
0.090230
0.118582
0.102185
0.044630
0.094629
0.121462
0.098403
0.071745
0.096825
0.119459
0.091166
0.000000
0.100269
0.122777
0.082990
0.025808
0.103155
0.124526
0.108128
0.047731
0.106206
0.127029
0.103970
0.074650
0.058676
0.118457
0.107565
0.119336
0.074350
0.120820
0.105504
0.124846
0.081158
0.121527
0.102734
0.109499
0.089713
0.123749
0.097321
0.118044
0.093596
0.123930
0.091503
0.091161
0.098733
0.126129
0.080529
0.105010
0.101110
0.125524
0.069573
0.058361
0.104361
0.127860
0.059220
0.081400
0.107999
0.129166
0.096740
0.093884
0.110714
0.131028
0.085427
0.107561
0.029375
0.122601
0.117093
0.129453
0.050695
0.124747
0.117002
0.132671
0.065697
0.125618
0.116115
0.125104
0.083238
0.127529
0.114165
0.129825
0.090637
0.128055
0.111657
0.116367
0.099628
0.129847
0.106788
0.123749
0.103562
0.129919
0.101626
0.100219
0.108568
0.131701
0.091914
0.112242
0.111927
0.132701
0.116304
0.118759
0.115285
0.134178
0.111119
0.125990

0.084258
0.118028
0.079005
0.000000
0.091616
0.123089
0.085228
0.013305
0.094812
0.125616
0.078632
0.024911
0.100257
0.129203
0.084708
0.042439
0.102103
0.130932
0.072509
0.050520
0.106091
0.133378
0.079579
0.063462
0.108034
0.134555
0.082742
0.070023
0.110612
0.136092
0.086546
0.079229
0.111803
0.136787
0.088084
0.083837
0.113263
0.137608
0.089620
0.090197
0.066780
0.119595
0.070137
0.030479
0.072230
0.123934
0.077409
0.046964
0.076350
0.126058
0.064028
0.054394
0.083871
0.129095
0.072401
0.066569
0.086125
0.130494
0.049882
0.071167
0.091842
0.132517
0.061070
0.080167
0.094674
0.133468
0.066154
0.084649
0.098524
0.134664
0.072441
0.090799
0.100366
0.135172
0.075119
0.093791
0.102751
0.135709
0.079428
0.097771
0.085287
0.131235
0.070948
0.065314
0.092587
0.134175
0.080285
0.076881
0.094556
0.135527
0.055120
0.080999
0.100212
0.137527
0.067838
0.089661
0.100288
0.138319
0.035686
0.091245
0.104834
0.139590
0.046193
0.097892
0.107034
0.140153
0.054919
0.101141
0.109942
0.140799
0.066059
0.105504
0.111284
0.141028
0.071060
0.107568
0.112935
0.141173
0.077155
0.110214

0.030200
0.057802
0.010033
0.010641
0.043415
0.062447
0.008533
0.012893
0.051920
0.063782
0.024422
0.018913
0.060588
0.068155
0.023731
0.023524
0.065893
0.068952
0.036521
0.028434
0.071948
0.073118
0.036515
0.033021
0.079022
0.076734
0.050011
0.039722
0.083515
0.080675
0.050515
0.044209
0.089173
0.083956
0.061937
0.050143
0.092747
0.087698
0.062847
0.054509
0.000066
0.060850
0.000000
0.013680
0.013670
0.065449
0.000333
0.017325
0.028283
0.067082
0.016944
0.024321
0.042777
0.071298
0.014710
0.028099
0.051871
0.072261
0.030949
0.033767
0.061171
0.076220
0.029593
0.037625
0.070769
0.080029
0.045989
0.045005
0.077021
0.083744
0.045325
0.048850
0.084339
0.087155
0.059107
0.055319
0.088825
0.090669
0.059013
0.059118
0.035263
0.068464
0.020695
0.026788
0.048178
0.072607
0.018692
0.030591
0.056237
0.073423
0.034063
0.035959
0.064631
0.077330
0.032907
0.039830
0.070020
0.077624
0.045192
0.044115
0.075303
0.081360
0.044757
0.048013
0.082233
0.084727
0.058005
0.054315
0.086494
0.088268
0.058108
0.058158
0.092019
0.091317
0.069298
0.063719
0.095380
0.094685
0.069834
0.067482

0.062565
0.119773
0.119773
0.064377
0.071968
0.123391
0.123391
0.061181
0.068792
0.120128
0.120128
0.060706
0.081891
0.123911
0.123911
0.065080
0.072318
0.118447
0.118447
0.046770
0.085770
0.122646
0.122646
0.057171
0.090842
0.115973
0.115973
0.023500
0.100645
0.120563
0.120563
0.039627
0.103378
0.111220
0.111220
0.000000
0.110748
0.116544
0.116544
0.012618
0.071635
0.125549
0.125549
0.051430
0.084472
0.127908
0.127908
0.043959
0.073571
0.125865
0.125865
0.064832
0.087110
0.128608
0.128608
0.059081
0.066656
0.124333
0.124333
0.063715
0.082781
0.127610
0.127610
0.066255
0.089524
0.123265
0.123265
0.052015
0.100684
0.126735
0.126735
0.060847
0.104625
0.120300
0.120300
0.030904
0.112544
0.124236
0.124236
0.045470
0.073655
0.130460
0.130460
0.091180
0.087504
0.132580
0.132580
0.083879
0.064448
0.129922
0.129922
0.094936
0.081409
0.132405
0.132405
0.094066
0.051105
0.127758
0.127758
0.090858
0.065720
0.130831
0.130831
0.094506
0.075981
0.127955
0.127955
0.080753
0.091220
0.130901
0.130901
0.088096
0.097503
0.126449
0.126449
0.064680
0.107792
0.129560
0.129560
0.075681

0.087568
0.087100
0.033932
0.017524
0.088876
0.084639
0.032685
0.009843
0.089454
0.082927
0.031289
0.004703
0.090061
0.079664
0.027784
0.000000
0.097261
0.093411
0.040878
0.025008
0.097714
0.090624
0.036032
0.016530
0.103960
0.102731
0.046249
0.042587
0.104186
0.100348
0.039445
0.034923
0.109530
0.111006
0.046578
0.057622
0.109430
0.108961
0.036945
0.050547
0.082711
0.090531
0.023908
0.028806
0.084616
0.088958
0.022912
0.022931
0.085532
0.087798
0.021510
0.018904
0.086668
0.085489
0.017687
0.011309
0.093099
0.097428
0.027972
0.036865
0.093907
0.095470
0.021827
0.029954
0.099401
0.105984
0.028850
0.052197
0.099784
0.104316
0.019454
0.045750
0.104355
0.113566
0.022747
0.064987
0.104169
0.112128
0.015247
0.058753
0.078303
0.092395
0.023936
0.037633
0.080345
0.091671
0.023366
0.033690
0.081820
0.091038
0.023868
0.030876
0.083910
0.089640
0.023505
0.025404
0.090031
0.100106
0.034031
0.047683
0.091797
0.098966
0.031946
0.042751
0.097103
0.108198
0.039911
0.062200
0.098493
0.107271
0.035533
0.057653
0.103018
0.115412
0.040693
0.074556
0.103951
0.114654
0.033191
0.070222

0.079930
0.127748
0.085118
0.108694
0.086201
0.129767
0.078413
0.116850
0.088702
0.126867
0.095219
0.087239
0.093715
0.128936
0.090812
0.102347
0.094379
0.125013
0.101518
0.048300
0.098500
0.127325
0.099022
0.075366
0.097746
0.121931
0.104488
0.000000
0.101247
0.124776
0.103764
0.026917
0.104736
0.126490
0.113541
0.050150
0.107653
0.128639
0.113040
0.077529
0.057118
0.122995
0.061132
0.117989
0.065826
0.125270
0.056228
0.121258
0.071100
0.123093
0.077167
0.108543
0.077903
0.125238
0.069913
0.115544
0.080562
0.122253
0.088158
0.090028
0.086002
0.124412
0.083340
0.103131
0.086680
0.120462
0.095151
0.056239
0.091152
0.122814
0.092323
0.079766
0.095856
0.124434
0.105643
0.092717
0.099500
0.126348
0.103712
0.106274
0.037980
0.117737
0.075107
0.125745
0.046040
0.120731
0.069376
0.127639
0.051978
0.118710
0.087061
0.121046
0.062561
0.121336
0.083211
0.124842
0.065634
0.118637
0.095142
0.111672
0.073860
0.121056
0.092753
0.118517
0.075489
0.117656
0.100214
0.094641
0.081305
0.120023
0.099012
0.106638
0.086360
0.121567
0.108618
0.113726
0.091532
0.123564
0.107965
0.120847

0.087419
0.139854
0.105523
0.074011
0.093827
0.141014
0.112773
0.047625
0.099385
0.141322
0.116202
0.027148
0.107632
0.141107
0.120443
0.000000
0.112373
0.146720
0.128340
0.060777
0.118981
0.146798
0.131677
0.025222
0.122737
0.151004
0.137556
0.100686
0.128034
0.151361
0.140298
0.079625
0.131008
0.154122
0.144282
0.124841
0.135255
0.154588
0.146493
0.112307
0.099126
0.145793
0.095062
0.096945
0.107701
0.146956
0.105223
0.077605
0.112271
0.147372
0.110253
0.062095
0.119039
0.147546
0.117011
0.027631
0.122836
0.150800
0.123640
0.063114
0.128220
0.150869
0.128526
0.035779
0.131234
0.154135
0.134262
0.105215
0.135526
0.154451
0.138102
0.083400
0.137905
0.156531
0.141990
0.129315
0.141327
0.156935
0.144973
0.117102
0.109379
0.149978
0.080761
0.120627
0.116857
0.151193
0.089525
0.111885
0.120825
0.151730
0.096878
0.104520
0.126681
0.152284
0.107161
0.087689
0.129897
0.154361
0.114226
0.109389
0.134511
0.154789
0.121772
0.091087
0.137041
0.156695
0.127328
0.131235
0.140684
0.157164
0.133006
0.121072
0.142670
0.158416
0.136929
0.144048
0.145550
0.158864
0.141188
0.138398

0.040889
0.062782
0.062782
0.015966
0.050286
0.067113
0.067113
0.012853
0.045553
0.061693
0.061693
0.020194
0.054132
0.066231
0.066231
0.019172
0.048275
0.059304
0.059304
0.021328
0.056197
0.064027
0.064027
0.021959
0.053991
0.059563
0.059563
0.023012
0.061292
0.064380
0.064380
0.024903
0.058265
0.058854
0.058854
0.024523
0.065062
0.063761
0.063761
0.025584
0.029655
0.057561
0.057561
0.001542
0.037178
0.061668
0.061668
0.000000
0.033748
0.058281
0.058281
0.010671
0.043498
0.062651
0.062651
0.007030
0.038750
0.057392
0.057392
0.015661
0.047642
0.061981
0.061981
0.014243
0.046595
0.059072
0.059072
0.020540
0.054693
0.063770
0.063770
0.020809
0.052705
0.059594
0.059594
0.022796
0.060150
0.064388
0.064388
0.024398
0.042833
0.068626
0.068626
0.026527
0.052116
0.072734
0.072734
0.023054
0.047690
0.067912
0.067912
0.031358
0.056147
0.072214
0.072214
0.029956
0.051250
0.065921
0.065921
0.033127
0.058409
0.070393
0.070393
0.033358
0.056972
0.066937
0.066937
0.035755
0.064125
0.071481
0.071481
0.037217
0.061900
0.067010
0.067010
0.036404
0.068530
0.071623
0.071623
0.038848

0.159694
0.166795
0.137297
0.103704
0.165247
0.164089
0.140844
0.091320
0.167684
0.162228
0.142080
0.082743
0.170569
0.158701
0.142825
0.066250
0.171715
0.156308
0.142546
0.054863
0.172839
0.151801
0.140957
0.033000
0.173115
0.148752
0.139353
0.017912
0.173020
0.143017
0.135610
0.000000
0.174473
0.150937
0.144517
0.046217
0.173834
0.146057
0.140998
0.023734
0.137242
0.165176
0.117668
0.113234
0.148147
0.163110
0.125675
0.104301
0.153118
0.161645
0.129196
0.098072
0.159352
0.158820
0.133251
0.086059
0.162091
0.156887
0.134724
0.077762
0.165335
0.153244
0.135780
0.061854
0.166629
0.150785
0.135647
0.050902
0.167911
0.146183
0.134254
0.029933
0.169476
0.151193
0.140853
0.068578
0.169667
0.147079
0.138932
0.053359
0.110203
0.167815
0.098321
0.126339
0.122124
0.166756
0.106468
0.120530
0.131770
0.165868
0.113610
0.116339
0.144216
0.163993
0.122815
0.108082
0.149920
0.162641
0.126948
0.102301
0.157133
0.160008
0.131882
0.091123
0.160340
0.158196
0.133817
0.083390
0.164215
0.154767
0.135557
0.068550
0.166666
0.158014
0.141363
0.094776
0.168543
0.154820
0.141699
0.082739

0.114664
0.119576
0.092992
0.012790
0.119087
0.115360
0.092148
0.000000
0.123308
0.127392
0.094366
0.025216
0.127234
0.123531
0.094694
0.006949
0.129580
0.133038
0.092008
0.030722
0.133176
0.129367
0.093541
0.012582
0.139318
0.142106
0.109079
0.059902
0.142242
0.139130
0.110292
0.045450
0.147281
0.149493
0.122908
0.083259
0.149658
0.147072
0.123859
0.071705
0.102126
0.122323
0.087456
0.025310
0.108622
0.119301
0.088856
0.007389
0.111957
0.128640
0.085324
0.029378
0.117683
0.125627
0.087804
0.011301
0.118911
0.132664
0.078851
0.025821
0.124101
0.129500
0.082512
0.011893
0.130689
0.142149
0.098833
0.057677
0.134927
0.139646
0.101823
0.042600
0.140302
0.149801
0.114934
0.082809
0.143760
0.147811
0.117366
0.070980
0.088887
0.125595
0.079864
0.053184
0.094377
0.124409
0.084477
0.040476
0.097031
0.132030
0.075217
0.056962
0.105109
0.130760
0.081152
0.044485
0.105322
0.136358
0.069769
0.054696
0.112685
0.134931
0.073302
0.041740
0.119601
0.145055
0.088241
0.080283
0.125608
0.143938
0.094330
0.070136
0.131256
0.152099
0.106368
0.100572
0.136156
0.151220
0.111288
0.092595

0.014949
0.069283
0.067530
0.049423
0.022712
0.069725
0.066859
0.044839
0.018692
0.064053
0.060204
0.038874
0.028775
0.063854
0.057559
0.033755
0.034007
0.063453
0.054999
0.030459
0.041507
0.062343
0.048519
0.024580
0.045337
0.061422
0.042854
0.020815
0.050708
0.059479
0.029118
0.017224
0.061906
0.072131
0.063677
0.033873
0.066060
0.070170
0.056346
0.027723
0.028092
0.076146
0.071459
0.059162
0.038092
0.076542
0.068879
0.055156
0.031339
0.070136
0.059844
0.049151
0.039635
0.070089
0.053260
0.044687
0.043959
0.069818
0.047214
0.041794
0.050174
0.068979
0.032019
0.036598
0.053349
0.068252
0.018608
0.033245
0.057772
0.066680
0.000000
0.027228
0.068030
0.078180
0.055576
0.045377
0.071591
0.076599
0.039639
0.039918
0.038861
0.080708
0.078955
0.067358
0.047247
0.081228
0.078362
0.063948
0.039933
0.074073
0.070224
0.057864
0.045375
0.074309
0.068015
0.054094
0.049226
0.074233
0.065779
0.051641
0.054849
0.073760
0.059935
0.047227
0.057778
0.073273
0.054705
0.044377
0.061974
0.072136
0.041775
0.039275
0.071064
0.082649
0.074195
0.055496
0.074499
0.081495
0.067671
0.050815

0.132122
0.163763
0.163763
0.141500
0.137533
0.164519
0.164519
0.132584
0.125202
0.163525
0.163525
0.126006
0.133458
0.163868
0.163868
0.112978
0.137659
0.163805
0.163805
0.103586
0.143630
0.163208
0.163208
0.084788
0.146684
0.162524
0.162524
0.071309
0.151035
0.160770
0.160770
0.044447
0.153261
0.159300
0.159300
0.025252
0.156415
0.156041
0.156041
0.000000
0.123351
0.166346
0.166346
0.148612
0.132313
0.167323
0.167323
0.141058
0.110984
0.165634
0.165634
0.135415
0.123248
0.166372
0.166372
0.124448
0.129400
0.166533
0.166533
0.116562
0.138015
0.166313
0.166313
0.100825
0.142355
0.165867
0.165867
0.089579
0.148449
0.164551
0.164551
0.067248
0.151522
0.163381
0.163381
0.051350
0.155826
0.160709
0.160709
0.025331
0.107351
0.169530
0.169530
0.163701
0.120807
0.171158
0.171158
0.159032
0.092093
0.168500
0.168500
0.155319
0.103717
0.170222
0.170222
0.148392
0.113198
0.170970
0.170970
0.143357
0.126366
0.171759
0.171759
0.133232
0.132943
0.171956
0.171956
0.125952
0.142111
0.171812
0.171812
0.111431
0.146706
0.171427
0.171427
0.101056
0.153125
0.170241
0.170241
0.080462

0.076648
0.082498
0.041134
0.013948
0.083858
0.086891
0.041915
0.020305
0.070750
0.072068
0.024775
0.000000
0.076026
0.076932
0.025509
0.003366
0.075175
0.079104
0.037740
0.012770
0.079989
0.083826
0.038850
0.019246
0.076325
0.084909
0.048731
0.027326
0.081354
0.089556
0.050219
0.033379
0.074909
0.089510
0.057867
0.040226
0.080528
0.094149
0.059744
0.045909
0.052488
0.087054
0.038151
0.024746
0.067158
0.091049
0.037875
0.029906
0.055834
0.076927
0.021014
0.008094
0.064451
0.081333
0.023001
0.013719
0.063704
0.082930
0.034026
0.023286
0.070222
0.087301
0.034127
0.028594
0.065442
0.087651
0.044878
0.036723
0.071581
0.092060
0.045553
0.041755
0.063151
0.091105
0.053695
0.048542
0.069764
0.095628
0.054951
0.053341
0.016338
0.093430
0.052066
0.041632
0.037534
0.097521
0.052545
0.046419
0.033164
0.084030
0.036737
0.026803
0.051962
0.088483
0.037060
0.032038
0.051219
0.088545
0.047181
0.039824
0.062972
0.093011
0.048035
0.044794
0.055840
0.091731
0.055553
0.051257
0.065127
0.096310
0.056973
0.056005
0.056167
0.093598
0.061956
0.061211
0.061976
0.098385
0.063979
0.065784

0.132451
0.172750
0.158147
0.089338
0.142092
0.172254
0.161424
0.057828
0.146218
0.171544
0.147982
0.033135
0.153205
0.169710
0.152238
0.000000
0.157104
0.175782
0.161178
0.089711
0.162084
0.174712
0.163883
0.058130
0.164832
0.178542
0.169491
0.125050
0.168383
0.177929
0.171217
0.105336
0.170323
0.180348
0.174739
0.147125
0.172856
0.180004
0.175844
0.134820
0.111781
0.170241
0.143686
0.104513
0.120388
0.170635
0.150942
0.079018
0.126515
0.170416
0.127570
0.058257
0.137326
0.169474
0.137701
0.025845
0.143102
0.174851
0.148296
0.105080
0.150790
0.174373
0.154681
0.079478
0.154873
0.177802
0.161343
0.134444
0.160344
0.177582
0.165377
0.118404
0.163234
0.179772
0.169572
0.152863
0.167131
0.179692
0.172127
0.142813
0.130886
0.175254
0.126965
0.137811
0.141012
0.175673
0.139864
0.124050
0.143692
0.175567
0.106459
0.111010
0.151461
0.175204
0.117427
0.088941
0.155539
0.178285
0.129996
0.138184
0.161004
0.178131
0.142322
0.124352
0.163863
0.180101
0.150172
0.155221
0.167714
0.180057
0.157863
0.146553
0.169722
0.181318
0.162769
0.165905
0.172442
0.181328
0.167573
0.160473

0.057808
0.087463
0.087463
0.021949
0.068793
0.093733
0.093733
0.027817
0.065416
0.082076
0.082076
0.005709
0.079395
0.088249
0.088249
0.007003
0.079940
0.091104
0.091104
0.009180
0.092063
0.096267
0.096267
0.011111
0.088133
0.098273
0.098273
0.011017
0.099549
0.102518
0.102518
0.008642
0.090141
0.106082
0.106082
0.035446
0.102129
0.110153
0.110153
0.035638
0.076992
0.098858
0.098858
0.032150
0.089922
0.103834
0.103834
0.034814
0.082572
0.093069
0.093069
0.010218
0.094410
0.097995
0.097995
0.011184
0.089201
0.099776
0.099776
0.010418
0.100624
0.103801
0.103801
0.006751
0.089298
0.104588
0.104588
0.002717
0.101569
0.107731
0.107731
0.000000
0.082087
0.111399
0.111399
0.033229
0.096855
0.114775
0.114775
0.028072
0.091354
0.109051
0.109051
0.054402
0.102601
0.113379
0.113379
0.058070
0.090064
0.103528
0.103528
0.037517
0.101628
0.107997
0.107997
0.040381
0.088487
0.108989
0.108989
0.041138
0.101279
0.112895
0.112895
0.040958
0.078862
0.112799
0.112799
0.039563
0.094554
0.116238
0.116238
0.035322
0.066482
0.117215
0.117215
0.060909
0.079771
0.120975
0.120975
0.059462

0.039716
0.105873
0.072607
0.122049
0.046352
0.108996
0.064883
0.120631
0.050882
0.108067
0.086889
0.118473
0.059944
0.110707
0.082623
0.114330
0.065901
0.112218
0.098735
0.111333
0.073239
0.114422
0.096543
0.100261
0.077884
0.115668
0.107084
0.090416
0.083848
0.117483
0.106101
0.062387
0.087511
0.118480
0.113015
0.036546
0.092383
0.119879
0.112632
0.000000
0.051794
0.108365
0.049867
0.121774
0.059629
0.110874
0.041611
0.121097
0.063598
0.109619
0.072377
0.121098
0.070130
0.111797
0.062411
0.119828
0.075575
0.113119
0.089410
0.120483
0.080987
0.114992
0.083552
0.117100
0.085140
0.116106
0.101012
0.115022
0.089634
0.117720
0.097704
0.106155
0.092855
0.118661
0.109051
0.098501
0.096602
0.120030
0.107288
0.076097
0.066022
0.109836
0.076570
0.123008
0.072266
0.111950
0.067836
0.123190
0.074426
0.110327
0.089149
0.122453
0.079223
0.112201
0.084117
0.122519
0.083150
0.113316
0.099833
0.123484
0.087501
0.114960
0.097081
0.122879
0.090567
0.115928
0.107345
0.122791
0.094209
0.117383
0.106001
0.120389
0.096645
0.118231
0.112767
0.118362
0.099714
0.119522
0.112275
0.111503

0.037529
0.077409
0.077409
0.070087
0.048205
0.077586
0.077586
0.066018
0.047345
0.077479
0.077479
0.062082
0.056222
0.077359
0.077359
0.050905
0.048910
0.077024
0.077024
0.067462
0.058146
0.076732
0.076732
0.063325
0.062314
0.076497
0.076497
0.068207
0.067555
0.076008
0.076008
0.066285
0.069899
0.075673
0.075673
0.067460
0.072799
0.075053
0.075053
0.066598
0.011954
0.076142
0.076142
0.061571
0.023521
0.076936
0.076936
0.047058
0.018892
0.077000
0.077000
0.032099
0.035286
0.077328
0.077328
0.009002
0.017179
0.077018
0.077018
0.059124
0.035800
0.077121
0.077121
0.044514
0.044209
0.077093
0.077093
0.066764
0.054835
0.076864
0.076864
0.061542
0.059635
0.076661
0.076661
0.068229
0.065682
0.076215
0.076215
0.065966
0.023110
0.080396
0.080396
0.073588
0.039637
0.080696
0.080696
0.069543
0.016992
0.080221
0.080221
0.065614
0.037038
0.080316
0.080316
0.054463
0.000000
0.079268
0.079268
0.071020
0.018636
0.079369
0.079369
0.066912
0.032025
0.079307
0.079307
0.071811
0.048435
0.079034
0.079034
0.069915
0.055607
0.078795
0.078795
0.071105
0.064359
0.078298
0.078298
0.069897

0.053475
0.092746
0.092746
0.022894
0.062267
0.101045
0.101045
0.033198
0.063766
0.090708
0.090708
0.000000
0.074309
0.099072
0.099072
0.004150
0.080197
0.103590
0.103590
0.008907
0.089327
0.110310
0.110310
0.014022
0.094820
0.117223
0.117223
0.043441
0.102800
0.123154
0.123154
0.049027
0.107541
0.128714
0.128714
0.071039
0.114517
0.133925
0.133925
0.076660
0.058527
0.100646
0.100646
0.036624
0.069057
0.107571
0.107571
0.041719
0.070970
0.099362
0.099362
0.007570
0.080546
0.106101
0.106101
0.011446
0.085894
0.109658
0.109658
0.011919
0.094189
0.114776
0.114776
0.015591
0.099425
0.122493
0.122493
0.048609
0.106720
0.127164
0.127164
0.048387
0.111229
0.133230
0.133230
0.077234
0.117643
0.137445
0.137445
0.078449
0.064728
0.108117
0.108117
0.066598
0.072824
0.114562
0.114562
0.072198
0.075186
0.108494
0.108494
0.045799
0.084184
0.114771
0.114771
0.050832
0.089229
0.118146
0.118146
0.052526
0.097082
0.123131
0.123131
0.052969
0.101879
0.129096
0.129096
0.079826
0.108807
0.133587
0.133587
0.081503
0.112976
0.138361
0.138361
0.101371
0.119088
0.142378
0.142378
0.103724

0.112941
0.108061
0.070210
0.018106
0.119304
0.111909
0.077024
0.029317
0.114473
0.098532
0.053424
0.000000
0.118773
0.103089
0.062119
0.007686
0.121479
0.107869
0.054086
0.015720
0.124489
0.111724
0.063690
0.027347
0.128941
0.116397
0.072285
0.036762
0.130843
0.119591
0.079633
0.046527
0.134697
0.123835
0.086954
0.054839
0.135908
0.126472
0.092574
0.063037
0.093414
0.114565
0.067291
0.037147
0.106443
0.117737
0.074954
0.046537
0.104619
0.106478
0.048770
0.016586
0.112287
0.110194
0.059181
0.027793
0.115388
0.114421
0.043757
0.033647
0.120235
0.117555
0.055468
0.043647
0.125563
0.121906
0.065227
0.052239
0.128375
0.124461
0.074013
0.060551
0.132703
0.128428
0.082157
0.068139
0.134340
0.130503
0.088740
0.075046
0.062904
0.122387
0.062841
0.055568
0.079365
0.125218
0.072428
0.063661
0.083948
0.115738
0.041136
0.037394
0.099835
0.118913
0.053600
0.047150
0.104699
0.122494
0.034262
0.050434
0.114025
0.125159
0.044030
0.059421
0.121188
0.129154
0.055548
0.067324
0.126344
0.131278
0.066978
0.074691
0.131590
0.134917
0.076342
0.081638
0.134462
0.136605
0.084802
0.087681

0.105771
0.083130
0.080512
0.038319
0.104101
0.079950
0.078062
0.031741
0.102937
0.077931
0.073515
0.027421
0.101116
0.074386
0.071201
0.019959
0.099777
0.072130
0.064678
0.014987
0.097797
0.068166
0.062792
0.007723
0.104823
0.079911
0.067338
0.028916
0.103067
0.076349
0.067282
0.021523
0.109455
0.087086
0.065873
0.041222
0.107941
0.083875
0.068577
0.034807
0.107058
0.083106
0.078072
0.033376
0.105093
0.079677
0.076047
0.025930
0.103813
0.077488
0.068995
0.020932
0.101981
0.073633
0.067508
0.012434
0.100453
0.071163
0.056834
0.006603
0.098468
0.066816
0.056482
0.000000
0.105456
0.079496
0.055320
0.022176
0.103769
0.075627
0.058193
0.013827
0.109888
0.087116
0.046326
0.035697
0.108547
0.083662
0.054247
0.028594
0.112623
0.091882
0.082202
0.048831
0.111178
0.088888
0.081908
0.042555
0.109845
0.086972
0.070641
0.038113
0.108304
0.083621
0.071844
0.031010
0.106621
0.081465
0.053911
0.025743
0.105014
0.077705
0.057835
0.017713
0.110892
0.088920
0.042432
0.038769
0.109651
0.085562
0.052037
0.031970
0.114397
0.095765
0.026960
0.049824
0.113639
0.092761
0.036199
0.044242

0.064205
0.110854
0.094335
0.059616
0.074508
0.108631
0.093574
0.051574
0.081709
0.106738
0.082948
0.044755
0.093155
0.103603
0.079844
0.035459
0.096270
0.101099
0.063734
0.027303
0.103018
0.097120
0.053818
0.016584
0.103213
0.093996
0.054427
0.006826
0.107032
0.089176
0.052208
0.000000
0.114866
0.102093
0.073700
0.027364
0.116901
0.097862
0.072865
0.016638
0.091311
0.118349
0.091987
0.073419
0.101866
0.116260
0.089081
0.066991
0.104484
0.114419
0.071738
0.060531
0.110936
0.111695
0.059976
0.053149
0.110855
0.109355
0.028706
0.045315
0.114770
0.106019
0.009525
0.036851
0.112576
0.103136
0.037941
0.027399
0.115025
0.099171
0.028603
0.017779
0.121231
0.109908
0.066604
0.045375
0.122551
0.106431
0.065069
0.036934
0.110829
0.123947
0.091372
0.084162
0.116952
0.122116
0.093618
0.079196
0.116570
0.120321
0.075194
0.072704
0.120543
0.118045
0.076424
0.067078
0.118088
0.115801
0.050080
0.059081
0.120839
0.113082
0.046041
0.052736
0.116429
0.110323
0.038303
0.042862
0.118608
0.107142
0.038627
0.035764
0.123855
0.116109
0.059361
0.059104
0.125150
0.113312
0.064577
0.052763

0.054543
0.115484
0.092508
0.069518
0.062539
0.117619
0.091036
0.044159
0.066836
0.118566
0.089552
0.024274
0.073214
0.119508
0.085939
0.000000
0.076776
0.124433
0.087796
0.070337
0.081754
0.125610
0.083221
0.044135
0.084443
0.128866
0.082602
0.097051
0.088121
0.130039
0.076511
0.080840
0.095367
0.133464
0.096826
0.117222
0.098635
0.134688
0.092299
0.107512
0.031753
0.108589
0.077832
0.096634
0.041561
0.111819
0.076234
0.083591
0.046815
0.113468
0.074630
0.073236
0.054584
0.115709
0.070774
0.050464
0.058778
0.119230
0.070187
0.097041
0.064744
0.121266
0.064523
0.082912
0.067865
0.123728
0.061797
0.110181
0.072158
0.125462
0.058101
0.100883
0.081451
0.128855
0.079812
0.123636
0.085258
0.130493
0.073750
0.117964
0.013409
0.100374
0.077398
0.111601
0.020531
0.104774
0.078191
0.105622
0.027441
0.107132
0.078119
0.100650
0.037800
0.110598
0.077029
0.089377
0.043415
0.113703
0.077065
0.114023
0.051691
0.116703
0.074314
0.107057
0.056112
0.119056
0.072791
0.121489
0.062531
0.121590
0.068062
0.116832
0.071235
0.124631
0.087993
0.130383
0.076789
0.126901
0.084512
0.127644

0.048929
0.080225
0.052306
0.007198
0.056754
0.076260
0.037063
0.000000
0.071857
0.089524
0.072339
0.024598
0.081608
0.085769
0.062773
0.014138
0.092612
0.097259
0.084305
0.039719
0.098504
0.093785
0.078868
0.030597
0.106699
0.103771
0.088931
0.052885
0.110145
0.100607
0.087734
0.044923
0.116455
0.109306
0.102255
0.064441
0.118340
0.106455
0.099966
0.057462
0.076640
0.091555
0.033991
0.027384
0.084747
0.087851
0.018056
0.016766
0.095978
0.098972
0.062416
0.042507
0.100860
0.095566
0.047793
0.033401
0.109079
0.105227
0.075272
0.055519
0.111909
0.102138
0.069637
0.047661
0.118046
0.110553
0.072051
0.066748
0.119603
0.107776
0.076665
0.059956
0.124472
0.115120
0.097197
0.076678
0.125181
0.112641
0.097318
0.070729
0.099740
0.100634
0.066993
0.045943
0.104017
0.097307
0.054731
0.037170
0.111646
0.106638
0.076155
0.058484
0.114096
0.103628
0.072782
0.050906
0.119809
0.111760
0.067900
0.069304
0.121139
0.109059
0.075898
0.062758
0.125391
0.116157
0.045033
0.078579
0.126098
0.113750
0.058476
0.072976
0.129814
0.119955
0.081999
0.087125
0.129987
0.117818
0.093085
0.082151

0.088816
0.080002
0.080002
0.016835
0.093067
0.075677
0.075677
0.010505
0.099981
0.087336
0.087336
0.026411
0.102879
0.083245
0.083245
0.016467
0.105662
0.093766
0.093766
0.033180
0.108619
0.089907
0.089907
0.022249
0.105338
0.099344
0.099344
0.036090
0.110071
0.095690
0.095690
0.023046
0.118035
0.104362
0.104362
0.033332
0.119846
0.100751
0.100751
0.016344
0.071963
0.087198
0.087198
0.028286
0.082046
0.083612
0.083612
0.018202
0.087061
0.094073
0.094073
0.034253
0.094948
0.090553
0.090553
0.022939
0.091837
0.099856
0.099856
0.035979
0.100362
0.096428
0.096428
0.022168
0.084384
0.104569
0.104569
0.031398
0.097244
0.101217
0.101217
0.013024
0.108113
0.108829
0.108829
0.017021
0.114318
0.105243
0.105243
0.000000
0.045104
0.092853
0.092853
0.045148
0.057421
0.090296
0.090296
0.037194
0.057820
0.099810
0.099810
0.052322
0.075203
0.097169
0.097169
0.043927
0.058630
0.105449
0.105449
0.056876
0.078622
0.102869
0.102869
0.047354
0.046016
0.109842
0.109842
0.057747
0.064362
0.107450
0.107450
0.045987
0.082393
0.114579
0.114579
0.053133
0.098076
0.111928
0.111928
0.037311

0.092664
0.076273
0.051841
0.024921
0.096026
0.079367
0.057616
0.028019
0.088040
0.070275
0.040850
0.013045
0.092332
0.073348
0.047151
0.016190
0.083389
0.063525
0.028087
0.001729
0.087842
0.066583
0.035033
0.003096
0.089385
0.073355
0.030675
0.011885
0.094020
0.076463
0.038466
0.015441
0.099935
0.084123
0.048686
0.027983
0.104200
0.087104
0.055554
0.031313
0.095938
0.080947
0.050122
0.026694
0.099989
0.083636
0.056193
0.029334
0.091527
0.074633
0.037508
0.014055
0.095736
0.077289
0.044238
0.016743
0.086188
0.067525
0.022814
0.000000
0.090603
0.070155
0.030350
0.004487
0.091352
0.077096
0.023248
0.011509
0.096046
0.079836
0.031896
0.014745
0.102383
0.088003
0.043292
0.028391
0.106657
0.090626
0.050821
0.031383
0.102953
0.092082
0.053191
0.040138
0.107204
0.094834
0.060210
0.043178
0.098216
0.086107
0.039268
0.027860
0.102698
0.088861
0.047162
0.031040
0.092472
0.079356
0.022946
0.014136
0.097246
0.082125
0.031904
0.017498
0.096225
0.087867
0.023351
0.023623
0.101365
0.090763
0.030280
0.027522
0.107538
0.098287
0.041878
0.040227
0.112167
0.101029
0.050809
0.043768

0.069065
0.130992
0.090823
0.091373
0.077489
0.134182
0.095606
0.103025
0.080463
0.131641
0.078740
0.066576
0.091269
0.134798
0.082921
0.083378
0.096442
0.131643
0.079363
0.034664
0.104483
0.134961
0.080044
0.058483
0.107990
0.129548
0.071679
0.000000
0.113876
0.133441
0.067875
0.019861
0.118384
0.135458
0.094867
0.038273
0.122882
0.138169
0.093428
0.061606
0.084065
0.135579
0.078808
0.107271
0.094192
0.137889
0.081900
0.115032
0.094108
0.135842
0.059951
0.090403
0.102240
0.138132
0.061462
0.101392
0.106150
0.136404
0.057584
0.072092
0.112035
0.138701
0.052963
0.086990
0.114598
0.135549
0.043300
0.042616
0.118602
0.138118
0.038984
0.063583
0.123333
0.139540
0.076142
0.076547
0.126506
0.141353
0.069041
0.090856
0.096983
0.138223
0.073882
0.115521
0.104974
0.140016
0.080395
0.121336
0.102242
0.138063
0.059067
0.103282
0.109098
0.139879
0.061732
0.111328
0.112496
0.139052
0.062598
0.094226
0.117593
0.140784
0.064821
0.104399
0.119967
0.139044
0.061808
0.077991
0.123626
0.140874
0.058447
0.091667
0.126997
0.141873
0.085767
0.099892
0.129879
0.143186
0.084937
0.109323

0.032561
0.080063
0.077020
0.037888
0.047139
0.082608
0.080381
0.028485
0.053068
0.078009
0.072995
0.045041
0.068105
0.080392
0.076722
0.041513
0.069377
0.075329
0.067067
0.046579
0.078867
0.077640
0.071593
0.046114
0.077320
0.072248
0.058635
0.046167
0.083684
0.074544
0.064581
0.046304
0.086198
0.075915
0.053486
0.050358
0.090753
0.078109
0.061692
0.052343
0.064943
0.084805
0.079124
0.012671
0.078163
0.086686
0.082528
0.000000
0.078922
0.082556
0.073196
0.034470
0.087327
0.084542
0.077691
0.022945
0.085583
0.079798
0.064375
0.043477
0.091288
0.081858
0.070570
0.038939
0.087890
0.076712
0.051300
0.045770
0.092141
0.078839
0.060240
0.044919
0.093149
0.080174
0.038303
0.052470
0.096614
0.082248
0.051602
0.053533
0.087645
0.089688
0.079082
0.046906
0.095104
0.091557
0.083795
0.037412
0.093191
0.087059
0.069585
0.054086
0.098322
0.088996
0.076206
0.050527
0.094896
0.084140
0.055349
0.055528
0.098795
0.086138
0.065065
0.055128
0.094147
0.081009
0.033571
0.053759
0.097503
0.083071
0.048351
0.055160
0.097086
0.084247
0.015276
0.057738
0.100292
0.086265
0.029057
0.060208

0.032444
0.089899
0.059816
0.068505
0.046130
0.091957
0.060797
0.069085
0.038229
0.084985
0.053161
0.063490
0.048598
0.086961
0.053999
0.063330
0.041431
0.084386
0.050722
0.062549
0.049963
0.086341
0.051473
0.063049
0.044566
0.086691
0.054867
0.067271
0.052511
0.088859
0.055898
0.067904
0.061591
0.093535
0.063452
0.073211
0.067626
0.095393
0.064234
0.073810
0.000000
0.086739
0.054465
0.068254
0.014242
0.089421
0.055992
0.068783
0.007875
0.082047
0.047906
0.062316
0.024268
0.084515
0.049153
0.062832
0.016617
0.081175
0.045059
0.061714
0.029520
0.083566
0.047193
0.062166
0.022507
0.083181
0.049040
0.066375
0.033902
0.085795
0.050433
0.066985
0.045073
0.090953
0.058679
0.072632
0.053539
0.093138
0.059709
0.073190
0.021687
0.091315
0.061231
0.074105
0.037175
0.093846
0.062686
0.074761
0.024073
0.085493
0.053669
0.068197
0.036646
0.088059
0.055098
0.068875
0.022898
0.083515
0.049851
0.067476
0.034127
0.086207
0.051338
0.068129
0.024338
0.084171
0.052348
0.071612
0.031977
0.087254
0.054292
0.072451
0.042846
0.092423
0.062340
0.077865
0.051580
0.095021
0.063861
0.078621

0.038371
0.063319
0.063319
0.053597
0.045863
0.068089
0.068089
0.055587
0.035489
0.063627
0.063627
0.047703
0.047173
0.068142
0.068142
0.048065
0.047059
0.063399
0.063399
0.039741
0.055720
0.067625
0.067625
0.035999
0.060307
0.070030
0.070030
0.033018
0.067187
0.073817
0.073817
0.024777
0.070960
0.076625
0.076625
0.050088
0.076745
0.080236
0.080236
0.047114
0.041560
0.072462
0.072462
0.056569
0.053910
0.076750
0.076750
0.056142
0.029714
0.072122
0.072122
0.046681
0.047710
0.076198
0.076198
0.042799
0.050298
0.071453
0.071453
0.030274
0.061620
0.075171
0.075171
0.020010
0.067188
0.077245
0.077245
0.010839
0.075026
0.080414
0.080414
0.000000
0.079107
0.083592
0.083592
0.041035
0.085076
0.086743
0.086743
0.030435
0.031302
0.080743
0.080743
0.068042
0.051449
0.084749
0.084749
0.069516
0.006564
0.079850
0.079850
0.061973
0.028248
0.083812
0.083812
0.061853
0.038084
0.079263
0.079263
0.052773
0.057372
0.082878
0.082878
0.049716
0.066125
0.084918
0.084918
0.046472
0.077503
0.088106
0.088106
0.037811
0.082940
0.090563
0.090563
0.062880
0.090363
0.093610
0.093610
0.059517

0.099127
0.113829
0.108539
0.074183
0.101684
0.113605
0.109972
0.060752
0.102957
0.113248
0.103593
0.050652
0.105215
0.112246
0.105617
0.030115
0.106198
0.112334
0.094714
0.047094
0.108176
0.110734
0.098636
0.028897
0.109251
0.110037
0.100382
0.034328
0.110806
0.107621
0.100992
0.015550
0.111619
0.106156
0.100866
0.012967
0.112741
0.102693
0.099061
0.000000
0.094655
0.112397
0.101175
0.068533
0.096321
0.112633
0.104928
0.050553
0.097671
0.112540
0.092061
0.036395
0.100404
0.111959
0.097897
0.017129
0.101370
0.113256
0.075881
0.049063
0.103912
0.112374
0.086712
0.027570
0.105325
0.112685
0.092206
0.048844
0.107411
0.111256
0.097195
0.030403
0.108552
0.110750
0.099529
0.038344
0.110213
0.108559
0.100854
0.019922
0.100003
0.119290
0.095487
0.096640
0.102897
0.119911
0.103567
0.086865
0.103814
0.120109
0.076668
0.078642
0.106572
0.120171
0.090344
0.062780
0.106828
0.120949
0.052746
0.081840
0.109575
0.120691
0.066257
0.069660
0.111063
0.120893
0.077452
0.079034
0.113265
0.120156
0.090329
0.067502
0.114456
0.119819
0.096016
0.069734
0.116216
0.118463
0.102120
0.057278

0.065873
0.112277
0.112277
0.041686
0.082564
0.116582
0.116582
0.051717
0.085197
0.101955
0.101955
0.017974
0.101454
0.106720
0.106720
0.029898
0.103460
0.094258
0.094258
0.000000
0.113280
0.099595
0.099595
0.007955
0.117829
0.102490
0.102490
0.015652
0.123784
0.106848
0.106848
0.027332
0.126608
0.109203
0.109203
0.033700
0.130391
0.112732
0.112732
0.043330
0.095291
0.115054
0.115054
0.056622
0.108998
0.118396
0.118396
0.064613
0.105714
0.105425
0.105425
0.036328
0.114030
0.109222
0.109222
0.045851
0.113569
0.099062
0.099062
0.016489
0.119044
0.103340
0.103340
0.027733
0.121676
0.105655
0.105655
0.033862
0.125252
0.109130
0.109130
0.043129
0.127015
0.111001
0.111001
0.048160
0.129462
0.113787
0.113787
0.056549
0.115204
0.120835
0.120835
0.074141
0.122316
0.123633
0.123633
0.080657
0.117338
0.112078
0.112078
0.056871
0.121349
0.115289
0.115289
0.064632
0.120176
0.107113
0.107113
0.040794
0.123726
0.110709
0.110709
0.049931
0.125517
0.112660
0.112660
0.054905
0.128064
0.115593
0.115593
0.062415
0.129378
0.117173
0.117173
0.066485
0.131282
0.119529
0.119529
0.072596

0.103050
0.128844
0.110750
0.082137
0.105668
0.131365
0.110415
0.098054
0.097167
0.124432
0.101558
0.043566
0.099950
0.127576
0.101092
0.068622
0.090343
0.118479
0.089562
0.000000
0.093295
0.122549
0.089070
0.022464
0.094856
0.124645
0.088089
0.041167
0.097108
0.127662
0.085339
0.065692
0.098245
0.129227
0.083015
0.077155
0.099772
0.131488
0.077985
0.091980
0.094470
0.125951
0.101696
0.105382
0.097245
0.128263
0.100181
0.114312
0.087526
0.121950
0.091288
0.082361
0.090436
0.124673
0.089173
0.096295
0.079485
0.116861
0.078099
0.046634
0.082516
0.120167
0.075290
0.068585
0.084088
0.121909
0.072908
0.078834
0.086288
0.124464
0.067732
0.092057
0.087348
0.125811
0.063866
0.098080
0.088662
0.127779
0.060373
0.105550
0.088083
0.122628
0.104533
0.119394
0.091423
0.125034
0.104085
0.124864
0.080619
0.118784
0.095910
0.105555
0.084334
0.121521
0.095037
0.113826
0.074144
0.114120
0.085203
0.084448
0.076183
0.117291
0.083811
0.097196
0.078328
0.119015
0.082459
0.103173
0.081511
0.121625
0.079302
0.110913
0.083184
0.123046
0.076834
0.114446
0.085564
0.125193
0.071690
0.118824

0.150672
0.174475
0.147786
0.038499
0.162374
0.173146
0.150919
0.000000
0.164131
0.175717
0.139951
0.097997
0.169058
0.175075
0.145289
0.065210
0.171017
0.176767
0.150077
0.133040
0.173167
0.176444
0.154216
0.115199
0.174077
0.177390
0.157474
0.152609
0.175133
0.177235
0.160648
0.142939
0.175612
0.177768
0.162906
0.163593
0.176203
0.177700
0.165322
0.158381
0.107298
0.174642
0.136161
0.065758
0.128937
0.173694
0.141646
0.030000
0.139831
0.175571
0.124003
0.111040
0.155438
0.175166
0.132219
0.086154
0.161264
0.176606
0.138124
0.139472
0.167428
0.176421
0.144373
0.125960
0.169816
0.177240
0.148524
0.155637
0.172443
0.177168
0.153253
0.148355
0.173518
0.177639
0.156210
0.164903
0.174768
0.177622
0.159776
0.161020
0.145974
0.175681
0.120197
0.118482
0.158490
0.175378
0.129171
0.097316
0.157800
0.175774
0.106807
0.138043
0.163801
0.175795
0.113874
0.127519
0.166288
0.176596
0.121112
0.153710
0.169237
0.176669
0.130462
0.148273
0.170545
0.177145
0.135742
0.162988
0.172196
0.177233
0.142752
0.160269
0.172975
0.177521
0.146625
0.168574
0.174009
0.177604
0.151874
0.167287

0.081310
0.134362
0.070758
0.087244
0.089324
0.135466
0.068493
0.100540
0.097167
0.135927
0.072897
0.049329
0.103061
0.137023
0.074360
0.076274
0.109869
0.136326
0.090276
0.000000
0.114001
0.137681
0.091118
0.028408
0.119127
0.138970
0.105071
0.053946
0.122006
0.139745
0.104915
0.081102
0.125848
0.140629
0.115493
0.095198
0.127850
0.141076
0.114862
0.109288
0.056855
0.130598
0.038609
0.106509
0.063214
0.132052
0.041333
0.111421
0.074260
0.133629
0.039278
0.091023
0.083444
0.134808
0.043067
0.102527
0.093296
0.135618
0.067360
0.060990
0.099737
0.136700
0.069135
0.083788
0.107100
0.138125
0.088352
0.097688
0.111605
0.138797
0.088678
0.109381
0.117108
0.139835
0.103263
0.117605
0.120252
0.140257
0.102827
0.123515
0.078925
0.134820
0.038268
0.120076
0.087488
0.135756
0.043443
0.122263
0.093540
0.136865
0.031413
0.112711
0.100270
0.137624
0.036390
0.118307
0.107513
0.138441
0.059442
0.101452
0.112185
0.139079
0.067176
0.111881
0.117573
0.140059
0.084514
0.119401
0.120810
0.140462
0.088985
0.124731
0.124825
0.141186
0.101830
0.129392
0.127062
0.141441
0.104292
0.132058

0.096769
0.143721
0.108716
0.109782
0.101428
0.144068
0.108465
0.099623
0.102426
0.142755
0.106582
0.090523
0.105952
0.142480
0.105680
0.074410
0.110606
0.144082
0.108873
0.065096
0.113303
0.143136
0.107329
0.039640
0.117323
0.144126
0.109838
0.023066
0.119339
0.142255
0.107396
0.000000
0.123123
0.148411
0.115003
0.068260
0.124673
0.147223
0.113269
0.042829
0.079681
0.137923
0.101450
0.117889
0.085991
0.138898
0.101792
0.112097
0.087857
0.137949
0.100251
0.106269
0.092712
0.138348
0.100729
0.097096
0.098282
0.140543
0.103862
0.093228
0.102056
0.140422
0.103111
0.078855
0.106851
0.142127
0.106419
0.070862
0.109753
0.141379
0.105068
0.048181
0.114063
0.145819
0.111040
0.096787
0.116311
0.145360
0.110006
0.082417
0.067618
0.134834
0.099573
0.125373
0.072292
0.136576
0.100717
0.122200
0.075385
0.136053
0.099620
0.118292
0.082121
0.137184
0.100128
0.113150
0.088470
0.139631
0.104159
0.112058
0.093784
0.140271
0.104204
0.103998
0.099184
0.142276
0.107723
0.100522
0.103353
0.142408
0.107286
0.087831
0.108054
0.145785
0.112316
0.115668
0.111331
0.145951
0.111731
0.107573

0.074257
0.137978
0.086101
0.089151
0.082892
0.138808
0.076018
0.079665
0.087485
0.136067
0.095001
0.070147
0.098280
0.135830
0.088797
0.057467
0.100339
0.132304
0.096952
0.045179
0.108279
0.130954
0.092486
0.028209
0.108469
0.126585
0.094003
0.012562
0.114270
0.123976
0.089927
0.000000
0.119663
0.134781
0.105570
0.045689
0.124141
0.132976
0.103198
0.028739
0.091195
0.142339
0.061281
0.102623
0.100894
0.143141
0.049860
0.095824
0.103690
0.140358
0.081935
0.088930
0.111041
0.140446
0.069453
0.080084
0.111683
0.137070
0.091119
0.070780
0.117270
0.136402
0.083564
0.059024
0.116374
0.132392
0.093061
0.047061
0.120621
0.130861
0.087916
0.031348
0.124772
0.138723
0.105068
0.071375
0.128166
0.137757
0.102318
0.059738
0.106958
0.144681
0.090119
0.112798
0.113989
0.145528
0.080122
0.108546
0.114316
0.142645
0.098778
0.102212
0.119755
0.143013
0.093251
0.096463
0.118696
0.139684
0.101409
0.088502
0.122952
0.139540
0.098226
0.080673
0.120869
0.135730
0.100877
0.070850
0.124235
0.134996
0.097978
0.060213
0.127326
0.140780
0.108646
0.088834
0.130099
0.140437
0.107812
0.081058

0.091367
0.131945
0.073621
0.097203
0.092466
0.132377
0.074697
0.086913
0.091552
0.131982
0.062413
0.077067
0.093844
0.131678
0.063464
0.062108
0.091971
0.130652
0.047199
0.048200
0.093922
0.129419
0.048312
0.026656
0.101583
0.131583
0.062015
0.017777
0.103137
0.129271
0.061057
0.000000
0.110859
0.139901
0.081576
0.060609
0.112284
0.138500
0.080820
0.038876
0.092226
0.135919
0.063152
0.109658
0.094540
0.136442
0.065247
0.103031
0.092477
0.135976
0.048560
0.094884
0.094507
0.135956
0.051188
0.085290
0.091255
0.134940
0.029314
0.074003
0.093069
0.134259
0.034897
0.060254
0.101675
0.137357
0.049941
0.057977
0.103088
0.135969
0.051201
0.038103
0.111284
0.144281
0.071514
0.088210
0.112508
0.143463
0.072269
0.074176
0.100356
0.142222
0.062893
0.122899
0.102980
0.142995
0.067564
0.119218
0.099812
0.142475
0.045413
0.111823
0.102340
0.142872
0.051421
0.106382
0.097690
0.141839
0.027350
0.096287
0.100230
0.141795
0.030273
0.088388
0.108195
0.144826
0.047763
0.089114
0.110198
0.144272
0.052822
0.077063
0.117562
0.150511
0.071182
0.110929
0.119228
0.150275
0.074844
0.102428

0.115614
0.122066
0.091082
0.022205
0.121125
0.125340
0.093674
0.035086
0.119312
0.112702
0.079293
0.000000
0.122561
0.116754
0.082912
0.008676
0.128876
0.122493
0.088952
0.022187
0.130531
0.125643
0.092330
0.035076
0.135831
0.130719
0.095222
0.046651
0.136541
0.133148
0.099157
0.057051
0.141103
0.137667
0.096607
0.066977
0.141265
0.139517
0.102496
0.075363
0.095129
0.127087
0.092949
0.046195
0.106010
0.129559
0.095089
0.055843
0.107487
0.119595
0.081735
0.022472
0.113624
0.122563
0.085981
0.034492
0.121491
0.127936
0.087636
0.046147
0.124709
0.130161
0.091722
0.055813
0.130901
0.134949
0.087916
0.065850
0.132441
0.136594
0.094440
0.073618
0.137460
0.140892
0.078538
0.082216
0.138073
0.142082
0.090649
0.088480
0.070888
0.134209
0.099241
0.070342
0.082947
0.136404
0.102171
0.077655
0.090214
0.128711
0.087249
0.051382
0.102804
0.131094
0.092066
0.060544
0.113159
0.135897
0.086079
0.070213
0.120113
0.137601
0.093803
0.077576
0.127469
0.141871
0.073474
0.085833
0.131224
0.143070
0.087886
0.091781
0.136511
0.146902
0.052305
0.098652
0.138543
0.147719
0.067863
0.103557

0.012395
0.085915
0.084741
0.043252
0.030278
0.092065
0.089726
0.052032
0.038484
0.083830
0.080291
0.029568
0.056897
0.089833
0.082780
0.039441
0.060437
0.079843
0.069176
0.013550
0.073651
0.085965
0.064705
0.024713
0.073905
0.074105
0.070567
0.000000
0.083891
0.080560
0.073508
0.007621
0.089032
0.084142
0.082969
0.014730
0.096429
0.089674
0.087334
0.025774
0.029634
0.090336
0.085673
0.057678
0.048240
0.095895
0.086602
0.065277
0.053487
0.089196
0.075140
0.046480
0.067032
0.094635
0.066620
0.054961
0.069218
0.086452
0.044077
0.033253
0.079478
0.091969
0.027874
0.042771
0.079468
0.082194
0.068138
0.017842
0.087662
0.087958
0.059943
0.028642
0.092008
0.091161
0.086498
0.034717
0.098370
0.096109
0.086817
0.044120
0.039727
0.091937
0.090764
0.069269
0.051456
0.097300
0.094961
0.075942
0.055742
0.092048
0.088510
0.060272
0.067272
0.097236
0.090183
0.067651
0.069343
0.090689
0.080022
0.049513
0.078545
0.095866
0.074606
0.057746
0.078889
0.087934
0.084396
0.036825
0.086521
0.093247
0.086195
0.046090
0.090625
0.096199
0.095025
0.051280
0.096761
0.100760
0.098420
0.059337

0.085132
0.122956
0.101329
0.016988
0.089518
0.122841
0.101714
0.000000
0.091184
0.129787
0.107338
0.048812
0.097498
0.130317
0.108386
0.026064
0.098320
0.134703
0.111399
0.067095
0.104029
0.135594
0.112829
0.047500
0.104141
0.138059
0.113870
0.072722
0.109316
0.139080
0.115448
0.052482
0.108854
0.141091
0.115981
0.096643
0.113573
0.142441
0.117910
0.084300
0.093102
0.131179
0.108519
0.054580
0.099258
0.131823
0.109686
0.032956
0.099891
0.135678
0.112156
0.069702
0.105461
0.136622
0.113643
0.050326
0.105412
0.138681
0.114265
0.072032
0.110464
0.139699
0.115846
0.050942
0.109829
0.140343
0.114998
0.059300
0.114427
0.141202
0.116442
0.041393
0.113346
0.142713
0.116403
0.090253
0.117569
0.143968
0.118265
0.073897
0.101399
0.137069
0.113327
0.087452
0.106840
0.138262
0.115068
0.074597
0.106642
0.140104
0.115458
0.098052
0.111587
0.141468
0.117391
0.087146
0.110827
0.142084
0.116501
0.101106
0.115340
0.143491
0.118498
0.089925
0.114089
0.143142
0.116586
0.095776
0.118226
0.144466
0.118522
0.081519
0.116574
0.144347
0.117468
0.111785
0.120398
0.145863
0.118932
0.103702

0.102387
0.124074
0.105428
0.114756
0.104299
0.126210
0.111733
0.121050
0.104703
0.126202
0.098251
0.099671
0.107706
0.128417
0.106714
0.108338
0.109318
0.127836
0.109190
0.074652
0.112029
0.130205
0.115728
0.086070
0.113430
0.128555
0.116117
0.029634
0.115921
0.131239
0.121582
0.044208
0.117115
0.128177
0.119879
0.000000
0.119447
0.131588
0.125146
0.018531
0.105525
0.128068
0.097140
0.123369
0.108531
0.129947
0.105933
0.125193
0.108137
0.130236
0.083873
0.110419
0.111287
0.132108
0.096109
0.110895
0.112995
0.132157
0.101229
0.088404
0.115745
0.134009
0.109995
0.084199
0.117216
0.133398
0.112766
0.043953
0.119671
0.135264
0.119245
0.042532
0.120943
0.134340
0.120578
0.040102
0.123181
0.136678
0.125991
0.049253
0.108707
0.131589
0.080288
0.132881
0.111904
0.133323
0.093490
0.135449
0.110244
0.133707
0.064253
0.126075
0.113774
0.135430
0.075718
0.128753
0.115676
0.135861
0.084559
0.118075
0.118632
0.137525
0.097692
0.119065
0.120224
0.137571
0.103348
0.099555
0.122766
0.139216
0.112645
0.096781
0.124121
0.138967
0.116138
0.094422
0.126364
0.140806
0.123080
0.102333

0.000000
0.066085
0.051545
0.054457
0.021103
0.069896
0.051933
0.057699
0.030264
0.065170
0.044778
0.052326
0.047934
0.068835
0.043642
0.054354
0.055474
0.070968
0.042368
0.056105
0.064683
0.074419
0.039086
0.058830
0.068775
0.076432
0.036320
0.060336
0.073954
0.079690
0.030135
0.062605
0.079709
0.081997
0.053397
0.067192
0.083517
0.085159
0.049826
0.069673
0.035332
0.067325
0.045133
0.056318
0.050419
0.071014
0.043598
0.059323
0.051372
0.066483
0.035359
0.053014
0.059565
0.070078
0.031627
0.055773
0.063275
0.072174
0.028523
0.057290
0.068055
0.075568
0.021640
0.059557
0.070272
0.077544
0.016322
0.060741
0.073119
0.080734
0.011323
0.062376
0.079556
0.083208
0.039557
0.068299
0.082202
0.086327
0.032399
0.070321
0.054631
0.068221
0.053681
0.059713
0.061525
0.071932
0.053969
0.062931
0.059915
0.067661
0.047269
0.057058
0.065193
0.071305
0.046112
0.060112
0.067865
0.073438
0.044838
0.061840
0.071703
0.076903
0.041570
0.064526
0.073700
0.078929
0.038817
0.066008
0.076590
0.082213
0.032658
0.068236
0.081466
0.084537
0.055937
0.072797
0.084334
0.087728
0.052394
0.075235

0.171273
0.158856
0.151296
0.070753
0.172535
0.155249
0.149443
0.050758
0.172211
0.152739
0.141205
0.036464
0.171997
0.148016
0.139158
0.009988
0.171290
0.148010
0.130415
0.019222
0.170639
0.142606
0.129093
0.000000
0.172200
0.154994
0.128150
0.055412
0.171850
0.150849
0.130233
0.034001
0.173995
0.160459
0.142864
0.084242
0.173652
0.157261
0.143748
0.067824
0.158080
0.161521
0.148703
0.076122
0.167124
0.158244
0.148401
0.056066
0.168908
0.155919
0.136364
0.041263
0.171006
0.151564
0.136546
0.020585
0.170783
0.153519
0.123685
0.037627
0.171099
0.148934
0.126022
0.011609
0.171668
0.159375
0.113861
0.070222
0.171946
0.155910
0.120956
0.051040
0.173894
0.163981
0.134148
0.096749
0.173929
0.161333
0.138421
0.082218
0.112722
0.166531
0.144797
0.106310
0.136929
0.164255
0.147565
0.092678
0.150299
0.162578
0.129422
0.081773
0.163372
0.159552
0.134089
0.063509
0.165577
0.160596
0.110013
0.076896
0.169318
0.157369
0.118522
0.059164
0.169074
0.164691
0.095295
0.098662
0.170828
0.162274
0.103010
0.085941
0.172840
0.168060
0.117477
0.118450
0.173569
0.166203
0.127356
0.108708

