0.342113
0.411804
0.367088
0.003569
0.404491
0.412501
0.237824
0.004491
0.401910
0.410648
0.199508
0.001910
0.402935
0.411377
0.190530
0.002935
0.400175
0.409438
0.184880
0.000214
0.401274
0.410201
0.186919
0.001274
0.398305
0.408167
0.192337
0.025916
0.399491
0.408969
0.184053
0.000169
0.396277
0.406829
0.352225
0.395352
0.397565
0.407674
0.224515
0.142290
0.201489
0.410351
0.191216
0.089987
0.203991
0.411088
0.189352
0.005946
0.233262
0.409126
0.183917
0.000000
0.400840
0.409899
0.186100
0.000841
0.397814
0.407839
0.179817
0.086314
0.399024
0.408651
0.182467
0.002440
0.395741
0.406484
0.174656
0.395741
0.397058
0.407339
0.178038
0.293468
0.393466
0.405051
0.171249
0.393466
0.394914
0.405956
0.172406
0.394914
0.199258
0.408811
0.359106
0.399258
0.200399
0.409592
0.230523
0.390948
0.197313
0.407507
0.190067
0.215337
0.198664
0.408330
0.182065
0.012904
0.199724
0.406133
0.173157
0.395193
0.384321
0.407001
0.176753
0.387090
0.392860
0.404679
0.176292
0.392860
0.394345
0.405598
0.171078
0.394345
0.390261
0.403135
0.307082
0.390261
0.391920
0.404111
0.205422
0.391920

0.154886
0.449032
0.449032
0.039014
0.239460
0.457737
0.457737
0.035524
0.090592
0.456967
0.456967
0.033098
0.155080
0.455394
0.455394
0.028213
0.154507
0.459312
0.459312
0.039142
0.239058
0.457871
0.457871
0.036714
0.275772
0.461470
0.461470
0.047181
0.314807
0.460141
0.460141
0.057329
0.357240
0.463474
0.463474
0.083451
0.438532
0.462238
0.462238
0.151756
0.074309
0.456350
0.456350
0.031293
0.093762
0.454736
0.454736
0.025834
0.067498
0.453718
0.453718
0.021541
0.069688
0.451928
0.451928
0.000000
0.074287
0.456350
0.456350
0.038100
0.093639
0.454736
0.454736
0.053784
0.125364
0.458745
0.458745
0.095100
0.205557
0.457273
0.457273
0.185754
0.254846
0.460946
0.460946
0.276053
0.296418
0.459591
0.459591
0.395517
0.070772
0.459307
0.459307
0.039812
0.070553
0.457871
0.457871
0.040472
0.069157
0.456969
0.456969
0.045512
0.068167
0.455394
0.455394
0.073880
0.070772
0.459307
0.459307
0.126739
0.070551
0.457871
0.457871
0.240677
0.074866
0.461470
0.461470
0.332801
0.085833
0.460141
0.460141
0.422883
0.107388
0.463474
0.463474
0.444913
0.173273
0.462238
0.462238
0.445140

0.400023
0.470354
0.470354
0.200098
0.400104
0.494838
0.494838
0.200005
0.400241
0.510374
0.510374
0.200009
0.400781
0.535919
0.535919
0.000093
0.401418
0.550071
0.550071
0.200136
0.403342
0.570055
0.570055
0.200010
0.405234
0.579364
0.579364
0.434057
0.410145
0.590234
0.590234
0.203911
0.414442
0.594285
0.594285
0.600010
0.424442
0.598021
0.598021
0.599876
0.400010
0.432400
0.432400
0.454053
0.400010
0.449221
0.449221
0.026361
0.400014
0.461423
0.461423
0.001276
0.400056
0.484745
0.484745
0.000000
0.400139
0.499984
0.499984
0.454994
0.400503
0.525886
0.525886
0.026581
0.400961
0.540777
0.540777
0.600010
0.402415
0.562690
0.562690
0.600010
0.403900
0.573395
0.573395
0.600010
0.407878
0.586555
0.586555
0.600010
0.205345
0.470354
0.470354
0.599972
0.400104
0.494838
0.494838
0.600005
0.200241
0.510374
0.510374
0.600008
0.200781
0.535919
0.535919
0.129970
0.206741
0.550071
0.550071
0.600010
0.403342
0.570055
0.570055
0.600010
0.405234
0.579364
0.579364
0.600010
0.410145
0.590234
0.590234
0.600010
0.414442
0.594285
0.594285
0.600010
0.424442
0.598021
0.598021
0.600010

0.535645
0.735653
0.584873
0.545901
0.535694
0.735653
0.609358
0.407252
0.535611
0.735653
0.557644
0.366128
0.538444
0.735653
0.572908
0.341231
0.541614
0.735653
0.543531
0.333903
0.582788
0.735653
0.551047
0.334969
0.617122
0.735653
0.537761
0.317995
0.714887
0.735653
0.540656
0.328792
0.683886
0.735653
0.536008
0.123706
0.707773
0.735650
0.536808
0.107779
0.535061
0.735653
0.553052
0.734556
0.535563
0.735653
0.566119
0.698615
0.530155
0.735653
0.541501
0.610640
0.534149
0.735653
0.547570
0.450484
0.511575
0.735653
0.537079
0.366336
0.526479
0.735653
0.539257
0.254315
0.477992
0.735653
0.535856
0.079430
0.525785
0.735653
0.536398
0.099786
0.488874
0.735653
0.535662
0.026340
0.615052
0.735653
0.535730
0.056149
0.527192
0.735653
0.539910
0.727191
0.533058
0.735653
0.544734
0.733017
0.503981
0.735653
0.536587
0.703708
0.523560
0.735653
0.538190
0.710312
0.471470
0.735653
0.535762
0.602872
0.537781
0.735653
0.536113
0.465917
0.513992
0.735653
0.535656
0.306874
0.630211
0.735653
0.535689
0.266669
0.575885
0.735630
0.535653
0.023841
0.598931
0.735651
0.535653
0.000000

0.385256
0.278767
0.078917
0.326383
0.381086
0.270538
0.070538
0.338267
0.369666
0.232106
0.082312
0.325098
0.359980
0.228193
0.030091
0.338432
0.348251
0.195785
0.195785
0.320733
0.332807
0.196547
0.155870
0.334628
0.322373
0.199132
0.199132
0.342113
0.303448
0.206692
0.206692
0.353090
0.365539
0.265861
0.265861
0.359028
0.355132
0.268443
0.268443
0.366918
0.389674
0.302796
0.102796
0.301654
0.387987
0.289771
0.089771
0.313990
0.382426
0.251722
0.051743
0.295259
0.377053
0.240098
0.040098
0.310542
0.370991
0.208015
0.023665
0.288662
0.360994
0.199630
0.000000
0.305280
0.353681
0.196767
0.196630
0.314720
0.339294
0.195697
0.077115
0.329276
0.380135
0.270942
0.270942
0.339252
0.373868
0.266666
0.266666
0.349752
0.391230
0.331226
0.131377
0.279816
0.390667
0.316933
0.116934
0.290028
0.388647
0.282746
0.132952
0.265155
0.386163
0.266252
0.068149
0.279884
0.383678
0.236584
0.236584
0.254211
0.378434
0.220560
0.179883
0.271417
0.374257
0.212566
0.212566
0.281804
0.365316
0.202454
0.202454
0.298746
0.387508
0.288899
0.288899
0.315832
0.384564
0.278506
0.278506
0.327810

0.582604
0.679161
0.488667
0.414668
0.679152
0.679161
0.498700
0.172196
0.675969
0.679161
0.481446
0.099315
0.678620
0.679161
0.484982
0.079652
0.657483
0.679161
0.479493
0.057580
0.671806
0.679161
0.480356
0.071806
0.675969
0.679161
0.481446
0.099315
0.678620
0.679161
0.484982
0.079652
0.679019
0.679161
0.488667
0.414668
0.679152
0.679161
0.498700
0.172196
0.473497
0.679161
0.480657
0.480967
0.479027
0.679161
0.483243
0.478211
0.471182
0.679161
0.479342
0.378958
0.667269
0.679161
0.479902
0.081723
0.599174
0.679161
0.479167
0.000000
0.632319
0.679161
0.479224
0.032321
0.648677
0.679161
0.479342
0.378958
0.667333
0.679161
0.479902
0.081723
0.673496
0.679161
0.480657
0.480967
0.677989
0.679161
0.483243
0.478211
0.438156
0.679161
0.479253
0.637607
0.461210
0.679161
0.479600
0.551972
0.385089
0.679161
0.479162
0.408348
0.419787
0.679161
0.479189
0.420730
0.337279
0.679161
0.479161
0.333647
0.527446
0.679161
0.479161
0.034621
0.585089
0.679161
0.479162
0.408348
0.619698
0.679161
0.479189
0.420730
0.638156
0.679161
0.479253
0.637607
0.661210
0.679161
0.479600
0.551972

0.199926
0.391103
0.288950
0.400000
0.200045
0.399096
0.202622
0.400000
0.200157
0.399873
0.200112
0.400000
0.200848
0.399999
0.199999
0.001990
0.201965
0.400000
0.297846
0.000000
0.206514
0.400000
0.203527
0.000000
0.212121
0.400000
0.400000
0.400000
0.229687
0.400000
0.396787
0.001990
0.246948
0.400000
0.400000
0.400000
0.288027
0.400000
0.400000
0.400000
0.000002
0.317694
0.117723
0.400000
0.005749
0.363847
0.163847
0.400000
0.127361
0.382999
0.182999
0.400000
0.200017
0.397429
0.197429
0.400000
0.200070
0.399503
0.199531
0.400000
0.200454
0.399990
0.199990
0.400000
0.201135
0.400000
0.232036
0.400000
0.204142
0.400000
0.200621
0.400000
0.208072
0.400000
0.400000
0.400000
0.221166
0.400000
0.343387
0.400000
0.000003
0.391103
0.288950
0.400000
0.000045
0.399096
0.202622
0.400000
0.000157
0.399873
0.200112
0.400000
0.001208
0.399999
0.199999
0.400000
0.021429
0.400000
0.297846
0.400000
0.206514
0.400000
0.203527
0.400000
0.212121
0.400000
0.400000
0.400000
0.229687
0.400000
0.396787
0.400000
0.246948
0.400000
0.400000
0.400000
0.288027
0.400000
0.400000
0.400000

0.046183
0.101639
0.038104
0.083384
0.050105
0.102656
0.039128
0.082376
0.049546
0.101288
0.027809
0.077088
0.055529
0.101807
0.028362
0.075917
0.053300
0.099874
0.014891
0.069793
0.057892
0.099979
0.015068
0.068485
0.060126
0.099870
0.014666
0.067502
0.063040
0.099419
0.013168
0.066223
0.075374
0.106620
0.032906
0.076337
0.077478
0.105979
0.031332
0.074405
0.055876
0.106751
0.030551
0.081788
0.061544
0.107226
0.031069
0.080656
0.058944
0.105193
0.017063
0.074354
0.063291
0.105275
0.017227
0.073092
0.059075
0.102673
0.000744
0.065818
0.062344
0.102428
0.000632
0.064447
0.063831
0.102119
0.000000
0.063400
0.065565
0.101346
0.000616
0.061284
0.078426
0.108784
0.020438
0.073143
0.079567
0.107883
0.018458
0.071087
0.070804
0.112964
0.034777
0.085195
0.075527
0.113276
0.036402
0.084586
0.071334
0.110731
0.020237
0.077486
0.075125
0.110770
0.021828
0.076866
0.069352
0.107654
0.005663
0.068684
0.072415
0.107478
0.004572
0.068084
0.073836
0.107227
0.005008
0.067502
0.075554
0.106576
0.004827
0.066167
0.087058
0.113456
0.025089
0.077077
0.088230
0.112676
0.024682
0.075705

0.112203
0.129003
0.116666
0.080866
0.118944
0.132700
0.123834
0.086835
0.119318
0.126174
0.105241
0.062398
0.125050
0.130044
0.115002
0.068341
0.124844
0.121918
0.109581
0.038648
0.129690
0.126076
0.117210
0.043548
0.128370
0.116040
0.108769
0.006203
0.132616
0.120586
0.115361
0.008477
0.130237
0.109368
0.105083
0.000000
0.134128
0.114810
0.111731
0.003005
0.098612
0.130309
0.106419
0.089105
0.107373
0.133878
0.116710
0.091503
0.108892
0.128977
0.088441
0.069559
0.116247
0.132469
0.103340
0.070097
0.117549
0.126185
0.102294
0.043079
0.123543
0.129670
0.112502
0.039384
0.123617
0.121714
0.107634
0.003650
0.128636
0.125221
0.115103
0.002123
0.127648
0.117412
0.109113
0.007578
0.132017
0.121747
0.115783
0.007599
0.083596
0.129865
0.083601
0.104546
0.090790
0.133724
0.100479
0.108227
0.093362
0.130336
0.061571
0.090905
0.103154
0.133964
0.077556
0.094177
0.106249
0.129434
0.083170
0.074716
0.114018
0.132940
0.099694
0.075967
0.115650
0.127031
0.099765
0.050701
0.121944
0.130514
0.110919
0.048319
0.122350
0.124103
0.108032
0.047483
0.127598
0.128049
0.116500
0.051457

0.118058
0.151647
0.151647
0.100706
0.130887
0.150792
0.150792
0.103335
0.128412
0.147436
0.147436
0.079202
0.137225
0.146533
0.146533
0.084873
0.132858
0.148584
0.148584
0.062662
0.140304
0.148347
0.148347
0.074232
0.130251
0.148090
0.148090
0.033070
0.138040
0.148791
0.148791
0.053390
0.143960
0.148133
0.148133
0.000000
0.149133
0.149648
0.149648
0.017628
0.081017
0.146381
0.146381
0.103909
0.096092
0.145554
0.145554
0.103230
0.094932
0.142348
0.142348
0.087596
0.111773
0.141239
0.141239
0.090530
0.105551
0.144532
0.144532
0.081550
0.118987
0.143960
0.143960
0.086118
0.103657
0.145064
0.145064
0.067429
0.116826
0.145289
0.145289
0.077380
0.125916
0.147735
0.147735
0.041923
0.134559
0.148296
0.148296
0.059729
0.102344
0.151052
0.151052
0.118846
0.118202
0.150259
0.150259
0.117198
0.106276
0.146757
0.146757
0.107091
0.119356
0.145904
0.145904
0.106188
0.101677
0.147872
0.147872
0.105535
0.115134
0.147646
0.147646
0.107001
0.092645
0.147461
0.147461
0.098974
0.102585
0.148090
0.148090
0.103765
0.113055
0.151448
0.151448
0.085930
0.124172
0.152028
0.152028
0.095403

0.143139
0.146220
0.146220
0.000000
0.144471
0.146419
0.146419
0.029603
0.141113
0.146107
0.146107
0.052121
0.142978
0.145822
0.145822
0.076260
0.137634
0.145111
0.145111
0.084882
0.140347
0.144452
0.144452
0.092540
0.131926
0.143294
0.143294
0.094049
0.135980
0.142284
0.142284
0.092887
0.123921
0.145722
0.145722
0.113902
0.130273
0.145191
0.145191
0.111096
0.138783
0.144240
0.144240
0.061902
0.140654
0.143866
0.143866
0.080832
0.134669
0.143058
0.143058
0.087240
0.137673
0.142321
0.142321
0.092210
0.128254
0.141041
0.141041
0.092513
0.132761
0.139952
0.139952
0.089782
0.118016
0.138047
0.138047
0.086428
0.124887
0.136581
0.136581
0.083095
0.103412
0.140811
0.140811
0.104500
0.114247
0.140078
0.140078
0.097711
0.134273
0.146886
0.146886
0.109361
0.137744
0.146759
0.146759
0.115182
0.127308
0.145812
0.145812
0.116570
0.132504
0.145520
0.145520
0.116465
0.116152
0.144025
0.144025
0.115122
0.124049
0.143591
0.143591
0.111396
0.098504
0.141311
0.141311
0.108173
0.110623
0.140763
0.140763
0.101682
0.080058
0.142497
0.142497
0.120397
0.090825
0.142737
0.142737
0.115120

0.116369
0.141340
0.088007
0.109104
0.122639
0.141971
0.088142
0.102402
0.125425
0.142264
0.087295
0.096602
0.128932
0.142594
0.083930
0.082927
0.130519
0.142679
0.080468
0.071610
0.132516
0.142590
0.071576
0.045688
0.134536
0.142406
0.096252
0.025774
0.135982
0.141679
0.091135
0.000000
0.137428
0.144567
0.109017
0.076486
0.138586
0.144335
0.106885
0.050497
0.092654
0.139574
0.069059
0.114482
0.106407
0.140522
0.066393
0.112335
0.112241
0.141012
0.063168
0.110099
0.119209
0.141696
0.054323
0.104276
0.122167
0.142024
0.046424
0.099169
0.125623
0.142415
0.037449
0.087034
0.129224
0.142623
0.075171
0.079178
0.131421
0.142651
0.064849
0.056890
0.133719
0.144292
0.094743
0.105435
0.135294
0.144513
0.089693
0.093428
0.052270
0.137104
0.069261
0.114635
0.071391
0.138445
0.069023
0.115121
0.085251
0.139145
0.069332
0.114893
0.101603
0.140163
0.067829
0.113406
0.108519
0.140692
0.065468
0.111679
0.116769
0.141443
0.058445
0.106964
0.121426
0.141853
0.084292
0.103871
0.126033
0.142340
0.081290
0.094109
0.128778
0.143398
0.097849
0.118195
0.131612
0.143911
0.097252
0.113283

0.148832
0.147969
0.140242
0.018681
0.154132
0.149858
0.145588
0.028685
0.155341
0.143483
0.140492
0.000000
0.158294
0.146636
0.144983
0.009370
0.159694
0.149690
0.148531
0.038799
0.161274
0.151985
0.151344
0.054623
0.162044
0.154117
0.153669
0.075002
0.162907
0.155787
0.155540
0.086662
0.163342
0.157279
0.157106
0.100798
0.163826
0.158495
0.158399
0.109371
0.129686
0.150620
0.125320
0.031799
0.141695
0.151170
0.137188
0.035505
0.146254
0.148751
0.138956
0.023494
0.152465
0.150358
0.144944
0.030771
0.155303
0.153584
0.149792
0.065306
0.158479
0.154775
0.152679
0.071187
0.159964
0.156985
0.155516
0.094695
0.161600
0.157867
0.157056
0.099359
0.162388
0.159384
0.158816
0.115382
0.163240
0.160038
0.159724
0.119026
0.096494
0.155054
0.089707
0.080235
0.112040
0.155778
0.109997
0.078899
0.123616
0.154102
0.122028
0.073566
0.137906
0.155363
0.137637
0.079161
0.144079
0.157440
0.145022
0.100532
0.151292
0.158337
0.151475
0.104937
0.154429
0.159752
0.154944
0.119505
0.158078
0.160398
0.157741
0.122930
0.159680
0.161365
0.159504
0.132875
0.161533
0.161834
0.160805
0.135512

0.105418
0.143625
0.094916
0.089095
0.116594
0.144851
0.090270
0.098744
0.120547
0.142414
0.083826
0.065059
0.124818
0.143921
0.077730
0.079451
0.130792
0.141117
0.092861
0.033911
0.132579
0.143286
0.089153
0.056350
0.136385
0.138314
0.098129
0.000000
0.137246
0.141442
0.096721
0.019339
0.140453
0.143612
0.109742
0.038970
0.140891
0.145856
0.108491
0.061902
0.064254
0.142955
0.080896
0.103161
0.080744
0.143896
0.073735
0.108264
0.092726
0.142498
0.066813
0.087449
0.105568
0.143459
0.061946
0.095120
0.116751
0.142553
0.080957
0.070787
0.122081
0.143930
0.074227
0.083591
0.128803
0.141563
0.090958
0.043095
0.131013
0.143543
0.086670
0.063231
0.135758
0.145367
0.103347
0.077006
0.136654
0.146838
0.099977
0.090492
0.102842
0.143471
0.094486
0.115580
0.114006
0.144202
0.089039
0.118719
0.118111
0.143463
0.084297
0.106189
0.122348
0.144216
0.077453
0.110807
0.128539
0.143950
0.095125
0.096973
0.130262
0.144974
0.090278
0.104744
0.134385
0.143799
0.103055
0.081016
0.135135
0.145198
0.099924
0.093253
0.138290
0.146525
0.112106
0.102122
0.138662
0.147624
0.109715
0.110384

0.101168
0.149816
0.102953
0.046372
0.113782
0.152153
0.104568
0.072924
0.114334
0.146064
0.091340
0.000000
0.122253
0.149029
0.092860
0.024620
0.120329
0.147386
0.082917
0.039085
0.125409
0.149579
0.082648
0.065603
0.127766
0.150683
0.081754
0.078004
0.130761
0.152236
0.078983
0.094136
0.132081
0.153022
0.076502
0.101609
0.133596
0.154127
0.070872
0.111172
0.068469
0.148412
0.091447
0.086057
0.082094
0.150685
0.092053
0.100871
0.087036
0.146259
0.078997
0.049094
0.101238
0.148661
0.078625
0.072642
0.101451
0.146366
0.066189
0.077333
0.110128
0.148239
0.063749
0.091989
0.114078
0.149194
0.061383
0.098797
0.118996
0.150548
0.055797
0.107525
0.121109
0.151235
0.051368
0.111456
0.123468
0.152199
0.047400
0.116233
0.094119
0.148885
0.093010
0.106941
0.107109
0.150639
0.094560
0.115833
0.106659
0.146695
0.082064
0.085136
0.114972
0.148577
0.083070
0.098792
0.111782
0.145625
0.072007
0.098156
0.117325
0.147283
0.070087
0.107100
0.119950
0.148166
0.069330
0.111348
0.123377
0.149476
0.066884
0.116933
0.124945
0.150174
0.064643
0.119529
0.126860
0.151207
0.059458
0.122808

0.093462
0.121132
0.074387
0.053201
0.104966
0.123737
0.070008
0.060962
0.109601
0.116564
0.079155
0.037673
0.116308
0.119803
0.076804
0.047851
0.115414
0.110567
0.080628
0.017808
0.120494
0.114604
0.080193
0.030768
0.114134
0.102951
0.078992
0.000000
0.119629
0.107972
0.080433
0.009101
0.111553
0.110941
0.091767
0.020647
0.118652
0.115176
0.093137
0.034036
0.055697
0.124817
0.063061
0.067334
0.070344
0.126909
0.060025
0.072442
0.081356
0.121878
0.072455
0.056468
0.096469
0.124403
0.067597
0.063671
0.096858
0.117516
0.077964
0.041927
0.107267
0.120673
0.075212
0.051474
0.097594
0.111655
0.080002
0.023199
0.107831
0.115638
0.079255
0.035429
0.089543
0.117822
0.092490
0.045669
0.102903
0.121290
0.092173
0.055785
0.089804
0.130584
0.083838
0.085545
0.102880
0.132150
0.078421
0.089625
0.101771
0.127922
0.090512
0.076911
0.111371
0.129932
0.086934
0.082626
0.100042
0.124157
0.094218
0.065410
0.110337
0.126759
0.092348
0.072955
0.085315
0.119110
0.095151
0.050630
0.100090
0.122486
0.094947
0.060278
0.067080
0.123263
0.104089
0.068207
0.080676
0.126432
0.104393
0.076194

0.118280
0.144798
0.094272
0.089826
0.120862
0.143806
0.089590
0.058843
0.128027
0.145862
0.099811
0.037840
0.128458
0.144772
0.096141
0.000000
0.133827
0.147275
0.103593
0.095449
0.133363
0.146471
0.101585
0.065067
0.137505
0.148360
0.104218
0.121192
0.136751
0.147726
0.104258
0.107545
0.139923
0.149235
0.100502
0.132997
0.139184
0.148715
0.103431
0.126699
0.094237
0.142856
0.080461
0.112128
0.103532
0.141858
0.078222
0.099560
0.114582
0.144452
0.086092
0.096607
0.118107
0.143468
0.082923
0.071109
0.125626
0.145944
0.088224
0.118710
0.126561
0.145124
0.087462
0.106900
0.131892
0.147156
0.085227
0.129307
0.131779
0.146461
0.087838
0.123586
0.135502
0.148158
0.074641
0.134577
0.135120
0.147570
0.082344
0.131720
0.063749
0.144276
0.086437
0.125888
0.077807
0.143670
0.084141
0.120338
0.094986
0.145937
0.087695
0.122101
0.107515
0.145273
0.087785
0.112292
0.117357
0.147264
0.083261
0.130982
0.122869
0.146656
0.087005
0.126178
0.128602
0.148305
0.070285
0.135404
0.130990
0.147769
0.079686
0.133014
0.133994
0.149137
0.053333
0.137372
0.135216
0.148680
0.062361
0.136376

0.085537
0.132417
0.132417
0.128961
0.092933
0.134458
0.134458
0.123314
0.085011
0.129937
0.129937
0.116324
0.092156
0.131736
0.131736
0.106913
0.096100
0.132598
0.132598
0.099593
0.102140
0.133653
0.133653
0.083760
0.105462
0.134041
0.134041
0.071530
0.110528
0.134237
0.134237
0.045189
0.113299
0.134052
0.134052
0.024889
0.117496
0.133153
0.133153
0.000000
0.064702
0.122449
0.122449
0.129556
0.073666
0.125195
0.125195
0.126724
0.064616
0.120162
0.120162
0.121434
0.073263
0.122717
0.122717
0.116577
0.078045
0.124037
0.124037
0.112729
0.085387
0.125881
0.125881
0.104322
0.089436
0.126771
0.126771
0.097791
0.095632
0.127880
0.127880
0.083688
0.099037
0.128308
0.128308
0.072810
0.104224
0.128590
0.128590
0.050183
0.046708
0.115608
0.115608
0.132426
0.054791
0.119262
0.119262
0.131388
0.046783
0.113672
0.113672
0.126901
0.055059
0.117152
0.117152
0.124758
0.060906
0.119013
0.119013
0.122925
0.069908
0.121749
0.121749
0.118731
0.074890
0.123175
0.123175
0.115381
0.082542
0.125197
0.125197
0.108021
0.086765
0.126196
0.126196
0.102284
0.093234
0.127494
0.127494
0.089872

0.083952
0.132517
0.107906
0.118508
0.094207
0.133700
0.102185
0.123089
0.095667
0.133455
0.096900
0.104874
0.103171
0.134448
0.087638
0.112865
0.103552
0.133730
0.109119
0.083814
0.110137
0.134781
0.103266
0.098538
0.105819
0.133024
0.116455
0.046054
0.112583
0.134371
0.113153
0.072189
0.102230
0.130999
0.119843
0.000000
0.110443
0.132989
0.118703
0.025446
0.058344
0.129631
0.089275
0.125506
0.067982
0.131329
0.079653
0.127253
0.069536
0.131511
0.071570
0.117674
0.081637
0.132789
0.063313
0.120776
0.081209
0.132664
0.092308
0.108369
0.092089
0.133824
0.082148
0.115152
0.083521
0.132802
0.105632
0.090265
0.095030
0.134062
0.099271
0.102980
0.075809
0.131786
0.113494
0.057518
0.090144
0.133423
0.110000
0.080221
0.075894
0.132520
0.107909
0.131466
0.088226
0.133689
0.102174
0.132267
0.082684
0.133512
0.096956
0.127377
0.093534
0.134466
0.087656
0.128803
0.082638
0.133911
0.109300
0.122891
0.094613
0.134873
0.103358
0.126215
0.072126
0.133472
0.116902
0.113911
0.087573
0.134629
0.113411
0.120250
0.056732
0.131990
0.120834
0.097518
0.070153
0.133597
0.119312
0.108905

0.053200
0.091937
0.084446
0.116566
0.057644
0.094992
0.084877
0.117584
0.055919
0.093272
0.081160
0.114869
0.060079
0.096206
0.079853
0.113778
0.062457
0.097910
0.078328
0.111773
0.066214
0.100657
0.074217
0.104363
0.068336
0.102250
0.070590
0.095871
0.071629
0.104807
0.062059
0.069381
0.075016
0.106358
0.086776
0.042712
0.078284
0.108723
0.082283
0.000000
0.044615
0.085424
0.071767
0.112532
0.047888
0.088725
0.070285
0.114316
0.046132
0.087002
0.064921
0.112236
0.050487
0.090166
0.060352
0.113322
0.052947
0.092003
0.056302
0.113561
0.056766
0.094963
0.046759
0.112803
0.058873
0.096679
0.038958
0.111246
0.062031
0.099438
0.030343
0.105406
0.066553
0.101174
0.065474
0.101588
0.069838
0.103774
0.055569
0.081871
0.047626
0.087387
0.079896
0.113716
0.052182
0.090534
0.080420
0.115694
0.050759
0.088574
0.076462
0.113703
0.054437
0.091605
0.075251
0.115423
0.056883
0.093367
0.073785
0.116309
0.060752
0.096213
0.069773
0.117420
0.062940
0.097867
0.066207
0.117763
0.066341
0.100535
0.057787
0.117435
0.069793
0.102162
0.082580
0.117963
0.073165
0.104683
0.078243
0.114288

0.026969
0.052435
0.052435
0.010359
0.031392
0.050428
0.050428
0.005102
0.041045
0.055951
0.055951
0.008992
0.047613
0.053297
0.053297
0.001860
0.058718
0.064876
0.064876
0.020497
0.063306
0.062178
0.062178
0.013931
0.072760
0.072680
0.072680
0.030953
0.075878
0.070002
0.070002
0.024910
0.085992
0.081382
0.081382
0.042151
0.088005
0.078753
0.078753
0.036575
0.045045
0.056611
0.056611
0.008467
0.051000
0.053811
0.053811
0.001215
0.058454
0.058454
0.058454
0.005614
0.062324
0.055113
0.055113
0.000000
0.072176
0.066943
0.066943
0.017767
0.074715
0.063707
0.063707
0.010662
0.083211
0.074438
0.074438
0.028797
0.084772
0.071338
0.071338
0.022295
0.094185
0.082954
0.082954
0.040529
0.095018
0.079994
0.079994
0.034563
0.065434
0.067446
0.067446
0.022819
0.069179
0.064641
0.064641
0.016290
0.075161
0.068903
0.068903
0.020625
0.077426
0.065699
0.065699
0.013676
0.085622
0.076174
0.076174
0.031393
0.086984
0.073112
0.073112
0.025034
0.094371
0.082636
0.082636
0.041184
0.094820
0.079734
0.079734
0.035363
0.103128
0.090302
0.090302
0.051834
0.103348
0.087553
0.087553
0.046490

0.098756
0.150619
0.122644
0.117720
0.107930
0.150428
0.120084
0.106623
0.110444
0.150064
0.118202
0.098417
0.116653
0.149161
0.114601
0.081475
0.116056
0.148314
0.112027
0.068910
0.120580
0.146598
0.107237
0.042894
0.116108
0.145140
0.103812
0.023549
0.120198
0.142376
0.097547
0.000000
0.110246
0.146593
0.099523
0.063064
0.115601
0.144489
0.093432
0.036522
0.072523
0.147382
0.114468
0.127802
0.081129
0.147932
0.112230
0.120790
0.084566
0.147942
0.110455
0.115659
0.095650
0.147739
0.107077
0.105181
0.093352
0.147242
0.104547
0.097483
0.102286
0.146330
0.100019
0.081697
0.092322
0.145257
0.096631
0.070049
0.101504
0.143581
0.090837
0.046061
0.079582
0.145464
0.090082
0.090646
0.092318
0.144071
0.086392
0.074233
0.093674
0.151739
0.123764
0.138235
0.104540
0.151980
0.121636
0.133822
0.100924
0.151791
0.119930
0.130628
0.110287
0.151576
0.117017
0.124181
0.098230
0.150968
0.114681
0.119485
0.108637
0.150352
0.110991
0.109948
0.082736
0.149200
0.107871
0.102956
0.097807
0.148196
0.103367
0.088676
0.059042
0.148347
0.101277
0.113620
0.073290
0.147633
0.096577
0.103563

0.109623
0.126803
0.108789
0.105077
0.111479
0.127391
0.111436
0.096431
0.110950
0.127299
0.105210
0.088141
0.112853
0.127522
0.108078
0.074008
0.112486
0.127643
0.100357
0.061736
0.114465
0.127318
0.103432
0.039027
0.113546
0.126906
0.092944
0.019727
0.115631
0.125743
0.096148
0.000000
0.114424
0.131240
0.088704
0.061922
0.116781
0.130933
0.094005
0.039631
0.105472
0.124349
0.101073
0.114656
0.106901
0.125295
0.104835
0.110466
0.105936
0.125331
0.096491
0.104885
0.108152
0.126066
0.100921
0.097636
0.107216
0.126398
0.090451
0.089717
0.109580
0.126826
0.095527
0.077668
0.107923
0.126756
0.081682
0.065322
0.110490
0.126719
0.087614
0.045738
0.108152
0.129917
0.073122
0.088817
0.111067
0.130396
0.081266
0.077361
0.106977
0.127514
0.097091
0.123135
0.109252
0.128597
0.102027
0.121556
0.107575
0.128568
0.090549
0.117092
0.110024
0.129541
0.096470
0.113884
0.108188
0.129829
0.082094
0.107910
0.110878
0.130645
0.089264
0.102117
0.108083
0.130580
0.070368
0.093065
0.111098
0.131161
0.079109
0.083172
0.107216
0.132815
0.061175
0.105186
0.110705
0.133737
0.067980
0.100233

0.085644
0.102123
0.096961
0.080654
0.094144
0.107034
0.102532
0.085372
0.092029
0.100581
0.092131
0.074868
0.099617
0.105310
0.097565
0.079733
0.096488
0.098238
0.084102
0.068444
0.103364
0.102852
0.089082
0.073505
0.099228
0.095165
0.070853
0.061334
0.105567
0.099722
0.074316
0.066642
0.100369
0.091412
0.048200
0.055444
0.106332
0.095966
0.047252
0.059058
0.077497
0.102764
0.093176
0.086668
0.084213
0.108017
0.099104
0.091342
0.083168
0.102338
0.086195
0.081455
0.092043
0.107315
0.091323
0.086256
0.089760
0.100991
0.073011
0.075510
0.097721
0.105771
0.075982
0.080499
0.094173
0.098812
0.048634
0.068744
0.101440
0.103468
0.045805
0.073982
0.096502
0.095869
0.002438
0.060986
0.103265
0.100465
0.000000
0.066532
0.092732
0.112865
0.098732
0.095203
0.101116
0.117425
0.106094
0.099556
0.099223
0.111904
0.089577
0.089939
0.106758
0.116267
0.097957
0.094489
0.103636
0.110164
0.074559
0.083909
0.110562
0.114399
0.084284
0.088743
0.106082
0.107710
0.050189
0.076969
0.112640
0.111878
0.061188
0.082203
0.106534
0.104588
0.018031
0.068882
0.112984
0.108747
0.020921
0.074672

0.071901
0.114682
0.086748
0.027973
0.078972
0.119925
0.091033
0.045141
0.073146
0.106114
0.076631
0.000000
0.079431
0.112156
0.081662
0.012740
0.075052
0.110677
0.079559
0.021546
0.080365
0.115532
0.083347
0.038565
0.074814
0.113031
0.080188
0.044410
0.079388
0.116980
0.083010
0.057436
0.077895
0.117257
0.086139
0.066073
0.082095
0.120649
0.088464
0.076186
0.051936
0.112823
0.082939
0.054788
0.060704
0.117622
0.086714
0.067282
0.055712
0.106491
0.074950
0.026680
0.063307
0.111729
0.079107
0.042765
0.058812
0.109334
0.076045
0.048056
0.065230
0.113602
0.079171
0.060364
0.059384
0.110259
0.075124
0.063396
0.064901
0.113792
0.078445
0.072779
0.063310
0.113527
0.080238
0.079499
0.068338
0.116645
0.082215
0.086808
0.036482
0.111828
0.083893
0.077969
0.043750
0.116742
0.087849
0.087338
0.039785
0.107627
0.078144
0.056932
0.049434
0.112677
0.082183
0.068862
0.045153
0.109653
0.078535
0.071646
0.053331
0.113863
0.081678
0.080803
0.047465
0.109912
0.077069
0.081830
0.054511
0.113490
0.079520
0.088843
0.053825
0.112365
0.081247
0.093580
0.058703
0.115602
0.083417
0.099113

0.134674
0.137651
0.114027
0.055861
0.135960
0.136026
0.114559
0.035346
0.133381
0.133492
0.105957
0.017216
0.134694
0.130879
0.105858
0.000000
0.132836
0.137826
0.105732
0.047730
0.134451
0.136245
0.107081
0.025014
0.131785
0.140694
0.103287
0.064828
0.133696
0.139830
0.105838
0.045427
0.130212
0.142363
0.098763
0.069157
0.132427
0.141961
0.102342
0.049243
0.131614
0.139263
0.110652
0.080136
0.133221
0.138561
0.112563
0.065741
0.130146
0.136401
0.103054
0.051124
0.131856
0.135045
0.104743
0.029588
0.129001
0.138982
0.100114
0.065086
0.131008
0.138276
0.102957
0.045960
0.127327
0.140407
0.095104
0.066075
0.129642
0.140102
0.098936
0.045342
0.125080
0.140753
0.087950
0.051462
0.127728
0.140602
0.092620
0.034075
0.128166
0.139565
0.104916
0.099290
0.129843
0.139577
0.108092
0.091086
0.126127
0.137589
0.097204
0.080088
0.128237
0.137219
0.100521
0.067605
0.124360
0.139122
0.092050
0.089439
0.126788
0.139240
0.096466
0.079196
0.122013
0.139832
0.084967
0.091001
0.124788
0.140294
0.090439
0.080789
0.119020
0.139776
0.078646
0.083740
0.122182
0.140450
0.082341
0.070716

0.067283
0.144494
0.144494
0.154108
0.076542
0.148211
0.148211
0.147100
0.074968
0.145109
0.145109
0.137866
0.086664
0.148359
0.148359
0.122168
0.083032
0.144494
0.144494
0.105251
0.093058
0.147304
0.147304
0.071825
0.098496
0.148739
0.148739
0.042911
0.106708
0.150657
0.150657
0.000000
0.111204
0.153778
0.153778
0.109145
0.117983
0.155731
0.155731
0.075433
0.077356
0.145311
0.145311
0.155443
0.088585
0.148594
0.148594
0.150227
0.084480
0.144652
0.144652
0.142285
0.094168
0.147635
0.147635
0.130807
0.088282
0.142962
0.142962
0.117303
0.096870
0.145656
0.145656
0.093479
0.101567
0.147055
0.147055
0.073133
0.108722
0.148983
0.148983
0.036299
0.112680
0.151919
0.151919
0.121376
0.118689
0.153866
0.153866
0.097275
0.085722
0.144694
0.144694
0.161038
0.095101
0.147795
0.147795
0.159557
0.088797
0.143086
0.143086
0.154346
0.097173
0.146062
0.146062
0.150219
0.090948
0.140665
0.140665
0.142435
0.096963
0.143557
0.143557
0.133079
0.101217
0.145139
0.145139
0.124855
0.107755
0.147506
0.147506
0.104898
0.111390
0.149653
0.149653
0.146790
0.116978
0.151864
0.151864
0.137155

0.057906
0.103717
0.063672
0.067527
0.066050
0.102100
0.057245
0.061672
0.069848
0.100878
0.052864
0.057956
0.074569
0.098453
0.044671
0.051411
0.082811
0.098800
0.058755
0.053550
0.085507
0.095903
0.051048
0.049042
0.099617
0.106871
0.073473
0.063960
0.101047
0.103962
0.066552
0.057923
0.113251
0.114073
0.086218
0.073480
0.113771
0.111198
0.079997
0.067899
0.026911
0.103055
0.052812
0.071448
0.039827
0.102394
0.046116
0.065610
0.046068
0.101672
0.041430
0.061871
0.054248
0.099972
0.035832
0.055235
0.065838
0.101210
0.050967
0.058887
0.071158
0.098916
0.042638
0.052331
0.087398
0.109884
0.067980
0.069525
0.090810
0.107466
0.060529
0.063507
0.104626
0.117488
0.082539
0.079168
0.106647
0.115018
0.075871
0.073633
0.000000
0.102036
0.061991
0.081710
0.010415
0.102968
0.058113
0.076812
0.020773
0.103115
0.055101
0.073650
0.035056
0.102743
0.048961
0.068003
0.048312
0.104201
0.064156
0.070670
0.058333
0.102989
0.058133
0.064993
0.075268
0.113433
0.080035
0.080414
0.082300
0.111886
0.074475
0.075155
0.096485
0.121379
0.093524
0.089242
0.101300
0.119617
0.088416
0.084366

0.097535
0.130981
0.116653
0.127968
0.109058
0.131075
0.113881
0.128683
0.113703
0.131096
0.109909
0.123141
0.118968
0.131110
0.105993
0.125798
0.120937
0.131081
0.099520
0.109662
0.123037
0.131048
0.094192
0.118348
0.123567
0.130955
0.083523
0.070777
0.123946
0.130895
0.076515
0.097790
0.126548
0.130979
0.087555
0.000000
0.126595
0.131004
0.086129
0.042587
0.062078
0.130384
0.106995
0.128732
0.077546
0.130645
0.103013
0.128479
0.089272
0.130733
0.095820
0.126678
0.102740
0.130807
0.090211
0.126733
0.107951
0.130806
0.078205
0.122036
0.113780
0.130768
0.070775
0.123367
0.115586
0.130698
0.050571
0.110355
0.117431
0.130577
0.047961
0.115992
0.121902
0.130911
0.052346
0.083366
0.122629
0.130840
0.053296
0.103762
0.097433
0.130982
0.111521
0.129849
0.108989
0.131075
0.110411
0.129615
0.113512
0.131099
0.100307
0.128872
0.118839
0.131111
0.099501
0.128658
0.120579
0.131093
0.081559
0.126992
0.122795
0.131053
0.082048
0.127033
0.122897
0.130998
0.049934
0.122934
0.123494
0.130914
0.053801
0.123997
0.125295
0.131123
0.036303
0.116143
0.125748
0.131072
0.043658
0.121364

0.133969
0.139065
0.139065
0.086732
0.137006
0.136861
0.136861
0.076633
0.134145
0.135244
0.135244
0.069989
0.137692
0.132162
0.132162
0.057861
0.129927
0.129945
0.129945
0.049904
0.135276
0.125890
0.125890
0.035414
0.137417
0.123125
0.123125
0.025928
0.139697
0.117930
0.117930
0.008681
0.143446
0.121219
0.121219
0.012786
0.144179
0.115318
0.115318
0.000000
0.122050
0.136221
0.136221
0.090664
0.127209
0.134536
0.134536
0.081604
0.118345
0.133178
0.133178
0.075636
0.125797
0.130663
0.130663
0.064734
0.104689
0.128671
0.128671
0.057577
0.117836
0.125263
0.125263
0.044543
0.123234
0.122894
0.122894
0.036011
0.129379
0.118382
0.118382
0.022913
0.135321
0.123307
0.123307
0.028486
0.138145
0.118265
0.118265
0.011641
0.106738
0.138076
0.138076
0.105793
0.114915
0.137396
0.137396
0.098699
0.090000
0.136510
0.136510
0.093994
0.107108
0.135123
0.135123
0.085356
0.064967
0.133503
0.133503
0.079656
0.083844
0.131417
0.131417
0.069241
0.097479
0.129848
0.129848
0.062400
0.113294
0.126707
0.126707
0.049929
0.122795
0.131280
0.131280
0.057141
0.130523
0.127630
0.127630
0.043599

0.173079
0.181291
0.181291
0.158674
0.177131
0.180861
0.180861
0.150710
0.172644
0.180425
0.180425
0.144716
0.176221
0.179751
0.179751
0.132135
0.166217
0.179030
0.179030
0.122665
0.171693
0.177980
0.177980
0.102792
0.174011
0.177161
0.177161
0.087838
0.176749
0.175407
0.175407
0.056442
0.177890
0.174071
0.174071
0.032817
0.179193
0.171249
0.171249
0.000000
0.151859
0.181432
0.181432
0.162853
0.165634
0.181123
0.181123
0.156247
0.157137
0.180634
0.180634
0.151268
0.166770
0.180150
0.180150
0.140817
0.144826
0.179303
0.179303
0.132939
0.157744
0.178569
0.178569
0.116405
0.163201
0.177950
0.177950
0.103953
0.169675
0.176570
0.176570
0.077790
0.172410
0.175496
0.175496
0.058088
0.175631
0.173199
0.173199
0.025195
0.096861
0.181654
0.181654
0.171532
0.125902
0.181610
0.181610
0.167811
0.113097
0.180993
0.180993
0.164999
0.140922
0.180913
0.180913
0.159112
0.105612
0.179764
0.179764
0.154661
0.124834
0.179700
0.179700
0.145349
0.137864
0.179501
0.179501
0.138334
0.153237
0.178905
0.178905
0.123593
0.159722
0.178379
0.178379
0.112490
0.167415
0.177179
0.177179
0.089163

0.035110
0.093716
0.020069
0.060966
0.041907
0.093978
0.019103
0.060039
0.043902
0.094828
0.014495
0.057915
0.048677
0.094705
0.012962
0.056253
0.061401
0.102193
0.028545
0.066428
0.064796
0.101844
0.026969
0.064829
0.076107
0.108814
0.041276
0.074336
0.078457
0.108298
0.039695
0.072801
0.088594
0.114815
0.052863
0.081702
0.090156
0.114178
0.051305
0.080229
0.013494
0.087945
0.005845
0.055715
0.018596
0.088813
0.005253
0.054222
0.021704
0.089583
0.000000
0.052129
0.028886
0.089912
0.000532
0.050448
0.043681
0.098022
0.015922
0.061404
0.048912
0.098020
0.014459
0.059784
0.061910
0.105513
0.030250
0.069987
0.065662
0.105266
0.028732
0.068429
0.077181
0.112225
0.043211
0.077950
0.079812
0.111798
0.041679
0.076455
0.032729
0.094316
0.014388
0.059645
0.039872
0.094825
0.013933
0.058480
0.040941
0.095015
0.009217
0.055997
0.046082
0.095153
0.006965
0.054712
0.058869
0.102626
0.022698
0.064923
0.062608
0.102523
0.021631
0.063679
0.073972
0.109472
0.036071
0.073212
0.076647
0.109189
0.034968
0.072012
0.086827
0.115680
0.048253
0.080929
0.088694
0.115263
0.047143
0.079771

0.096370
0.139307
0.139307
0.064907
0.105248
0.142975
0.142975
0.073641
0.099376
0.134761
0.134761
0.020670
0.107592
0.138791
0.138791
0.031934
0.099579
0.129656
0.129656
0.000000
0.107542
0.134951
0.134951
0.010974
0.098442
0.133855
0.133855
0.039373
0.106212
0.138399
0.138399
0.056797
0.110511
0.141654
0.141654
0.077662
0.116943
0.145206
0.145206
0.090342
0.075391
0.135372
0.135372
0.074144
0.086783
0.138784
0.138784
0.072966
0.080408
0.131770
0.131770
0.032628
0.090784
0.135057
0.135057
0.037032
0.081941
0.129120
0.129120
0.023389
0.091827
0.133472
0.133472
0.031936
0.080977
0.131740
0.131740
0.065109
0.090599
0.135806
0.135806
0.072123
0.095952
0.139442
0.139442
0.096151
0.103925
0.142744
0.142744
0.101659
0.052388
0.130935
0.130935
0.105468
0.062832
0.135197
0.135197
0.105983
0.055906
0.129171
0.129171
0.079656
0.069242
0.133248
0.133248
0.079099
0.059155
0.127222
0.127222
0.072152
0.071666
0.131908
0.131908
0.078976
0.061533
0.128138
0.128138
0.097955
0.070792
0.132634
0.132634
0.103571
0.077445
0.135923
0.135923
0.118505
0.087448
0.139611
0.139611
0.122890

0.106084
0.133221
0.133022
0.049362
0.115236
0.134199
0.133819
0.076581
0.119148
0.132015
0.131457
0.000000
0.124080
0.133396
0.132335
0.027463
0.126287
0.134014
0.132453
0.049401
0.129080
0.134788
0.131822
0.076608
0.130356
0.135135
0.130775
0.088663
0.131995
0.135570
0.127283
0.103611
0.132752
0.135765
0.123582
0.110231
0.133727
0.136010
0.112853
0.118432
0.070184
0.133258
0.132536
0.095220
0.092159
0.134169
0.132796
0.108122
0.101223
0.133346
0.131328
0.061464
0.112020
0.134275
0.130441
0.084902
0.116665
0.134698
0.129061
0.095287
0.122362
0.135236
0.124521
0.108163
0.124889
0.135481
0.119729
0.113865
0.128061
0.135793
0.105854
0.120924
0.129492
0.135936
0.091921
0.124039
0.131294
0.136119
0.071412
0.127868
0.002541
0.131834
0.131634
0.116849
0.034527
0.133097
0.132717
0.122996
0.058006
0.133096
0.132537
0.100937
0.084581
0.134042
0.132980
0.112054
0.095467
0.134479
0.132919
0.116982
0.108261
0.135045
0.132080
0.123092
0.113714
0.135308
0.130948
0.125800
0.120352
0.135649
0.127362
0.129155
0.123278
0.135808
0.123625
0.130639
0.126933
0.136014
0.112857
0.132469

0.097357
0.096790
0.072726
0.022689
0.102185
0.093375
0.068937
0.014240
0.100591
0.088228
0.061869
0.005240
0.102744
0.084181
0.056678
0.000000
0.110893
0.097277
0.068707
0.022634
0.111830
0.093723
0.062469
0.014144
0.118617
0.105368
0.071770
0.038161
0.118876
0.102263
0.063010
0.030662
0.124627
0.112628
0.068563
0.051980
0.124482
0.109928
0.054461
0.045309
0.079234
0.102328
0.075204
0.037433
0.089952
0.099777
0.071222
0.030346
0.090959
0.095020
0.063594
0.022055
0.096728
0.091836
0.057196
0.013929
0.105553
0.103274
0.065839
0.037302
0.108687
0.100453
0.056300
0.030122
0.115598
0.110612
0.060754
0.050864
0.117165
0.108140
0.044782
0.044463
0.122708
0.117177
0.042478
0.062820
0.123259
0.115027
0.025891
0.056994
0.051766
0.105999
0.079981
0.049752
0.063828
0.104416
0.078066
0.043887
0.069846
0.100076
0.072312
0.036213
0.082343
0.097771
0.068291
0.029466
0.093431
0.107844
0.077321
0.049746
0.100666
0.105738
0.072571
0.043826
0.108741
0.114657
0.079170
0.061854
0.112899
0.112783
0.071680
0.056640
0.119021
0.120705
0.074813
0.072648
0.121347
0.119067
0.061811
0.068010

0.031987
0.067272
0.053303
0.015569
0.040265
0.075540
0.058859
0.027659
0.034645
0.060830
0.042276
0.000000
0.045214
0.069374
0.047218
0.008334
0.044869
0.069836
0.045190
0.012783
0.053782
0.077362
0.047932
0.024372
0.052153
0.077009
0.044273
0.027554
0.059612
0.083666
0.044575
0.037403
0.056781
0.082566
0.039084
0.039393
0.062922
0.088476
0.036553
0.047619
0.043616
0.077987
0.058067
0.035040
0.053234
0.085024
0.061238
0.045068
0.046953
0.071792
0.045334
0.016763
0.055486
0.079088
0.047493
0.027903
0.053551
0.078542
0.043399
0.030781
0.060670
0.085002
0.043036
0.040215
0.057546
0.083723
0.037043
0.041916
0.063370
0.089463
0.033721
0.049747
0.059086
0.087497
0.025494
0.050304
0.063667
0.092609
0.023791
0.056578
0.056514
0.086414
0.072445
0.052774
0.064737
0.092534
0.075854
0.061468
0.058134
0.080545
0.061991
0.037177
0.065571
0.086926
0.064769
0.046853
0.062605
0.085548
0.060902
0.048715
0.068980
0.091269
0.061839
0.057018
0.065003
0.089238
0.056503
0.057887
0.070420
0.094399
0.055308
0.064918
0.066486
0.091751
0.048269
0.064829
0.069968
0.096429
0.044505
0.070643

0.113596
0.158000
0.158000
0.126934
0.124951
0.158427
0.158427
0.113430
0.130365
0.158483
0.158483
0.103052
0.137620
0.158218
0.158218
0.080809
0.141125
0.157821
0.157821
0.063747
0.145873
0.156694
0.156694
0.027221
0.148278
0.157397
0.157397
0.030676
0.151455
0.155628
0.155628
0.000000
0.153286
0.160364
0.160364
0.083703
0.155498
0.159343
0.159343
0.053815
0.077595
0.155048
0.155048
0.128155
0.098289
0.156019
0.156019
0.115659
0.107966
0.156351
0.156351
0.106090
0.120698
0.156478
0.156478
0.085668
0.126739
0.156286
0.156286
0.070075
0.134794
0.155468
0.155468
0.045445
0.138829
0.157694
0.157694
0.067868
0.144090
0.156668
0.156668
0.033025
0.146868
0.160378
0.160378
0.105741
0.150420
0.159822
0.159822
0.084430
0.027005
0.151390
0.151390
0.143942
0.049138
0.153527
0.153527
0.137299
0.067304
0.154508
0.154508
0.132161
0.090777
0.155694
0.155694
0.121125
0.101712
0.156151
0.156151
0.112663
0.116049
0.156492
0.156492
0.094590
0.122920
0.158144
0.158144
0.112235
0.131962
0.158158
0.158158
0.093458
0.136422
0.160464
0.160464
0.132868
0.142312
0.160576
0.160576
0.121390

0.036670
0.114530
0.081609
0.063897
0.048343
0.119207
0.075384
0.079122
0.057769
0.116192
0.095362
0.032738
0.070118
0.120840
0.093111
0.054825
0.076844
0.115285
0.102104
0.000000
0.086524
0.120363
0.102818
0.018335
0.092265
0.122990
0.114650
0.034904
0.099721
0.126671
0.115570
0.057026
0.104058
0.128576
0.123299
0.068470
0.109812
0.131256
0.124231
0.083802
0.032927
0.119493
0.061158
0.090464
0.048976
0.123388
0.054159
0.099503
0.059885
0.122084
0.085173
0.071856
0.072158
0.125720
0.076586
0.085444
0.079886
0.122651
0.099296
0.043338
0.089324
0.126380
0.095290
0.063263
0.095406
0.128351
0.113573
0.074357
0.102585
0.131066
0.111394
0.088187
0.107068
0.132498
0.123147
0.095817
0.112538
0.134482
0.122034
0.105417
0.028801
0.121388
0.088468
0.109478
0.042179
0.125122
0.081299
0.115434
0.053641
0.124944
0.104113
0.097949
0.068160
0.128170
0.100441
0.106697
0.076375
0.126708
0.113527
0.080130
0.087246
0.129742
0.112196
0.092820
0.093518
0.131331
0.122991
0.099803
0.101620
0.133544
0.122442
0.108614
0.106226
0.134701
0.129424
0.113423
0.112275
0.136320
0.129296
0.119543

0.083251
0.145817
0.126863
0.000000
0.098757
0.147046
0.132284
0.024125
0.109388
0.147372
0.119100
0.042355
0.123896
0.147713
0.125693
0.065130
0.130083
0.147710
0.128756
0.073982
0.137472
0.147404
0.132642
0.082478
0.140611
0.147053
0.134346
0.084445
0.144332
0.146193
0.136296
0.083329
0.146284
0.148831
0.140312
0.108484
0.148184
0.148177
0.141541
0.106378
0.115463
0.147526
0.116282
0.052353
0.127827
0.147697
0.123361
0.071014
0.130982
0.147431
0.100826
0.075802
0.137755
0.147028
0.110729
0.082127
0.140663
0.146616
0.115371
0.082990
0.144147
0.145646
0.121311
0.080210
0.145624
0.144886
0.123940
0.076201
0.147355
0.143296
0.126981
0.072048
0.148658
0.147223
0.133180
0.100452
0.149557
0.146072
0.135134
0.092393
0.133529
0.149557
0.098052
0.097942
0.139508
0.149575
0.109460
0.106582
0.138601
0.149190
0.079723
0.106046
0.142520
0.148922
0.089085
0.108755
0.144260
0.148654
0.097150
0.108727
0.146417
0.148028
0.107913
0.106231
0.147369
0.147538
0.113009
0.103340
0.148532
0.146510
0.119617
0.096217
0.149421
0.149076
0.125927
0.118720
0.150088
0.148335
0.130305
0.113339

0.099871
0.133713
0.062010
0.024277
0.110961
0.136863
0.062783
0.040783
0.116873
0.127920
0.057525
0.000000
0.123324
0.132141
0.061293
0.012715
0.127799
0.135236
0.062932
0.026142
0.131695
0.138512
0.067791
0.043761
0.137624
0.141564
0.083384
0.057192
0.139755
0.144034
0.086873
0.070629
0.144197
0.146443
0.099575
0.081168
0.145345
0.148306
0.102054
0.091411
0.063508
0.137268
0.044662
0.050869
0.076426
0.139641
0.047769
0.062106
0.089294
0.133921
0.042231
0.027024
0.102762
0.136984
0.045200
0.042859
0.110344
0.139607
0.044589
0.052854
0.118116
0.141989
0.049567
0.065538
0.126809
0.144906
0.068552
0.077445
0.130997
0.146663
0.072064
0.087077
0.137226
0.148979
0.087556
0.096508
0.139449
0.150279
0.090000
0.103815
0.097409
0.143546
0.051435
0.076288
0.108836
0.145187
0.053634
0.084816
0.113762
0.140757
0.044197
0.058138
0.120637
0.143008
0.049759
0.070190
0.122427
0.144453
0.043175
0.075243
0.127078
0.146309
0.046867
0.085303
0.133408
0.148616
0.064270
0.094768
0.136132
0.149999
0.070436
0.102419
0.140889
0.151838
0.084562
0.109923
0.142501
0.152869
0.089144
0.115737

0.108513
0.132945
0.118072
0.034695
0.115449
0.132731
0.113332
0.000000
0.112089
0.133213
0.110463
0.088379
0.117284
0.133230
0.103557
0.059162
0.109660
0.133028
0.098228
0.111974
0.114645
0.133197
0.087810
0.098283
0.103697
0.132604
0.109853
0.123820
0.110376
0.132969
0.103296
0.117513
0.114842
0.133328
0.118454
0.129395
0.119081
0.133570
0.114171
0.126457
0.082858
0.132502
0.107201
0.096223
0.096942
0.132779
0.099780
0.072145
0.092125
0.132534
0.093833
0.115310
0.102251
0.132860
0.082384
0.103879
0.089684
0.132030
0.072833
0.122867
0.098917
0.132459
0.063072
0.116838
0.080374
0.131222
0.092521
0.128324
0.092217
0.131912
0.081436
0.125381
0.100030
0.132431
0.107130
0.131182
0.107516
0.132877
0.099877
0.129695
0.044069
0.131117
0.116243
0.119921
0.062454
0.131965
0.112566
0.110932
0.056653
0.131219
0.108468
0.126746
0.077494
0.132003
0.102330
0.122373
0.057714
0.130471
0.095672
0.129171
0.076392
0.131386
0.085998
0.126710
0.050049
0.128977
0.106227
0.131413
0.064126
0.130268
0.100595
0.130210
0.075878
0.130989
0.116115
0.132774
0.089771
0.131817
0.112418
0.132149

0.071024
0.137194
0.130086
0.095528
0.084675
0.137836
0.132416
0.091501
0.095153
0.137795
0.126823
0.084961
0.108861
0.138356
0.129991
0.094046
0.114300
0.137589
0.120656
0.049949
0.122089
0.138275
0.125365
0.075190
0.124519
0.136470
0.110337
0.000000
0.129121
0.137550
0.117625
0.028090
0.131186
0.138053
0.121121
0.053602
0.133778
0.138630
0.125720
0.080950
0.101091
0.138132
0.125904
0.077494
0.112962
0.138197
0.128874
0.065050
0.117529
0.138632
0.119759
0.094130
0.124313
0.138788
0.124398
0.086760
0.126213
0.138629
0.109501
0.088348
0.130277
0.138907
0.116699
0.094408
0.130350
0.138135
0.093179
0.059571
0.133068
0.138630
0.104354
0.080602
0.134306
0.138928
0.109799
0.097439
0.135881
0.139197
0.116989
0.108762
0.120273
0.139015
0.117979
0.113277
0.126202
0.139084
0.123046
0.103311
0.127601
0.139202
0.106735
0.118909
0.131222
0.139309
0.114556
0.116666
0.130913
0.139144
0.089036
0.114828
0.133434
0.139314
0.101109
0.118467
0.131587
0.138834
0.069485
0.100265
0.133773
0.139119
0.080156
0.110776
0.134792
0.139279
0.089172
0.118473
0.136119
0.139441
0.101237
0.124222

0.104135
0.127078
0.111741
0.057411
0.106716
0.126790
0.113570
0.036082
0.107323
0.125852
0.106399
0.018830
0.111210
0.124299
0.107532
0.000000
0.112465
0.132997
0.108324
0.047230
0.116328
0.132198
0.110931
0.021710
0.116602
0.138310
0.107016
0.060540
0.120476
0.137924
0.110951
0.036607
0.119797
0.143494
0.103802
0.090342
0.123756
0.143747
0.109536
0.075104
0.109590
0.134849
0.114206
0.083009
0.113673
0.135135
0.117341
0.066518
0.113593
0.134485
0.108301
0.051942
0.117455
0.133819
0.111250
0.027188
0.117480
0.139382
0.106172
0.061534
0.121363
0.139052
0.110427
0.037356
0.120345
0.142691
0.100568
0.055326
0.124305
0.142389
0.106083
0.036213
0.122252
0.147123
0.093697
0.088355
0.126407
0.147491
0.101442
0.071272
0.115282
0.141309
0.113522
0.109724
0.119293
0.142111
0.118160
0.100130
0.118355
0.141668
0.106424
0.089714
0.122273
0.141845
0.111467
0.075116
0.120995
0.145415
0.100713
0.096935
0.125021
0.145839
0.107309
0.083442
0.122550
0.148030
0.091333
0.094404
0.126769
0.148529
0.099660
0.079428
0.122973
0.150998
0.083459
0.112056
0.127518
0.151921
0.089937
0.103671

0.089083
0.096080
0.025719
0.005712
0.092551
0.091327
0.021375
0.000000
0.095873
0.101197
0.021392
0.014752
0.097196
0.096885
0.017566
0.006062
0.104261
0.107889
0.028626
0.027817
0.103944
0.103785
0.024225
0.019592
0.109512
0.113504
0.033532
0.038814
0.108122
0.109579
0.028528
0.030959
0.119303
0.121303
0.050729
0.054663
0.117691
0.117772
0.046227
0.047621
0.067068
0.101250
0.018892
0.016625
0.076505
0.097341
0.015490
0.008192
0.080639
0.105299
0.011883
0.022902
0.085573
0.101685
0.008873
0.015393
0.093431
0.111334
0.018607
0.034365
0.095256
0.107787
0.014748
0.027126
0.101023
0.116252
0.022751
0.043808
0.100874
0.112769
0.020283
0.036756
0.113026
0.123858
0.041347
0.059249
0.112177
0.120711
0.037093
0.052925
0.041215
0.107284
0.022368
0.030919
0.052613
0.104580
0.021203
0.024191
0.060296
0.110998
0.017007
0.035411
0.072569
0.108410
0.013812
0.029566
0.083140
0.117115
0.023296
0.046507
0.089598
0.114445
0.021461
0.040816
0.096920
0.122051
0.029290
0.055716
0.099823
0.119346
0.026500
0.050119
0.111762
0.129145
0.047335
0.069942
0.112955
0.126667
0.044758
0.064912

0.083397
0.108453
0.099587
0.089683
0.086541
0.109610
0.096997
0.080872
0.081711
0.105509
0.089925
0.071218
0.084777
0.106174
0.084003
0.058293
0.079479
0.101445
0.074051
0.045537
0.082386
0.101417
0.062444
0.026888
0.084934
0.101108
0.085524
0.014441
0.087682
0.099935
0.077764
0.000000
0.091182
0.109731
0.100866
0.052253
0.093988
0.109469
0.096857
0.033658
0.076800
0.105170
0.087226
0.101167
0.079514
0.106945
0.081417
0.095891
0.074262
0.102914
0.071372
0.088463
0.077433
0.104379
0.059504
0.080340
0.071636
0.099825
0.044379
0.070681
0.074538
0.100845
0.032347
0.058553
0.078008
0.101282
0.069740
0.051640
0.080934
0.101494
0.056619
0.034539
0.084596
0.108635
0.090691
0.078325
0.087611
0.109411
0.083882
0.066477
0.074947
0.105734
0.096868
0.111670
0.078512
0.107892
0.095279
0.108907
0.072904
0.103749
0.088166
0.102995
0.076450
0.105727
0.083556
0.098379
0.071419
0.101131
0.073737
0.090926
0.073812
0.102841
0.063869
0.083707
0.076708
0.103727
0.088143
0.079294
0.080064
0.104847
0.082676
0.068669
0.083152
0.110180
0.101315
0.098173
0.086472
0.111629
0.099017
0.090990

0.097794
0.120080
0.112005
0.070813
0.103522
0.122598
0.111803
0.087206
0.105785
0.119928
0.107078
0.037040
0.109116
0.122936
0.105757
0.061541
0.110263
0.118347
0.097900
0.000000
0.112489
0.122156
0.094820
0.021232
0.113576
0.124125
0.091588
0.039101
0.115045
0.126982
0.083484
0.063143
0.117459
0.128577
0.108130
0.076427
0.118871
0.130816
0.103480
0.092404
0.075257
0.118872
0.104439
0.095564
0.088666
0.121060
0.101767
0.105504
0.093970
0.119902
0.096937
0.076249
0.100386
0.122318
0.091616
0.090812
0.102842
0.120003
0.083459
0.045577
0.106139
0.122839
0.073985
0.067248
0.107541
0.124342
0.066191
0.077652
0.109146
0.126572
0.057381
0.091464
0.112808
0.127938
0.091394
0.101032
0.114221
0.129791
0.080937
0.110364
0.033730
0.116581
0.108506
0.109572
0.053404
0.118706
0.107911
0.115946
0.067795
0.118497
0.105647
0.099112
0.084095
0.120654
0.103475
0.108176
0.090539
0.119721
0.099273
0.081960
0.098199
0.122064
0.094728
0.095174
0.101406
0.123340
0.090802
0.101575
0.105227
0.125286
0.081788
0.110168
0.108579
0.126455
0.106007
0.115990
0.111067
0.128145
0.100809
0.121924

0.076559
0.095522
0.057544
0.044647
0.081010
0.101717
0.062455
0.052943
0.077683
0.091780
0.044134
0.029342
0.083947
0.098062
0.049455
0.038362
0.079106
0.086502
0.026157
0.015721
0.084803
0.092963
0.032306
0.021336
0.086412
0.096428
0.019203
0.025335
0.091097
0.101983
0.025609
0.033815
0.099949
0.107275
0.046929
0.044834
0.104030
0.112215
0.051558
0.052353
0.086330
0.107293
0.056794
0.059567
0.091876
0.112445
0.061111
0.066381
0.088189
0.103673
0.039553
0.045217
0.093129
0.108882
0.044685
0.052634
0.087884
0.098673
0.016397
0.028353
0.092336
0.104015
0.022990
0.036507
0.092314
0.106756
0.000000
0.038600
0.095917
0.111291
0.011129
0.045557
0.105621
0.116517
0.034241
0.057175
0.108699
0.120554
0.039530
0.063290
0.101311
0.119058
0.066206
0.077043
0.106302
0.123516
0.072577
0.083222
0.102419
0.115860
0.046311
0.064270
0.107019
0.120390
0.054587
0.071093
0.101478
0.111468
0.018866
0.049130
0.105839
0.116138
0.030157
0.056762
0.104357
0.118385
0.000780
0.057148
0.108238
0.122389
0.008719
0.063991
0.116574
0.126799
0.034197
0.074018
0.119766
0.130349
0.044367
0.079889

0.096474
0.127705
0.084711
0.063217
0.102237
0.127566
0.087683
0.052005
0.105392
0.127153
0.089027
0.043922
0.110167
0.125873
0.090506
0.027701
0.112750
0.124726
0.090918
0.015972
0.116595
0.122125
0.090764
0.001123
0.121653
0.134062
0.104084
0.038861
0.125098
0.132192
0.104383
0.012499
0.129301
0.141704
0.115121
0.072369
0.132378
0.140415
0.115756
0.056386
0.082939
0.126071
0.076106
0.076468
0.090054
0.127185
0.080836
0.067691
0.093987
0.127561
0.083255
0.060792
0.100008
0.127672
0.086573
0.045550
0.103313
0.127414
0.088126
0.033366
0.108328
0.126399
0.089954
0.005567
0.113277
0.135684
0.100845
0.029866
0.117718
0.135042
0.102724
0.000000
0.121881
0.142637
0.111744
0.077517
0.125808
0.142366
0.113709
0.055313
0.069075
0.122096
0.066242
0.086844
0.075081
0.124368
0.070505
0.082651
0.079887
0.125459
0.073970
0.079212
0.087294
0.126812
0.079049
0.071565
0.091393
0.127335
0.081678
0.065546
0.097678
0.127707
0.085354
0.052301
0.102774
0.135179
0.094692
0.076695
0.108305
0.135711
0.098154
0.058712
0.112637
0.141769
0.105868
0.101127
0.117499
0.142426
0.109123
0.091770

0.133490
0.139363
0.139363
0.071191
0.138427
0.137179
0.137179
0.052447
0.139566
0.137691
0.137691
0.069761
0.142189
0.135262
0.135262
0.052324
0.141150
0.134891
0.134891
0.059972
0.142947
0.132006
0.132006
0.041788
0.139105
0.130842
0.130842
0.042063
0.141272
0.127274
0.127274
0.021314
0.132444
0.125295
0.125295
0.015375
0.136540
0.120782
0.120782
0.000000
0.113294
0.139814
0.139814
0.059063
0.125439
0.137645
0.137645
0.042879
0.128178
0.139581
0.139581
0.070114
0.135079
0.137436
0.137436
0.050668
0.132609
0.138159
0.138159
0.070933
0.137871
0.135831
0.135831
0.053377
0.128499
0.135587
0.135587
0.063172
0.135118
0.132879
0.132879
0.045351
0.113233
0.131740
0.131740
0.047321
0.125224
0.128457
0.128457
0.027381
0.077889
0.142539
0.142539
0.092808
0.094440
0.141429
0.141429
0.077965
0.100288
0.142540
0.142540
0.097948
0.117292
0.141266
0.141266
0.085594
0.110534
0.141530
0.141530
0.096720
0.124095
0.140041
0.140041
0.085160
0.100106
0.139570
0.139570
0.089967
0.117639
0.137800
0.137800
0.077851
0.075784
0.136528
0.136528
0.077817
0.093624
0.134416
0.134416
0.063943

0.086432
0.078895
0.061636
0.006360
0.089427
0.074493
0.061287
0.000000
0.097223
0.087151
0.060667
0.020222
0.099410
0.083027
0.062762
0.010807
0.108981
0.096426
0.079167
0.035996
0.110308
0.092579
0.079373
0.027417
0.118681
0.104612
0.093365
0.049960
0.119377
0.101038
0.092432
0.042168
0.126750
0.111864
0.104535
0.062374
0.126985
0.108553
0.102944
0.055310
0.074319
0.083274
0.053797
0.022046
0.079816
0.080009
0.057454
0.013109
0.087199
0.091172
0.045940
0.033526
0.091539
0.088021
0.053409
0.026053
0.101402
0.100161
0.070684
0.048065
0.104414
0.097137
0.074582
0.040855
0.112931
0.108031
0.088822
0.060813
0.114953
0.105157
0.090458
0.054184
0.122368
0.114957
0.102439
0.072065
0.123653
0.112242
0.102664
0.066000
0.062834
0.087961
0.037618
0.037348
0.067284
0.085934
0.047411
0.030129
0.074284
0.095899
0.026526
0.046511
0.081519
0.093805
0.034692
0.040462
0.092095
0.104886
0.054542
0.060375
0.097349
0.102748
0.064226
0.054577
0.106325
0.112665
0.079858
0.072319
0.110095
0.110537
0.085433
0.066859
0.117787
0.119440
0.098061
0.082720
0.120443
0.117358
0.100998
0.077637

