0.226275
0.212977
0.125937
0.019193
0.230471
0.204918
0.121900
0.000000
0.251606
0.243489
0.149603
0.058262
0.256010
0.236341
0.146794
0.041051
0.273869
0.271024
0.169754
0.093373
0.278523
0.264756
0.168166
0.078051
0.308846
0.305491
0.211605
0.140365
0.313071
0.299627
0.210080
0.126128
0.341134
0.337365
0.250325
0.183886
0.344969
0.331880
0.248863
0.170658
0.244686
0.230145
0.134466
0.034488
0.248530
0.222226
0.130969
0.016161
0.267138
0.258459
0.155254
0.071044
0.271288
0.251486
0.153051
0.054702
0.286643
0.283900
0.172578
0.103727
0.291139
0.277842
0.171664
0.089281
0.320518
0.317331
0.214126
0.149911
0.324605
0.311667
0.213231
0.136489
0.351798
0.348253
0.252573
0.192688
0.355512
0.342958
0.251700
0.180218
0.272285
0.265082
0.159905
0.079570
0.276518
0.258340
0.158024
0.063710
0.291076
0.289830
0.176381
0.111316
0.295663
0.283997
0.175790
0.097331
0.307086
0.311902
0.189530
0.139428
0.312070
0.306951
0.190235
0.127243
0.339316
0.343203
0.229754
0.182959
0.343864
0.338570
0.230364
0.171637
0.369084
0.372158
0.266980
0.223282
0.373233
0.367823
0.267507
0.212761

0.119698
0.178972
0.085437
0.075168
0.134036
0.194616
0.096119
0.092844
0.104268
0.158586
0.056987
0.039461
0.118613
0.174795
0.067806
0.058160
0.085809
0.135367
0.025008
0.000000
0.100237
0.152238
0.036024
0.019838
0.104671
0.158674
0.057075
0.039409
0.118973
0.174863
0.067874
0.058100
0.120511
0.179152
0.085618
0.075066
0.134763
0.194756
0.096259
0.092726
0.094627
0.175621
0.071899
0.087714
0.109075
0.190741
0.081517
0.103716
0.079659
0.156610
0.043945
0.054140
0.094007
0.172176
0.053534
0.070973
0.061540
0.134782
0.012403
0.016928
0.075862
0.150884
0.022013
0.034697
0.080157
0.156743
0.044078
0.054106
0.094456
0.172286
0.053644
0.070930
0.095632
0.175892
0.072171
0.087650
0.109981
0.190965
0.081741
0.103632
0.084674
0.179927
0.086393
0.114817
0.100404
0.195289
0.096793
0.130354
0.071722
0.163111
0.061512
0.084731
0.087335
0.178859
0.071870
0.101009
0.055613
0.143553
0.033194
0.051238
0.071190
0.159778
0.043564
0.068355
0.072330
0.163297
0.061698
0.084721
0.087886
0.179018
0.072029
0.100986
0.085900
0.180306
0.086771
0.114799
0.101516
0.195612
0.097116
0.130312

0.225042
0.219466
0.117976
0.049776
0.241498
0.233181
0.136406
0.066101
0.230607
0.209542
0.115490
0.026706
0.246438
0.223056
0.133373
0.042964
0.233709
0.197018
0.109859
0.000000
0.248990
0.210389
0.127280
0.016259
0.257711
0.217921
0.137150
0.025316
0.271520
0.229669
0.152650
0.039263
0.279377
0.236242
0.161390
0.046951
0.291777
0.246415
0.175041
0.058641
0.205550
0.213104
0.101483
0.048122
0.222418
0.226345
0.119910
0.063264
0.213447
0.205031
0.101592
0.027199
0.229548
0.217924
0.119290
0.042068
0.218779
0.194314
0.098455
0.002605
0.234190
0.206913
0.115508
0.017259
0.242971
0.213974
0.125140
0.025347
0.256852
0.224923
0.140216
0.037666
0.264735
0.231007
0.148684
0.044366
0.277149
0.240349
0.161851
0.054392
0.226788
0.242075
0.119314
0.083882
0.243252
0.254878
0.137819
0.098836
0.235612
0.235730
0.121966
0.066407
0.251306
0.248175
0.139696
0.081049
0.241979
0.226901
0.121474
0.045470
0.256978
0.239042
0.138514
0.059862
0.265535
0.245860
0.148160
0.067835
0.279075
0.256458
0.163297
0.080036
0.286776
0.262364
0.171824
0.086710
0.298921
0.271461
0.185128
0.096766

0.176370
0.241914
0.047876
0.084678
0.178419
0.236602
0.041220
0.070063
0.165348
0.224939
0.012882
0.046887
0.166030
0.218275
0.004729
0.030524
0.190701
0.251090
0.040060
0.080652
0.192128
0.245376
0.033899
0.066300
0.229038
0.283949
0.090818
0.126804
0.230358
0.278652
0.085132
0.113517
0.264351
0.314274
0.137523
0.169379
0.265571
0.309363
0.132275
0.157078
0.188067
0.262151
0.045334
0.104329
0.189679
0.257190
0.038845
0.090812
0.174785
0.244846
0.007895
0.066743
0.175134
0.238645
0.000000
0.051615
0.197936
0.268654
0.032898
0.097568
0.199150
0.263425
0.027140
0.084455
0.235942
0.300336
0.084577
0.142703
0.237068
0.295491
0.079270
0.130567
0.270930
0.329560
0.132102
0.184316
0.271976
0.325070
0.127210
0.173084
0.216810
0.290807
0.075047
0.140339
0.219292
0.286887
0.070930
0.129085
0.203207
0.274185
0.038437
0.104671
0.204637
0.269193
0.033207
0.092048
0.222281
0.294683
0.057811
0.130745
0.224585
0.290625
0.054672
0.120039
0.258440
0.324419
0.107596
0.173407
0.260564
0.320652
0.104692
0.163489
0.291723
0.351844
0.153371
0.212733
0.293681
0.348347
0.150684
0.203543

0.267920
0.263461
0.170732
0.089662
0.272227
0.257175
0.168584
0.073850
0.259951
0.243789
0.144033
0.049285
0.263195
0.236143
0.140839
0.031643
0.264620
0.231006
0.138277
0.020277
0.266134
0.221515
0.132924
0.000000
0.288940
0.252305
0.166107
0.048258
0.289889
0.242818
0.160467
0.028369
0.310655
0.270773
0.190648
0.072162
0.311048
0.261231
0.184681
0.052532
0.246808
0.257612
0.156017
0.091907
0.252819
0.252707
0.155646
0.077769
0.240170
0.239275
0.129981
0.052842
0.245100
0.233031
0.128615
0.036958
0.247515
0.228732
0.127137
0.026655
0.250642
0.220634
0.123573
0.008165
0.272254
0.248714
0.154276
0.051650
0.274646
0.240436
0.150212
0.033287
0.294280
0.265844
0.178058
0.072598
0.295954
0.257334
0.173465
0.054242
0.231363
0.264136
0.152828
0.115769
0.239662
0.261419
0.155078
0.104562
0.226866
0.248357
0.128614
0.079924
0.234097
0.244379
0.129980
0.067152
0.237879
0.241452
0.130144
0.058753
0.243264
0.235666
0.129326
0.043503
0.264282
0.261947
0.158480
0.083679
0.268802
0.255879
0.157029
0.068433
0.287917
0.279674
0.183495
0.104769
0.291603
0.273284
0.181398
0.089426

0.082267
0.169387
0.075067
0.078173
0.087206
0.165746
0.067317
0.061806
0.067101
0.149436
0.048456
0.043084
0.071133
0.144601
0.039222
0.024737
0.064264
0.136649
0.042329
0.019778
0.068089
0.131023
0.032594
0.000000
0.106651
0.174898
0.086799
0.067887
0.110229
0.169783
0.077846
0.049734
0.145873
0.210195
0.127906
0.112211
0.149219
0.205545
0.119671
0.095548
0.086185
0.184233
0.081516
0.102994
0.091297
0.181340
0.074148
0.087996
0.068920
0.164062
0.054092
0.069266
0.073265
0.160122
0.045361
0.052468
0.065402
0.152081
0.049364
0.048936
0.069745
0.147546
0.040354
0.030961
0.107638
0.189011
0.093069
0.094503
0.111679
0.184888
0.084766
0.077994
0.146726
0.223102
0.133487
0.136504
0.150486
0.219354
0.125835
0.121340
0.105034
0.207709
0.113389
0.142380
0.111230
0.206085
0.107656
0.129450
0.086887
0.188006
0.087026
0.111050
0.092510
0.185512
0.080133
0.096543
0.081179
0.175732
0.081412
0.092000
0.086943
0.172790
0.074361
0.076493
0.122347
0.210857
0.122757
0.134187
0.127695
0.208197
0.116260
0.119945
0.160439
0.243282
0.160993
0.173075
0.165402
0.240878
0.155005
0.159996

0.166749
0.214850
0.027745
0.040293
0.167783
0.208269
0.020949
0.024797
0.175683
0.230659
0.028299
0.057428
0.176545
0.224498
0.021899
0.043000
0.197314
0.253552
0.050575
0.086742
0.197273
0.247325
0.043328
0.072558
0.232687
0.284125
0.096461
0.129313
0.232599
0.278317
0.089718
0.116141
0.265363
0.312405
0.138899
0.168730
0.265234
0.306988
0.132624
0.156498
0.143227
0.214002
0.007638
0.049226
0.145805
0.208979
0.002368
0.035664
0.151112
0.228185
0.004997
0.062868
0.153394
0.223464
0.000000
0.050228
0.173124
0.250407
0.026519
0.090304
0.174313
0.245462
0.020438
0.077696
0.210443
0.281326
0.074330
0.132732
0.211490
0.276705
0.068666
0.121021
0.244908
0.309918
0.118538
0.172008
0.245827
0.305600
0.113263
0.161130
0.134205
0.220844
0.013488
0.072110
0.139365
0.217955
0.011343
0.061366
0.142749
0.234526
0.010282
0.083996
0.147568
0.231871
0.008423
0.074116
0.167114
0.257354
0.034126
0.111554
0.170727
0.254369
0.031079
0.101582
0.204997
0.287849
0.081446
0.152483
0.208281
0.285039
0.078587
0.143212
0.239974
0.316041
0.125194
0.190365
0.242959
0.313397
0.122513
0.181746

0.204593
0.272701
0.104159
0.142101
0.208333
0.269513
0.101799
0.130729
0.196387
0.259217
0.076044
0.109534
0.199164
0.254876
0.072647
0.096565
0.185369
0.243140
0.044059
0.073108
0.187186
0.237598
0.039591
0.058434
0.187727
0.233751
0.036131
0.048832
0.187713
0.226451
0.029051
0.031463
0.187152
0.221530
0.024007
0.020204
0.185292
0.212403
0.014256
0.000000
0.213272
0.289333
0.102306
0.160076
0.216923
0.286645
0.100593
0.150100
0.203347
0.275756
0.072486
0.128189
0.206142
0.272037
0.069876
0.116798
0.190636
0.259697
0.038769
0.092590
0.192580
0.254906
0.035236
0.079690
0.193202
0.251532
0.032331
0.071185
0.193329
0.245062
0.026170
0.055702
0.192858
0.240663
0.021675
0.045611
0.191156
0.232452
0.012837
0.027421
0.234491
0.312538
0.122030
0.189385
0.238909
0.310813
0.122303
0.181514
0.224048
0.299508
0.092356
0.159140
0.227778
0.296905
0.091974
0.150088
0.210926
0.284148
0.058894
0.125399
0.213982
0.280636
0.057850
0.115091
0.215292
0.278060
0.056462
0.108187
0.216605
0.272976
0.052875
0.095457
0.216869
0.269444
0.049954
0.087071
0.216438
0.262740
0.043795
0.071816

0.265729
0.255574
0.168364
0.081890
0.269387
0.248795
0.165646
0.065578
0.257628
0.235857
0.141734
0.041612
0.260241
0.227718
0.137978
0.023471
0.256911
0.230046
0.128462
0.025043
0.259023
0.221364
0.124510
0.006391
0.269126
0.231075
0.136952
0.020008
0.270021
0.221344
0.131604
0.000000
0.301121
0.265864
0.178655
0.070636
0.301936
0.256866
0.173717
0.052152
0.243538
0.246581
0.150646
0.078083
0.248719
0.240933
0.149465
0.063044
0.236501
0.227826
0.124286
0.038491
0.240615
0.220822
0.122103
0.021672
0.237782
0.224697
0.112949
0.025523
0.241436
0.217253
0.110708
0.008404
0.253433
0.229339
0.125799
0.025655
0.255851
0.220911
0.122192
0.007324
0.286664
0.264301
0.168366
0.075889
0.288885
0.256507
0.165039
0.058957
0.229812
0.254596
0.149063
0.103712
0.237241
0.251132
0.150512
0.091628
0.224876
0.238427
0.124528
0.067400
0.231259
0.233690
0.125094
0.053721
0.227104
0.236169
0.113241
0.054954
0.233009
0.230997
0.113793
0.041027
0.245354
0.242822
0.128923
0.057518
0.249938
0.236637
0.128041
0.042372
0.279228
0.276775
0.171241
0.105320
0.283449
0.271052
0.170432
0.091331

0.163417
0.222033
0.030085
0.070793
0.179527
0.237361
0.046004
0.088566
0.173601
0.237605
0.028357
0.083651
0.188616
0.251927
0.043376
0.100368
0.197044
0.260081
0.051657
0.109828
0.210147
0.272955
0.064262
0.124660
0.234279
0.290375
0.099106
0.149836
0.246426
0.302393
0.110828
0.163729
0.268712
0.318538
0.143008
0.187064
0.279976
0.329760
0.153914
0.200079
0.137816
0.218722
0.004910
0.073119
0.154503
0.233948
0.020862
0.090262
0.147076
0.233090
0.000000
0.083147
0.162625
0.247308
0.015068
0.099277
0.171330
0.255380
0.023326
0.108364
0.184822
0.268088
0.035807
0.122543
0.210948
0.286473
0.073525
0.149108
0.223439
0.298321
0.085110
0.162373
0.247553
0.315347
0.119926
0.186976
0.259119
0.326395
0.130685
0.199390
0.168655
0.248191
0.031047
0.104950
0.184969
0.262790
0.047627
0.121873
0.175323
0.260434
0.023592
0.112625
0.190708
0.274169
0.039548
0.128719
0.199340
0.281975
0.048354
0.137804
0.212754
0.294275
0.061776
0.152012
0.237056
0.311354
0.097077
0.176813
0.249463
0.322813
0.109510
0.190084
0.271890
0.338626
0.142087
0.213047
0.283368
0.349302
0.153607
0.225445

0.267135
0.247551
0.172225
0.080777
0.282206
0.260404
0.188992
0.096751
0.259041
0.228493
0.146454
0.042295
0.274133
0.241630
0.163854
0.059089
0.248362
0.206733
0.117383
0.000000
0.263568
0.220234
0.135526
0.017714
0.258554
0.219807
0.122494
0.013941
0.272887
0.232020
0.139762
0.029908
0.266140
0.230117
0.124131
0.023881
0.279690
0.241114
0.140635
0.038196
0.249961
0.244134
0.160325
0.084825
0.265420
0.256423
0.176969
0.099431
0.242988
0.226317
0.135039
0.047517
0.258381
0.238774
0.152238
0.062792
0.233318
0.205773
0.106360
0.006404
0.248741
0.218472
0.124224
0.022441
0.242299
0.216658
0.108385
0.016125
0.256865
0.228099
0.125452
0.030496
0.248561
0.224745
0.106823
0.021833
0.262360
0.234998
0.123203
0.034627
0.238935
0.253334
0.160087
0.110429
0.255443
0.266005
0.177603
0.125153
0.233839
0.237940
0.136383
0.076134
0.250236
0.250730
0.154450
0.091493
0.225976
0.219876
0.109267
0.038186
0.242364
0.232863
0.128001
0.054273
0.234780
0.230231
0.109766
0.046307
0.250366
0.242059
0.127852
0.060924
0.240800
0.237857
0.106655
0.050574
0.255683
0.248597
0.124213
0.063809

0.153044
0.187344
0.187344
0.095999
0.161890
0.184144
0.184144
0.078932
0.166610
0.181628
0.181628
0.067911
0.173508
0.176428
0.176428
0.048194
0.177068
0.172695
0.172695
0.035532
0.182043
0.165433
0.165433
0.012993
0.193907
0.178272
0.178272
0.032220
0.197594
0.170043
0.170043
0.008867
0.207792
0.180589
0.180589
0.024363
0.210198
0.171312
0.171312
0.000000
0.121966
0.171867
0.171867
0.091097
0.132675
0.169914
0.169914
0.074882
0.138476
0.168124
0.168124
0.064354
0.147116
0.164096
0.164096
0.045434
0.151687
0.161046
0.161046
0.033234
0.158294
0.154888
0.154888
0.011437
0.172383
0.170784
0.170784
0.035648
0.177683
0.163753
0.163753
0.013281
0.189978
0.177185
0.177185
0.033475
0.193986
0.169205
0.169205
0.010344
0.138468
0.196798
0.196798
0.133469
0.149705
0.196120
0.196120
0.119676
0.155853
0.195138
0.195138
0.110674
0.165125
0.192533
0.192533
0.094420
0.170107
0.190384
0.190384
0.083899
0.177455
0.185809
0.185809
0.065035
0.190743
0.200291
0.200291
0.086538
0.196814
0.194856
0.194856
0.067098
0.208449
0.207116
0.207116
0.085019
0.213264
0.200759
0.200759
0.064832

0.069987
0.126808
0.031957
0.017743
0.071945
0.121100
0.020892
0.000000
0.076813
0.141421
0.037855
0.038469
0.078621
0.136165
0.026750
0.021549
0.080425
0.153328
0.040247
0.055872
0.082090
0.148493
0.029025
0.039673
0.098080
0.172548
0.068982
0.087274
0.100581
0.168666
0.059252
0.072670
0.112676
0.189259
0.094408
0.115640
0.116023
0.186306
0.086098
0.102540
0.044163
0.124524
0.018657
0.031164
0.047650
0.120395
0.008550
0.015040
0.049678
0.137373
0.021779
0.048706
0.052888
0.133576
0.011455
0.033229
0.051787
0.147470
0.021256
0.062953
0.054734
0.143983
0.010641
0.048028
0.069740
0.165979
0.050386
0.093212
0.073522
0.163406
0.041285
0.079831
0.084440
0.181921
0.076054
0.120439
0.089073
0.180245
0.068400
0.108519
0.033145
0.129475
0.034624
0.059484
0.039331
0.127548
0.027340
0.045967
0.039259
0.141747
0.038182
0.075833
0.045138
0.140094
0.030680
0.062896
0.041910
0.151294
0.038212
0.089056
0.047515
0.149905
0.030437
0.076618
0.058355
0.168121
0.064556
0.116452
0.064688
0.167549
0.058135
0.105408
0.071490
0.182397
0.087546
0.140963
0.078583
0.182638
0.082430
0.131245

0.148231
0.237009
0.049000
0.092610
0.163851
0.251830
0.064042
0.111844
0.141918
0.222592
0.019005
0.056018
0.157109
0.237751
0.034425
0.076524
0.148082
0.214701
0.011291
0.031015
0.162178
0.229852
0.025899
0.052179
0.167297
0.213840
0.025962
0.017906
0.181239
0.229622
0.041224
0.040740
0.183151
0.209782
0.036250
0.000000
0.197061
0.226335
0.052304
0.024710
0.159712
0.254467
0.046788
0.111090
0.173674
0.267669
0.060261
0.128220
0.150958
0.239740
0.014853
0.075362
0.164539
0.253242
0.028672
0.093626
0.156515
0.232747
0.008101
0.053161
0.168950
0.246137
0.020920
0.071841
0.176916
0.234003
0.026512
0.044781
0.189217
0.247956
0.039918
0.064950
0.194075
0.232264
0.040618
0.031888
0.206350
0.246905
0.054733
0.053730
0.185449
0.279580
0.069811
0.142962
0.198905
0.291939
0.083474
0.159195
0.175747
0.265334
0.038138
0.109229
0.188945
0.278007
0.052246
0.126553
0.182461
0.260182
0.035012
0.091221
0.194535
0.272692
0.048062
0.108812
0.202546
0.262473
0.054542
0.085681
0.214421
0.275436
0.067982
0.104517
0.219598
0.262012
0.069998
0.075981
0.231375
0.275541
0.083948
0.096232

0.061193
0.152728
0.050690
0.085820
0.076729
0.167242
0.059717
0.098933
0.045625
0.134419
0.023462
0.056508
0.060906
0.149152
0.032229
0.070003
0.067471
0.138865
0.036827
0.051122
0.082470
0.153774
0.046249
0.065542
0.086229
0.140829
0.046993
0.042883
0.101021
0.155985
0.057103
0.058288
0.102038
0.140353
0.054060
0.031790
0.116697
0.155829
0.064896
0.048243
0.029044
0.142831
0.029525
0.087679
0.045154
0.157315
0.037916
0.099833
0.013730
0.125282
0.002072
0.059211
0.029477
0.139897
0.010062
0.071623
0.039662
0.132913
0.019607
0.057408
0.055027
0.147614
0.028215
0.070680
0.062305
0.137988
0.033790
0.052736
0.077367
0.152846
0.043045
0.066920
0.081821
0.140568
0.044745
0.045210
0.096657
0.155655
0.054681
0.060363
0.013253
0.141784
0.039746
0.106914
0.031239
0.157044
0.049520
0.119353
0.000000
0.126008
0.015051
0.080971
0.017609
0.141368
0.024445
0.093645
0.028409
0.135818
0.033779
0.080907
0.045430
0.151113
0.043589
0.094278
0.053448
0.143066
0.049230
0.078082
0.069973
0.158374
0.059492
0.092207
0.075293
0.147824
0.061530
0.072521
0.091410
0.163220
0.072287
0.087458

0.272261
0.282985
0.174829
0.101453
0.289626
0.297036
0.194848
0.120322
0.282131
0.273213
0.174446
0.072949
0.298644
0.287167
0.193849
0.092244
0.288892
0.260065
0.169870
0.039235
0.304679
0.274041
0.188823
0.059135
0.292565
0.243402
0.161037
0.000000
0.307750
0.257523
0.179702
0.020695
0.326334
0.282385
0.207170
0.061049
0.340232
0.295238
0.224172
0.079812
0.285254
0.298204
0.177049
0.116773
0.301441
0.310482
0.196011
0.133112
0.295220
0.289207
0.178568
0.090803
0.310485
0.301247
0.196712
0.107269
0.302166
0.276974
0.175939
0.059812
0.316629
0.288881
0.193420
0.076561
0.306121
0.261381
0.169116
0.023518
0.319894
0.273261
0.186086
0.040713
0.338772
0.298718
0.214462
0.082257
0.351374
0.309523
0.229915
0.097827
0.304266
0.326911
0.191194
0.155888
0.320056
0.338580
0.210350
0.171641
0.315364
0.320165
0.196228
0.134851
0.330209
0.331546
0.214447
0.150589
0.323583
0.310427
0.197248
0.109161
0.337597
0.321619
0.214684
0.125033
0.328962
0.297598
0.194243
0.078585
0.342255
0.308698
0.211046
0.094742
0.359753
0.331831
0.237448
0.132500
0.371916
0.341930
0.252754
0.147138

0.188255
0.206734
0.206734
0.094331
0.195664
0.201722
0.201722
0.074728
0.199510
0.198092
0.198092
0.062138
0.204929
0.190988
0.190988
0.039728
0.207588
0.186085
0.186085
0.025401
0.211038
0.176821
0.176821
0.000000
0.234566
0.209709
0.209709
0.053204
0.237353
0.200508
0.200508
0.028698
0.268734
0.246751
0.246751
0.103926
0.271383
0.238385
0.238385
0.081525
0.159651
0.196492
0.196492
0.101497
0.169087
0.193177
0.193177
0.083788
0.174122
0.190564
0.190564
0.072359
0.181479
0.185153
0.185153
0.051930
0.185279
0.181267
0.181267
0.038820
0.190593
0.173705
0.173705
0.015503
0.212833
0.203382
0.203382
0.062475
0.217284
0.195655
0.195655
0.039731
0.248529
0.240673
0.240673
0.112073
0.252707
0.233654
0.233654
0.091274
0.136790
0.199268
0.199268
0.132095
0.148893
0.198518
0.198518
0.117582
0.155508
0.197456
0.197456
0.108123
0.165470
0.194659
0.194659
0.091070
0.170817
0.192358
0.192358
0.080046
0.178691
0.187477
0.187477
0.060312
0.200326
0.215009
0.215009
0.102800
0.207183
0.209826
0.209826
0.083477
0.236857
0.251195
0.251195
0.148935
0.243249
0.246513
0.246513
0.131274

0.185533
0.219530
0.219530
0.144274
0.193779
0.217064
0.217064
0.130157
0.174291
0.200440
0.200440
0.112107
0.181929
0.196940
0.196940
0.096290
0.185967
0.194296
0.194296
0.086128
0.191795
0.188974
0.188974
0.068043
0.194754
0.185226
0.185226
0.056487
0.198797
0.178042
0.178042
0.036016
0.200691
0.173162
0.173162
0.022989
0.202963
0.164064
0.164064
0.000000
0.191570
0.228672
0.228672
0.157982
0.200088
0.226579
0.226579
0.144444
0.178298
0.208677
0.208677
0.125831
0.186338
0.205648
0.205648
0.110682
0.190617
0.203294
0.203294
0.100934
0.196849
0.198466
0.198466
0.083562
0.200053
0.195022
0.195022
0.072447
0.204506
0.188357
0.188357
0.052738
0.206649
0.183798
0.183798
0.040184
0.209341
0.175248
0.175248
0.018010
0.203262
0.250411
0.250411
0.194708
0.212648
0.249542
0.249542
0.183077
0.188666
0.230731
0.230731
0.164633
0.197743
0.229090
0.229090
0.151589
0.202654
0.227593
0.227593
0.143151
0.209959
0.224239
0.224239
0.128044
0.213818
0.221708
0.221708
0.118339
0.219387
0.216615
0.216615
0.101069
0.222213
0.213029
0.213029
0.090033
0.226072
0.206158
0.206158
0.070487

0.110385
0.149956
0.149956
0.065587
0.131216
0.164231
0.164231
0.076918
0.125457
0.144741
0.144741
0.040163
0.144916
0.158346
0.158346
0.051258
0.137058
0.136423
0.136423
0.011166
0.155282
0.149442
0.149442
0.022079
0.155341
0.142036
0.142036
0.007431
0.173004
0.155475
0.155475
0.019790
0.170440
0.144608
0.144608
0.000000
0.187662
0.158547
0.158547
0.013862
0.075854
0.134102
0.134102
0.061942
0.098032
0.148362
0.148362
0.071980
0.094529
0.131177
0.131177
0.038092
0.115097
0.144566
0.144566
0.047675
0.109468
0.125002
0.125002
0.010589
0.128573
0.137604
0.137604
0.019762
0.131970
0.134535
0.134535
0.011519
0.150354
0.147461
0.147461
0.022079
0.151075
0.140921
0.140921
0.008712
0.168867
0.154248
0.154248
0.020704
0.092916
0.159059
0.159059
0.101412
0.114778
0.173097
0.173097
0.111276
0.112482
0.157954
0.157954
0.080676
0.132755
0.171131
0.171131
0.090093
0.128447
0.153774
0.153774
0.056551
0.147276
0.166172
0.166172
0.065567
0.150993
0.163579
0.163579
0.057898
0.169055
0.176204
0.176204
0.068131
0.170276
0.170419
0.170419
0.055786
0.187698
0.183348
0.183348
0.067285

0.085949
0.161110
0.073724
0.066596
0.103538
0.178195
0.085550
0.084940
0.065687
0.139284
0.043333
0.030768
0.083734
0.157160
0.055435
0.050222
0.072176
0.130887
0.025532
0.000000
0.088996
0.148694
0.037000
0.020159
0.098390
0.158785
0.043105
0.031487
0.112912
0.174646
0.052005
0.049122
0.138480
0.193371
0.088016
0.076493
0.151857
0.207982
0.096287
0.092772
0.054818
0.156040
0.057820
0.079378
0.073068
0.172862
0.068731
0.096110
0.033929
0.135126
0.027280
0.045466
0.052596
0.152654
0.038318
0.063126
0.043498
0.129750
0.011334
0.017866
0.060669
0.146993
0.021451
0.035963
0.070229
0.156739
0.026718
0.046071
0.084952
0.172014
0.034169
0.061694
0.112768
0.191590
0.073175
0.090041
0.126330
0.205661
0.080120
0.104474
0.036168
0.156534
0.069148
0.105085
0.056399
0.173898
0.081253
0.121496
0.016126
0.137254
0.041303
0.074492
0.036852
0.155309
0.053584
0.091767
0.030892
0.135959
0.030605
0.051748
0.049954
0.153576
0.041882
0.069317
0.060632
0.163556
0.047876
0.079153
0.077198
0.179233
0.056592
0.094400
0.103937
0.197850
0.092495
0.120395
0.119179
0.212284
0.100590
0.134473

0.211135
0.271674
0.098926
0.144072
0.213013
0.268075
0.095182
0.134406
0.200192
0.257212
0.070482
0.114607
0.201164
0.252705
0.065814
0.103848
0.186702
0.240614
0.038771
0.082280
0.186777
0.235182
0.033158
0.070381
0.186331
0.231503
0.029142
0.062665
0.184769
0.224665
0.021358
0.048831
0.199938
0.230307
0.043106
0.056533
0.197569
0.222544
0.034472
0.041533
0.188050
0.266398
0.076000
0.143832
0.191053
0.263903
0.073338
0.135446
0.177511
0.252850
0.047040
0.115040
0.179587
0.249461
0.043467
0.105610
0.164283
0.237120
0.014653
0.083355
0.165447
0.232825
0.010152
0.072839
0.165628
0.229821
0.006772
0.065949
0.165071
0.224098
0.000000
0.053484
0.182524
0.231450
0.025111
0.063712
0.181164
0.224838
0.017533
0.050159
0.178958
0.268917
0.077499
0.157401
0.184022
0.268069
0.077386
0.151146
0.170201
0.257076
0.050175
0.130524
0.174385
0.255387
0.049276
0.123340
0.158710
0.243066
0.019428
0.100818
0.162039
0.240533
0.017743
0.092676
0.163515
0.238591
0.016058
0.087226
0.165110
0.234649
0.012122
0.077190
0.182147
0.242032
0.036160
0.087188
0.182852
0.237178
0.031316
0.076048

0.176411
0.249031
0.050036
0.083924
0.180365
0.244386
0.045619
0.069341
0.182086
0.241033
0.042141
0.059780
0.183875
0.234486
0.034950
0.042458
0.184303
0.229976
0.029791
0.031213
0.183941
0.221475
0.019767
0.011015
0.222286
0.264423
0.080336
0.082197
0.221956
0.256644
0.071162
0.063712
0.257115
0.295988
0.126704
0.128922
0.256813
0.288869
0.118308
0.112005
0.146401
0.244209
0.023257
0.090187
0.152129
0.241316
0.020609
0.077893
0.154877
0.239011
0.018160
0.069721
0.158315
0.234210
0.012634
0.054744
0.159698
0.230749
0.008447
0.044928
0.160873
0.224001
0.000000
0.027150
0.199677
0.265077
0.060651
0.094659
0.200753
0.258902
0.052920
0.078388
0.236339
0.296536
0.108550
0.140244
0.237325
0.290886
0.101474
0.125354
0.174891
0.271958
0.048700
0.124598
0.181160
0.270048
0.048246
0.114734
0.184275
0.268374
0.047155
0.108073
0.188400
0.264699
0.043966
0.095712
0.190238
0.261958
0.041227
0.087526
0.192249
0.256489
0.035276
0.072569
0.227623
0.293636
0.090643
0.133638
0.229469
0.288634
0.085203
0.119955
0.261911
0.322672
0.135990
0.175912
0.263606
0.318096
0.131019
0.163394

0.062355
0.164130
0.077666
0.104873
0.069786
0.163191
0.072016
0.092544
0.073602
0.162109
0.067985
0.084541
0.078902
0.159438
0.060186
0.070171
0.081452
0.157313
0.054851
0.060917
0.084657
0.152893
0.044848
0.044411
0.085956
0.149711
0.038170
0.033843
0.087085
0.143512
0.025894
0.015090
0.104198
0.149284
0.046822
0.020194
0.104187
0.141812
0.033767
0.000000
0.026870
0.153044
0.056901
0.109324
0.036131
0.153732
0.052351
0.098530
0.041002
0.153613
0.048952
0.091455
0.047990
0.152528
0.042165
0.078641
0.051512
0.151344
0.037412
0.070329
0.056274
0.148479
0.028339
0.055410
0.058470
0.146223
0.022196
0.045805
0.061034
0.141559
0.010775
0.028680
0.080882
0.149371
0.035439
0.036685
0.082297
0.143484
0.023344
0.018273
0.041086
0.171691
0.085227
0.141958
0.051595
0.173544
0.082369
0.132923
0.057225
0.174144
0.080020
0.126942
0.065503
0.174293
0.075041
0.116024
0.069814
0.173872
0.071410
0.108892
0.075917
0.172319
0.064274
0.096017
0.078936
0.170875
0.059335
0.087687
0.082905
0.167610
0.049993
0.072771
0.101710
0.175168
0.072705
0.080244
0.104501
0.170717
0.062671
0.064115

0.125541
0.203551
0.116665
0.124138
0.141110
0.218133
0.126332
0.138945
0.112848
0.186691
0.091809
0.094053
0.128294
0.201669
0.101419
0.109596
0.096689
0.167035
0.063420
0.060614
0.112125
0.182512
0.073036
0.076994
0.076952
0.144449
0.031299
0.023599
0.092490
0.160532
0.040981
0.040920
0.070742
0.128730
0.025115
0.000000
0.087468
0.146090
0.036614
0.019348
0.095231
0.196948
0.099954
0.132481
0.111504
0.211405
0.108924
0.146007
0.082940
0.181232
0.075311
0.104020
0.098985
0.195978
0.084066
0.118119
0.066938
0.162652
0.046983
0.072245
0.082872
0.177792
0.055580
0.087006
0.047113
0.141085
0.014771
0.036939
0.063052
0.156722
0.023263
0.052457
0.042574
0.127487
0.011818
0.017113
0.059722
0.144358
0.022146
0.034575
0.077745
0.196700
0.109813
0.154432
0.095954
0.211793
0.119992
0.167861
0.067425
0.182944
0.088062
0.128999
0.085393
0.198280
0.098030
0.142936
0.053262
0.166319
0.062704
0.100408
0.071122
0.182005
0.072529
0.114945
0.035157
0.146710
0.033560
0.068467
0.053040
0.162857
0.043306
0.083698
0.030224
0.133933
0.030318
0.050203
0.049236
0.151216
0.041740
0.067201

0.289102
0.296680
0.211274
0.144292
0.294265
0.292062
0.209789
0.130824
0.283525
0.279617
0.188948
0.108737
0.287592
0.273725
0.186381
0.093579
0.289552
0.269691
0.184285
0.083798
0.292026
0.262127
0.179853
0.066322
0.293036
0.257075
0.176627
0.055115
0.293931
0.247788
0.170290
0.035201
0.293996
0.241685
0.165906
0.022491
0.293316
0.230612
0.157613
0.000000
0.267037
0.287796
0.195761
0.140896
0.273737
0.284284
0.195625
0.128512
0.262854
0.271775
0.174068
0.106031
0.268405
0.266971
0.172849
0.091971
0.271230
0.263579
0.171543
0.082841
0.275105
0.257063
0.168404
0.066441
0.276932
0.252630
0.165937
0.055874
0.279153
0.244357
0.160844
0.037016
0.279993
0.238854
0.157193
0.024936
0.280573
0.228766
0.150101
0.003488
0.250409
0.291763
0.192585
0.161704
0.259268
0.290286
0.194746
0.151950
0.248545
0.278238
0.172948
0.129961
0.256240
0.275527
0.174100
0.118683
0.260337
0.273401
0.174223
0.111259
0.266311
0.269020
0.173480
0.097766
0.269389
0.265883
0.172462
0.088986
0.273680
0.259799
0.169805
0.073181
0.275755
0.255629
0.167631
0.062980
0.278388
0.247800
0.163030
0.044748

0.107439
0.111540
0.111540
0.000000
0.127638
0.128368
0.128368
0.017174
0.139202
0.137934
0.137934
0.026859
0.157579
0.153017
0.153017
0.041994
0.168083
0.161563
0.161563
0.050482
0.184745
0.174988
0.174988
0.063659
0.194248
0.182561
0.182561
0.070993
0.209291
0.194402
0.194402
0.082283
0.217851
0.201046
0.201046
0.088504
0.231363
0.211369
0.211369
0.097967
0.082958
0.104812
0.104812
0.008826
0.103910
0.121327
0.121327
0.024605
0.115896
0.130695
0.130695
0.033459
0.134932
0.145432
0.145432
0.047215
0.145803
0.153759
0.153759
0.054877
0.163034
0.166801
0.166801
0.066682
0.172853
0.174134
0.174134
0.073195
0.188381
0.185556
0.185556
0.083115
0.197207
0.191937
0.191937
0.088513
0.211123
0.201804
0.201804
0.096602
0.064003
0.109828
0.109828
0.037810
0.086371
0.126910
0.126910
0.053467
0.099184
0.136619
0.136619
0.062271
0.119560
0.151926
0.151926
0.075984
0.131214
0.160598
0.160598
0.083645
0.149717
0.174218
0.174218
0.095489
0.160281
0.181902
0.181902
0.102049
0.177021
0.193913
0.193913
0.112089
0.186558
0.200652
0.200652
0.117584
0.201633
0.211123
0.211123
0.125876

0.278962
0.273246
0.175785
0.092980
0.283661
0.266353
0.173985
0.076514
0.271011
0.252957
0.146757
0.050986
0.274564
0.244659
0.144008
0.032737
0.276110
0.239103
0.141642
0.020978
0.277720
0.228869
0.136501
0.000000
0.310727
0.275367
0.185926
0.073440
0.312070
0.265824
0.181056
0.053977
0.342505
0.308770
0.226689
0.121843
0.343613
0.299871
0.222079
0.103787
0.254943
0.265864
0.157360
0.092434
0.261592
0.260378
0.157544
0.077609
0.248386
0.246827
0.128594
0.051376
0.253854
0.239945
0.127890
0.034847
0.256513
0.235227
0.126723
0.024117
0.259924
0.226374
0.123540
0.004853
0.292921
0.271953
0.172378
0.076471
0.295910
0.263675
0.169303
0.058585
0.326327
0.305767
0.214385
0.124764
0.328941
0.298029
0.211422
0.108157
0.237660
0.273291
0.152492
0.117407
0.246977
0.270167
0.155681
0.105691
0.233463
0.256938
0.125307
0.079471
0.241599
0.252489
0.127737
0.066241
0.245831
0.249238
0.128439
0.057520
0.251824
0.242845
0.128358
0.041660
0.283404
0.285109
0.174251
0.107520
0.288760
0.279095
0.174029
0.092772
0.317855
0.318115
0.216379
0.153621
0.322638
0.312459
0.216039
0.139908

0.292143
0.284619
0.209996
0.128978
0.295683
0.278553
0.207308
0.113838
0.285813
0.267174
0.186810
0.092548
0.288345
0.259817
0.183091
0.075660
0.276976
0.247083
0.160537
0.052389
0.278514
0.238387
0.155758
0.033642
0.275548
0.241431
0.148226
0.037959
0.276658
0.232304
0.143318
0.018897
0.271574
0.233000
0.132625
0.019501
0.272261
0.223383
0.127552
0.000000
0.271685
0.275718
0.193851
0.123989
0.276581
0.270607
0.192446
0.109797
0.266380
0.259083
0.170917
0.087944
0.270237
0.252668
0.168494
0.072016
0.258434
0.239728
0.144780
0.048105
0.261274
0.231967
0.141317
0.030335
0.258918
0.236727
0.134475
0.037357
0.261379
0.228643
0.131019
0.019485
0.256741
0.230895
0.120776
0.022540
0.258836
0.222434
0.117300
0.004446
0.258816
0.282888
0.193074
0.148231
0.265768
0.279808
0.194060
0.136790
0.255559
0.268741
0.172018
0.115393
0.261491
0.264435
0.172090
0.102390
0.249599
0.251943
0.147779
0.078948
0.254545
0.246381
0.146932
0.064295
0.250870
0.249597
0.137419
0.068376
0.255417
0.243706
0.136606
0.053640
0.249437
0.244507
0.123699
0.053943
0.253610
0.238246
0.122907
0.039024

0.255284
0.248143
0.149842
0.081445
0.259240
0.241839
0.148853
0.067361
0.246132
0.228984
0.121540
0.043287
0.249194
0.221511
0.119877
0.027806
0.250507
0.216521
0.118220
0.017821
0.251834
0.207353
0.114367
0.000000
0.274547
0.236855
0.146918
0.044834
0.275229
0.227631
0.142556
0.027245
0.306213
0.269912
0.187628
0.091193
0.306699
0.261231
0.183396
0.074710
0.233558
0.241955
0.132097
0.081961
0.239281
0.237021
0.133102
0.069588
0.225445
0.223970
0.103894
0.044780
0.230276
0.217896
0.104312
0.031104
0.232623
0.213738
0.103879
0.022202
0.235630
0.205946
0.102027
0.006188
0.257358
0.233149
0.132638
0.047169
0.259550
0.225142
0.130065
0.031170
0.290448
0.266539
0.174580
0.093414
0.292322
0.258978
0.171991
0.078394
0.218624
0.248722
0.125947
0.102647
0.226682
0.245856
0.129718
0.092977
0.212255
0.232917
0.098724
0.067837
0.219447
0.228976
0.102038
0.057020
0.223187
0.226100
0.103325
0.049847
0.228482
0.220454
0.104316
0.036748
0.249766
0.246105
0.133777
0.074993
0.254103
0.240135
0.133879
0.061770
0.283741
0.278828
0.176058
0.119583
0.287593
0.273154
0.175939
0.107137

0.098614
0.116449
0.116449
0.000000
0.121144
0.134465
0.134465
0.017926
0.134009
0.144662
0.144662
0.027955
0.154400
0.160661
0.160661
0.043487
0.166022
0.169678
0.169678
0.052108
0.184404
0.183759
0.183759
0.065336
0.194858
0.191651
0.191651
0.072599
0.211352
0.203900
0.203900
0.083599
0.230872
0.227336
0.227336
0.116710
0.246096
0.238664
0.238664
0.126913
0.107000
0.130806
0.130806
0.022558
0.128763
0.147407
0.147407
0.038136
0.141169
0.156763
0.156763
0.046774
0.160796
0.171376
0.171376
0.060015
0.171961
0.179568
0.179568
0.067276
0.189582
0.192285
0.192285
0.078257
0.199578
0.199364
0.199364
0.084182
0.215308
0.210264
0.210264
0.092967
0.235420
0.234610
0.234610
0.127562
0.249928
0.244685
0.244685
0.135710
0.120839
0.158098
0.158098
0.068700
0.142616
0.174357
0.174357
0.083562
0.155039
0.183534
0.183534
0.091820
0.174708
0.197890
0.197890
0.104503
0.185907
0.205954
0.205954
0.111476
0.203600
0.218499
0.218499
0.122054
0.213650
0.225500
0.225500
0.127784
0.229485
0.236313
0.236313
0.136320
0.248621
0.258916
0.258916
0.168006
0.263216
0.268904
0.268904
0.175917

0.185979
0.232014
0.064730
0.076627
0.186995
0.226150
0.058473
0.062114
0.174558
0.214609
0.033243
0.040211
0.174449
0.207508
0.025719
0.024050
0.182708
0.230858
0.034225
0.058741
0.182573
0.224263
0.027173
0.043723
0.188013
0.244555
0.031369
0.073628
0.187848
0.238422
0.024744
0.059663
0.223226
0.275522
0.078889
0.117685
0.223100
0.269861
0.072771
0.104764
0.164210
0.230844
0.045776
0.085102
0.166557
0.226425
0.040926
0.072451
0.153561
0.214947
0.014300
0.050339
0.154776
0.209334
0.008222
0.036143
0.160300
0.229380
0.011843
0.065197
0.161388
0.224161
0.006122
0.051993
0.164062
0.241252
0.005402
0.076442
0.165024
0.236390
0.000000
0.064151
0.201065
0.272473
0.054935
0.120344
0.201986
0.267990
0.049951
0.108974
0.192255
0.259752
0.074130
0.121028
0.195290
0.256284
0.071175
0.110412
0.181257
0.244516
0.043263
0.088082
0.183333
0.240005
0.039312
0.076133
0.185931
0.256758
0.038557
0.100089
0.187967
0.252649
0.035057
0.089119
0.187767
0.266591
0.030015
0.108685
0.189770
0.262857
0.026945
0.098627
0.223084
0.295980
0.077779
0.150234
0.224962
0.292537
0.074945
0.140926

0.224639
0.220199
0.127455
0.053684
0.228812
0.214181
0.125578
0.039379
0.216463
0.200992
0.101217
0.015810
0.219603
0.193740
0.098419
0.000000
0.243382
0.223975
0.131231
0.044812
0.245863
0.216637
0.128034
0.029262
0.267724
0.244415
0.158207
0.070453
0.269572
0.236966
0.154607
0.055094
0.289636
0.262438
0.182305
0.092883
0.290877
0.254850
0.178295
0.077648
0.203193
0.214469
0.112854
0.056471
0.209109
0.209879
0.112801
0.043872
0.196411
0.196672
0.087353
0.019959
0.201281
0.190869
0.086431
0.005934
0.224153
0.218957
0.117342
0.047104
0.228204
0.212918
0.115840
0.033145
0.249197
0.238667
0.144213
0.070903
0.252468
0.232374
0.142137
0.056951
0.271700
0.255925
0.168128
0.091499
0.274223
0.249359
0.165482
0.077495
0.228817
0.245088
0.133753
0.092515
0.234961
0.241340
0.134976
0.081773
0.220924
0.227717
0.107942
0.057504
0.226185
0.222904
0.108476
0.045524
0.247560
0.248864
0.137530
0.083643
0.252012
0.243796
0.137432
0.071655
0.271635
0.267594
0.164106
0.106616
0.275318
0.262257
0.163389
0.094572
0.293299
0.284024
0.187829
0.126562
0.296245
0.278402
0.186501
0.114411

0.145708
0.216160
0.004055
0.038780
0.159798
0.231882
0.018793
0.059953
0.164961
0.216604
0.020758
0.028743
0.179073
0.232950
0.036218
0.051445
0.181100
0.214032
0.033196
0.014179
0.195320
0.231114
0.049484
0.038580
0.217614
0.249378
0.082401
0.066691
0.230756
0.265087
0.097396
0.089067
0.251317
0.281896
0.127715
0.114905
0.263465
0.296343
0.141522
0.135426
0.152996
0.234340
0.000000
0.059793
0.165609
0.248431
0.012968
0.078633
0.173789
0.236920
0.020544
0.054233
0.186426
0.251569
0.034183
0.074452
0.191526
0.236637
0.036847
0.044364
0.204263
0.251946
0.051247
0.066113
0.227226
0.270102
0.085626
0.094224
0.239003
0.284184
0.098890
0.114173
0.260182
0.300897
0.130559
0.140020
0.271073
0.313851
0.142779
0.158319
0.178735
0.262074
0.028235
0.097597
0.191217
0.275422
0.041623
0.115552
0.199382
0.265656
0.049690
0.094531
0.211798
0.279447
0.063544
0.113637
0.217146
0.266583
0.067122
0.087473
0.229569
0.280913
0.081535
0.107870
0.250829
0.297596
0.113379
0.133685
0.262319
0.310782
0.126663
0.152403
0.281929
0.326141
0.156001
0.176142
0.292555
0.338275
0.168246
0.193319

0.054769
0.124937
0.045930
0.018635
0.060116
0.120345
0.037292
0.000000
0.062163
0.141413
0.055832
0.044819
0.067665
0.137547
0.047583
0.027511
0.066025
0.154785
0.062084
0.067147
0.071711
0.151609
0.054159
0.051036
0.093262
0.181199
0.080783
0.095367
0.097811
0.177876
0.072317
0.079854
0.117174
0.204785
0.096014
0.120100
0.120611
0.201286
0.086944
0.105071
0.063458
0.145043
0.057735
0.050756
0.069003
0.141353
0.049573
0.033758
0.066443
0.157655
0.063082
0.072146
0.072179
0.154646
0.055229
0.056316
0.065922
0.167277
0.064835
0.089882
0.071880
0.164922
0.057233
0.075103
0.091691
0.191772
0.080807
0.114722
0.096409
0.189154
0.072504
0.100351
0.114122
0.213517
0.093318
0.136221
0.117625
0.210611
0.084255
0.122154
0.083425
0.170522
0.091515
0.093701
0.090073
0.168201
0.085147
0.079004
0.083424
0.180256
0.094675
0.111941
0.090375
0.178626
0.088661
0.098339
0.080022
0.187152
0.094451
0.126806
0.087316
0.186195
0.088745
0.114198
0.106234
0.210991
0.110576
0.150187
0.112254
0.209702
0.104143
0.137887
0.129196
0.232208
0.123437
0.170474
0.133978
0.230573
0.116231
0.158392

0.183511
0.214932
0.214932
0.131996
0.202260
0.229663
0.229663
0.145856
0.173212
0.195350
0.195350
0.097606
0.192098
0.210386
0.210386
0.112004
0.184395
0.188213
0.188213
0.069176
0.202424
0.202943
0.202943
0.083752
0.192657
0.177995
0.177995
0.036721
0.209927
0.192497
0.192497
0.051552
0.198021
0.164600
0.164600
0.000000
0.214624
0.178952
0.178952
0.015166
0.191520
0.225343
0.225343
0.146991
0.209405
0.238728
0.238728
0.158652
0.179305
0.204951
0.204951
0.112721
0.197366
0.218595
0.218595
0.124774
0.190948
0.198538
0.198538
0.085427
0.208081
0.211754
0.211754
0.097455
0.199706
0.189097
0.189097
0.054193
0.216000
0.201954
0.201954
0.066255
0.205602
0.176538
0.176538
0.018785
0.221144
0.189103
0.189103
0.030941
0.204853
0.248288
0.248288
0.185887
0.222576
0.261393
0.261393
0.197104
0.191487
0.228420
0.228420
0.154066
0.209476
0.241831
0.241831
0.165686
0.204637
0.224324
0.224324
0.130539
0.221672
0.237278
0.237278
0.142095
0.214999
0.217380
0.217380
0.103387
0.231171
0.229945
0.229945
0.114938
0.222607
0.207517
0.207517
0.072404
0.238002
0.219758
0.219758
0.084008

0.290006
0.278518
0.197122
0.105053
0.293842
0.271348
0.193912
0.088182
0.283085
0.258915
0.170755
0.064828
0.285720
0.250329
0.166459
0.046139
0.273201
0.236396
0.140909
0.020610
0.274675
0.226355
0.135515
0.000000
0.292988
0.263712
0.160290
0.057795
0.294943
0.254781
0.156393
0.039387
0.325830
0.297826
0.202340
0.106858
0.327525
0.289494
0.198655
0.089776
0.267704
0.272320
0.182382
0.107729
0.273376
0.266574
0.181013
0.092572
0.262377
0.254191
0.156780
0.068940
0.266812
0.247045
0.154374
0.052056
0.253923
0.233108
0.127601
0.026196
0.257175
0.224535
0.124163
0.007493
0.273786
0.259751
0.145477
0.061315
0.277443
0.252210
0.143497
0.044732
0.308224
0.294176
0.188670
0.110015
0.311477
0.287117
0.186745
0.094608
0.252656
0.280453
0.181078
0.133694
0.260807
0.276945
0.182406
0.121428
0.249819
0.265029
0.157396
0.098107
0.256721
0.260183
0.157789
0.084280
0.243718
0.246680
0.130103
0.058715
0.249444
0.240486
0.129582
0.043258
0.262948
0.271464
0.145199
0.089844
0.268961
0.266166
0.146046
0.076342
0.298479
0.305189
0.188611
0.136547
0.303898
0.300197
0.189293
0.123985

0.126089
0.202142
0.110731
0.117523
0.139877
0.216514
0.120650
0.133574
0.112290
0.184484
0.085843
0.085642
0.126168
0.199409
0.095962
0.102709
0.095535
0.164075
0.057632
0.050126
0.109588
0.179656
0.068025
0.068339
0.092108
0.150955
0.052314
0.027121
0.107225
0.167796
0.064348
0.047422
0.085529
0.134794
0.043383
0.000000
0.101806
0.153013
0.057149
0.022545
0.098068
0.195159
0.094623
0.126173
0.112138
0.209137
0.103701
0.140690
0.084465
0.178682
0.070194
0.096371
0.098546
0.193108
0.079332
0.111720
0.067780
0.159470
0.042400
0.063071
0.081958
0.174440
0.051665
0.079368
0.065939
0.148589
0.040100
0.044076
0.081181
0.164752
0.050977
0.062327
0.060831
0.134706
0.034170
0.021149
0.077233
0.152174
0.046739
0.041495
0.118375
0.218243
0.126832
0.163629
0.132425
0.231651
0.135786
0.177132
0.104143
0.202255
0.103613
0.136139
0.118293
0.216118
0.112670
0.150415
0.086938
0.183685
0.077242
0.105430
0.101274
0.198096
0.086465
0.120588
0.083045
0.172591
0.073950
0.087689
0.098455
0.188143
0.084695
0.104644
0.075984
0.158660
0.067250
0.066331
0.092564
0.175461
0.079596
0.085213

0.164286
0.209843
0.018846
0.029220
0.177970
0.225307
0.032097
0.048468
0.189389
0.235641
0.047360
0.063116
0.202640
0.250376
0.060516
0.081573
0.211706
0.258954
0.072399
0.093660
0.224593
0.273037
0.085518
0.111418
0.246056
0.289734
0.116073
0.135708
0.258063
0.302848
0.128347
0.152272
0.277954
0.318336
0.156668
0.174807
0.289142
0.330548
0.168152
0.190258
0.141942
0.209172
0.000000
0.038136
0.155604
0.224048
0.012368
0.055939
0.167632
0.234357
0.028293
0.070372
0.180907
0.248575
0.040698
0.087532
0.190407
0.257042
0.052999
0.099289
0.203362
0.270674
0.065494
0.115889
0.226319
0.287998
0.098070
0.140964
0.238392
0.300694
0.109770
0.156456
0.259664
0.316759
0.139961
0.179715
0.270915
0.328584
0.150916
0.194172
0.137769
0.218386
0.012928
0.064553
0.152683
0.233503
0.026403
0.082208
0.162558
0.242128
0.038424
0.093681
0.177038
0.256598
0.051923
0.110748
0.184409
0.263414
0.060409
0.119627
0.198528
0.277310
0.073991
0.136187
0.220704
0.293899
0.104814
0.159785
0.233855
0.306838
0.117522
0.175238
0.254407
0.322223
0.146095
0.197131
0.266656
0.334271
0.157985
0.211551

0.155690
0.228239
0.046374
0.084794
0.168529
0.241250
0.059230
0.101445
0.161867
0.222951
0.040510
0.065974
0.175120
0.236707
0.054746
0.084293
0.165149
0.215065
0.031017
0.043538
0.178915
0.229668
0.046747
0.063662
0.165537
0.204513
0.017801
0.017311
0.179918
0.220069
0.035147
0.039388
0.179081
0.200780
0.027714
0.003162
0.193372
0.216919
0.045448
0.026544
0.128193
0.221936
0.022399
0.087786
0.141443
0.234620
0.035004
0.103321
0.136661
0.219015
0.018698
0.071921
0.150272
0.232366
0.032668
0.089035
0.142093
0.213490
0.011260
0.052509
0.156166
0.227607
0.026708
0.071333
0.144500
0.205307
0.000000
0.029395
0.159142
0.220294
0.017048
0.050068
0.161699
0.205014
0.014725
0.020220
0.176118
0.220442
0.031995
0.041997
0.157311
0.249900
0.049212
0.121347
0.170062
0.261806
0.061914
0.136136
0.163640
0.246503
0.043614
0.105720
0.176796
0.259059
0.057681
0.122013
0.167089
0.240674
0.034412
0.086755
0.180748
0.253972
0.049957
0.104675
0.167659
0.232358
0.021514
0.064302
0.181923
0.246495
0.038658
0.083984
0.185100
0.233261
0.037980
0.057954
0.199078
0.247745
0.055181
0.078545

0.208673
0.269704
0.101232
0.130014
0.210635
0.264830
0.095597
0.116276
0.199823
0.254906
0.071411
0.095903
0.200588
0.248764
0.064481
0.080468
0.187962
0.237442
0.037581
0.057951
0.187532
0.229987
0.029312
0.040714
0.189832
0.227289
0.027541
0.032722
0.189085
0.218997
0.019351
0.014447
0.210924
0.251993
0.050884
0.066935
0.211058
0.244837
0.044753
0.050928
0.183414
0.265730
0.078275
0.135422
0.186738
0.262277
0.074026
0.123521
0.175350
0.252426
0.048250
0.102896
0.177454
0.247742
0.042746
0.089408
0.164112
0.236444
0.014053
0.066578
0.165011
0.230496
0.007261
0.051412
0.168256
0.228859
0.006494
0.044854
0.168931
0.222190
0.000000
0.028885
0.189254
0.252390
0.028408
0.076310
0.190793
0.246782
0.024004
0.062518
0.212221
0.293632
0.106157
0.169825
0.216113
0.291037
0.103840
0.159969
0.203573
0.280866
0.076577
0.139089
0.206442
0.277205
0.073266
0.127882
0.191922
0.265606
0.042991
0.104797
0.193787
0.260853
0.038670
0.092164
0.194008
0.257843
0.033198
0.083538
0.195765
0.252494
0.029312
0.070276
0.211097
0.278001
0.049646
0.109995
0.213735
0.273665
0.047827
0.098799

0.085878
0.153921
0.043969
0.040251
0.087618
0.148018
0.032286
0.021633
0.085464
0.142497
0.041199
0.019778
0.086995
0.135863
0.029240
0.000000
0.104093
0.165300
0.071975
0.057313
0.106589
0.159827
0.061596
0.039462
0.119478
0.185262
0.099282
0.091287
0.122956
0.180914
0.090414
0.075245
0.131712
0.202511
0.123298
0.121923
0.136193
0.199258
0.115882
0.107583
0.057377
0.149701
0.027884
0.052143
0.060628
0.145389
0.017168
0.035235
0.059027
0.140641
0.028412
0.035490
0.062166
0.135711
0.017583
0.017615
0.077386
0.162203
0.058808
0.070982
0.081484
0.158374
0.049542
0.054928
0.092324
0.180906
0.085648
0.103003
0.097408
0.178149
0.077884
0.088663
0.103932
0.196865
0.109105
0.131762
0.110033
0.195163
0.102789
0.119041
0.046724
0.154900
0.044948
0.081795
0.052746
0.152868
0.037136
0.067649
0.048602
0.146998
0.045700
0.066946
0.054510
0.144399
0.037776
0.051919
0.065170
0.166519
0.073194
0.099063
0.071952
0.164916
0.066685
0.085681
0.078239
0.183210
0.097230
0.127895
0.085940
0.182591
0.092091
0.116069
0.087885
0.197173
0.117961
0.153631
0.096555
0.197534
0.114157
0.143282

0.077955
0.173536
0.069770
0.096602
0.093677
0.188837
0.079172
0.111983
0.068167
0.157643
0.044278
0.065127
0.083402
0.173181
0.053370
0.081181
0.072162
0.148759
0.044993
0.047245
0.087981
0.165195
0.055529
0.065058
0.072730
0.136907
0.041928
0.025581
0.089227
0.154346
0.053967
0.045267
0.069911
0.122027
0.035090
0.000000
0.087183
0.140580
0.048700
0.021688
0.086251
0.188775
0.072874
0.116692
0.100304
0.202574
0.080084
0.129872
0.073934
0.172312
0.045690
0.085825
0.087518
0.186312
0.052490
0.099541
0.077483
0.164138
0.048237
0.070720
0.091770
0.179056
0.056565
0.086155
0.077669
0.153122
0.047035
0.052004
0.092741
0.169050
0.056931
0.069253
0.074530
0.139211
0.042107
0.029564
0.090474
0.156247
0.053622
0.048738
0.111387
0.212491
0.108725
0.153689
0.125153
0.225645
0.115979
0.166054
0.098479
0.196474
0.083108
0.125140
0.111903
0.209860
0.090049
0.138024
0.099633
0.187780
0.084014
0.110634
0.113771
0.202045
0.092379
0.125098
0.097626
0.176439
0.081460
0.092821
0.112557
0.191671
0.091291
0.108955
0.092481
0.162397
0.075460
0.071595
0.108289
0.178688
0.086808
0.089501

0.260460
0.218989
0.137559
0.000000
0.276096
0.233491
0.156035
0.020057
0.272450
0.234021
0.145803
0.018709
0.287009
0.246972
0.163060
0.036524
0.291904
0.262285
0.166714
0.058903
0.305974
0.274566
0.183660
0.075866
0.308731
0.287647
0.184110
0.094771
0.322408
0.299349
0.200865
0.111016
0.338951
0.319923
0.224352
0.142473
0.351551
0.330661
0.239755
0.157348
0.243362
0.217673
0.127672
0.010502
0.259146
0.231169
0.145560
0.028346
0.254255
0.230300
0.132797
0.024375
0.268975
0.242297
0.149553
0.040107
0.273527
0.257778
0.152148
0.062389
0.287820
0.269226
0.168751
0.077508
0.290079
0.282358
0.167923
0.096151
0.304041
0.293341
0.184492
0.110777
0.321602
0.314864
0.209234
0.143478
0.334469
0.324944
0.224469
0.156865
0.234721
0.232189
0.132715
0.046998
0.251442
0.245832
0.151213
0.064443
0.245652
0.244191
0.136425
0.058824
0.261360
0.256449
0.153943
0.074388
0.263918
0.269546
0.152797
0.092474
0.279209
0.281291
0.170241
0.107530
0.279418
0.292094
0.165615
0.122088
0.294392
0.303412
0.183106
0.136753
0.311685
0.323770
0.207022
0.167306
0.325492
0.334167
0.223117
0.180742

0.172675
0.239562
0.030774
0.063708
0.174241
0.233668
0.023858
0.048146
0.191272
0.239741
0.046392
0.054745
0.191679
0.232549
0.038281
0.037473
0.229162
0.274218
0.095166
0.103364
0.229569
0.267605
0.087726
0.087461
0.264175
0.306058
0.140244
0.148263
0.264580
0.299978
0.133421
0.133621
0.296531
0.335463
0.181906
0.189728
0.296931
0.329872
0.175650
0.176247
0.144883
0.235332
0.005495
0.069351
0.147905
0.231001
0.000000
0.055778
0.167527
0.239073
0.026235
0.065328
0.169384
0.233496
0.019609
0.050177
0.207170
0.273544
0.076445
0.113043
0.208916
0.268422
0.070380
0.099098
0.243806
0.305382
0.122858
0.157115
0.245449
0.300679
0.117306
0.144281
0.277664
0.334789
0.165760
0.197822
0.279210
0.330471
0.160679
0.186010
0.174788
0.264903
0.035807
0.106694
0.178524
0.261623
0.032420
0.095422
0.196866
0.269300
0.057089
0.104656
0.199476
0.264848
0.052567
0.091887
0.234191
0.301398
0.104825
0.149266
0.236636
0.297315
0.100706
0.137522
0.268693
0.331049
0.148961
0.190477
0.270983
0.327306
0.145209
0.179675
0.300585
0.358440
0.189768
0.228548
0.302730
0.355009
0.186352
0.218614

0.162744
0.188778
0.022288
0.005808
0.176423
0.205312
0.037964
0.028512
0.171709
0.206948
0.026856
0.028975
0.184347
0.222232
0.041179
0.049860
0.178050
0.222531
0.027724
0.048293
0.189707
0.236652
0.040770
0.067484
0.181785
0.235617
0.024890
0.063882
0.192517
0.248653
0.036725
0.081493
0.215349
0.266132
0.071325
0.108270
0.225383
0.278241
0.082360
0.124585
0.145223
0.191750
0.008087
0.020962
0.158670
0.207459
0.022809
0.041906
0.152589
0.207847
0.009176
0.040118
0.165007
0.222370
0.022595
0.059369
0.157252
0.221398
0.006490
0.055527
0.168698
0.234814
0.018672
0.073198
0.159220
0.232475
0.000000
0.067283
0.169745
0.244857
0.011005
0.083477
0.194258
0.263037
0.048130
0.111235
0.204113
0.274553
0.058411
0.126250
0.172288
0.222413
0.039398
0.062598
0.185421
0.237228
0.054110
0.082406
0.177842
0.236275
0.038378
0.078650
0.190098
0.250052
0.052006
0.096987
0.180832
0.247760
0.033767
0.091203
0.192269
0.260574
0.046381
0.108177
0.181258
0.256930
0.025527
0.100336
0.191927
0.268849
0.037189
0.116045
0.214726
0.285687
0.071693
0.141728
0.224708
0.296772
0.082579
0.156297

0.096908
0.169415
0.083240
0.072096
0.113377
0.185873
0.096157
0.090621
0.083421
0.150177
0.058268
0.037898
0.100025
0.167239
0.071553
0.057553
0.066742
0.127988
0.029962
0.000000
0.083593
0.145771
0.043717
0.020927
0.085590
0.152483
0.060573
0.039919
0.102241
0.169528
0.073842
0.059536
0.101222
0.174017
0.087842
0.076135
0.117787
0.190442
0.100726
0.094584
0.104510
0.186840
0.093438
0.099223
0.119903
0.201951
0.104711
0.115620
0.089176
0.167519
0.067901
0.066459
0.104736
0.183197
0.079486
0.083857
0.070691
0.145366
0.039119
0.030205
0.086525
0.161721
0.051108
0.048732
0.086722
0.166976
0.067359
0.066723
0.102548
0.182773
0.079062
0.084166
0.099547
0.185728
0.092326
0.099739
0.115476
0.201077
0.103837
0.116226
0.125555
0.212217
0.126042
0.139435
0.140784
0.226643
0.136927
0.154640
0.109422
0.193415
0.101505
0.108982
0.124903
0.208413
0.112727
0.125121
0.090226
0.171928
0.073902
0.075297
0.106067
0.187602
0.085548
0.092489
0.102259
0.189982
0.098072
0.107469
0.118230
0.205235
0.109549
0.123738
0.111147
0.205305
0.119130
0.136386
0.127361
0.220245
0.130529
0.151851

0.196005
0.205253
0.205253
0.108129
0.201734
0.200417
0.200417
0.092126
0.183884
0.184490
0.184490
0.074377
0.188887
0.178587
0.178587
0.056741
0.168840
0.160944
0.160944
0.037341
0.173160
0.153953
0.153953
0.017985
0.161023
0.149950
0.149950
0.020189
0.165132
0.142496
0.142496
0.000000
0.199050
0.187930
0.187930
0.066802
0.202768
0.180939
0.180939
0.047997
0.169966
0.194857
0.194857
0.110923
0.177477
0.191391
0.191391
0.096238
0.158459
0.174944
0.174944
0.078482
0.165259
0.170446
0.170446
0.062227
0.143868
0.152192
0.152192
0.042792
0.150014
0.146650
0.146650
0.024888
0.137228
0.143273
0.143273
0.029040
0.143239
0.137377
0.137377
0.010470
0.177074
0.181740
0.181740
0.074934
0.182545
0.176186
0.176186
0.057622
0.151375
0.198586
0.198586
0.136708
0.161274
0.197256
0.197256
0.124404
0.141221
0.180617
0.180617
0.107213
0.150454
0.178334
0.178334
0.093468
0.127851
0.159814
0.159814
0.074603
0.136489
0.156579
0.156579
0.059354
0.121424
0.151527
0.151527
0.062073
0.129964
0.147988
0.147988
0.046230
0.162630
0.189571
0.189571
0.105745
0.170442
0.186200
0.186200
0.090965

0.173420
0.181752
0.181752
0.076022
0.179130
0.176561
0.176561
0.058345
0.161113
0.159594
0.159594
0.038585
0.166009
0.153165
0.153165
0.018958
0.156149
0.149891
0.149891
0.020714
0.160680
0.142830
0.142830
0.000000
0.194826
0.189723
0.189723
0.070612
0.199103
0.183241
0.183241
0.051478
0.230773
0.226689
0.226689
0.116857
0.234811
0.220739
0.220739
0.099180
0.181396
0.193179
0.193179
0.094469
0.187334
0.188499
0.188499
0.077771
0.167485
0.170596
0.170596
0.057826
0.172734
0.164795
0.164795
0.039313
0.161848
0.161891
0.161891
0.042918
0.166897
0.155634
0.155634
0.023547
0.200021
0.200673
0.200673
0.090894
0.204771
0.194926
0.194926
0.072988
0.235509
0.236678
0.236678
0.135378
0.239977
0.231399
0.231399
0.118826
0.198080
0.219917
0.219917
0.137272
0.204831
0.216523
0.216523
0.122643
0.183318
0.198042
0.198042
0.103110
0.189537
0.193688
0.193688
0.086871
0.176037
0.188870
0.188870
0.088937
0.182179
0.184175
0.184175
0.071972
0.213194
0.225683
0.225683
0.133524
0.218957
0.221381
0.221381
0.117845
0.247741
0.259864
0.259864
0.174870
0.253146
0.255922
0.255922
0.160379

0.184824
0.173781
0.173781
0.042126
0.202245
0.189094
0.189094
0.059074
0.170614
0.148990
0.148990
0.000000
0.188356
0.164877
0.164877
0.017944
0.177051
0.160418
0.160418
0.019537
0.194035
0.175000
0.175000
0.035288
0.180614
0.168728
0.168728
0.034936
0.196940
0.182094
0.182094
0.048598
0.216375
0.206210
0.206210
0.083363
0.231511
0.218573
0.218573
0.095964
0.163764
0.168541
0.168541
0.052522
0.181554
0.183148
0.183148
0.067461
0.150296
0.144947
0.144947
0.012370
0.168329
0.159998
0.159998
0.028089
0.155076
0.153720
0.153720
0.027540
0.172389
0.167522
0.167522
0.041159
0.156877
0.159359
0.159359
0.038651
0.173569
0.171996
0.171996
0.050259
0.194258
0.197399
0.197399
0.086637
0.209741
0.209097
0.209097
0.097347
0.149217
0.176701
0.176701
0.086567
0.168096
0.191659
0.191659
0.101154
0.137250
0.155544
0.155544
0.050415
0.156342
0.170897
0.170897
0.065701
0.141406
0.163372
0.163372
0.064036
0.159858
0.177603
0.177603
0.077428
0.142530
0.168154
0.168154
0.073854
0.160447
0.181348
0.181348
0.085437
0.180807
0.205369
0.205369
0.119008
0.197430
0.217587
0.217587
0.129702

0.189933
0.238419
0.080843
0.086121
0.204048
0.253192
0.096038
0.105582
0.180469
0.221679
0.051427
0.049957
0.194486
0.236907
0.067190
0.070621
0.168098
0.202234
0.018270
0.009974
0.182118
0.218022
0.034721
0.031989
0.176307
0.219057
0.020259
0.030780
0.189268
0.233585
0.035595
0.051100
0.197264
0.243403
0.042319
0.063331
0.209945
0.257218
0.057707
0.082785
0.167416
0.236942
0.063362
0.095958
0.181861
0.251276
0.078262
0.114174
0.159061
0.221934
0.034370
0.061802
0.173304
0.236606
0.049739
0.081072
0.147675
0.204235
0.001542
0.023916
0.161819
0.219346
0.017500
0.044378
0.154483
0.219064
0.000000
0.040678
0.167580
0.232975
0.014929
0.059586
0.175307
0.242337
0.020549
0.070656
0.188198
0.255633
0.035707
0.088892
0.196563
0.266721
0.090765
0.132450
0.210410
0.280132
0.105574
0.149684
0.187547
0.252304
0.061996
0.100083
0.201281
0.266059
0.077350
0.118339
0.175653
0.235373
0.029522
0.064208
0.189372
0.249567
0.045541
0.083618
0.180048
0.247749
0.025065
0.077568
0.192902
0.260905
0.040299
0.095657
0.197192
0.267822
0.040673
0.102958
0.209962
0.280481
0.056290
0.120542

