0.457962
0.744072
0.562379
0.185581
0.470846
0.746571
0.567055
0.122083
0.437230
0.738132
0.557036
0.061435
0.450166
0.742151
0.560087
0.055391
0.417606
0.729260
0.553855
0.019233
0.433479
0.735177
0.555621
0.029834
0.418062
0.717070
0.552247
0.001587
0.531747
0.725087
0.553100
0.010663
0.607849
0.729260
0.553855
0.055617
0.629640
0.735177
0.555621
0.036227
0.432151
0.736210
0.556061
0.050122
0.445026
0.740673
0.558756
0.047957
0.413406
0.726531
0.553329
0.013651
0.435906
0.732963
0.554831
0.024755
0.440145
0.713495
0.552022
0.000000
0.580941
0.722039
0.552703
0.006508
0.581106
0.697240
0.551573
0.046907
0.590003
0.707738
0.551766
0.003447
0.595693
0.713495
0.552022
0.310430
0.606077
0.722039
0.552703
0.144726
0.410426
0.723589
0.552892
0.245842
0.448899
0.730546
0.554154
0.097599
0.483354
0.709717
0.551850
0.025404
0.599317
0.718779
0.552382
0.008191
0.578415
0.692736
0.551536
0.090136
0.586447
0.703684
0.551674
0.013166
0.568125
0.673380
0.551505
0.334436
0.574191
0.685702
0.551511
0.181110
0.578415
0.692736
0.551536
0.380170
0.586447
0.703684
0.551674
0.383360

0.200000
0.400000
0.214518
0.400000
0.200000
0.400000
0.200730
0.398059
0.200000
0.400000
0.200077
0.315620
0.200582
0.400000
0.200001
0.054346
0.234839
0.400000
0.214518
0.010850
0.400000
0.400000
0.200730
0.000367
0.400000
0.400000
0.390033
0.000027
0.400000
0.400000
0.257957
0.000000
0.400000
0.400000
0.400000
0.000000
0.400000
0.400000
0.399983
0.000000
0.200003
0.400000
0.200013
0.400000
0.210159
0.400000
0.200000
0.400000
0.183279
0.400000
0.200000
0.400000
0.400000
0.400000
0.200000
0.399995
0.400000
0.400000
0.200013
0.388878
0.400000
0.400000
0.200000
0.131136
0.400000
0.400000
0.204845
0.032877
0.400000
0.400000
0.200171
0.001598
0.400000
0.400000
0.346404
0.000164
0.400000
0.400000
0.223928
0.000001
0.200008
0.400000
0.214518
0.400000
0.400000
0.400000
0.200730
0.400000
0.200000
0.400000
0.200077
0.400000
0.200000
0.400000
0.200001
0.400000
0.200008
0.400000
0.214518
0.400000
0.400000
0.400000
0.200730
0.400000
0.400000
0.400000
0.390033
0.399841
0.400000
0.400000
0.257957
0.253355
0.400000
0.400000
0.400000
0.086378
0.400000
0.400000
0.399983
0.005932

0.305112
0.440184
0.440184
0.401640
0.299907
0.434655
0.434655
0.400000
0.298137
0.431489
0.431489
0.399199
0.300410
0.426482
0.426482
0.398154
0.307238
0.423650
0.423650
0.397691
0.332816
0.419232
0.419232
0.397164
0.379094
0.431489
0.431489
0.399199
0.428267
0.426482
0.426482
0.001818
0.472932
0.440184
0.440184
0.001640
0.493189
0.434655
0.434655
0.000000
0.291488
0.428523
0.428523
0.398739
0.284806
0.424567
0.424567
0.397832
0.280889
0.421837
0.421837
0.397445
0.274983
0.417574
0.417574
0.397032
0.272368
0.415208
0.415208
0.396905
0.271782
0.411590
0.411590
0.396845
0.194025
0.421837
0.421837
0.397445
0.314832
0.417574
0.417574
0.397032
0.156471
0.429444
0.429444
0.398739
0.207297
0.424579
0.424579
0.397832
0.304773
0.391460
0.391460
0.401640
0.298168
0.422990
0.422990
0.400000
0.294166
0.428477
0.428477
0.399199
0.287470
0.426391
0.426391
0.398154
0.097160
0.423646
0.423646
0.397691
0.277194
0.419232
0.419232
0.397164
0.095456
0.431489
0.431489
0.399199
0.092850
0.426482
0.426482
0.398154
0.115179
0.440184
0.440184
0.401640
0.126890
0.434655
0.434655
0.400000

0.524777
0.499033
0.301088
0.388819
0.539890
0.488287
0.292999
0.401453
0.487262
0.481810
0.282182
0.348333
0.510092
0.471177
0.272334
0.372005
0.520619
0.464999
0.267054
0.260588
0.531770
0.455218
0.259929
0.399271
0.534650
0.449738
0.257028
0.005532
0.534132
0.441381
0.255274
0.016900
0.531412
0.436879
0.256481
0.014397
0.524330
0.430292
0.262976
0.016841
0.463555
0.468940
0.269158
0.330062
0.488052
0.458665
0.259422
0.355690
0.416487
0.452744
0.252758
0.285849
0.439419
0.443466
0.243552
0.313299
0.452931
0.438319
0.238537
0.330451
0.472791
0.430555
0.231312
0.357793
0.482025
0.426424
0.227836
0.372279
0.491508
0.420467
0.223905
0.391588
0.493476
0.417456
0.222930
0.000000
0.491328
0.413364
0.224221
0.107965
0.408263
0.489983
0.289996
0.280178
0.436100
0.479485
0.279527
0.303791
0.377338
0.472907
0.273143
0.244028
0.395290
0.462689
0.262725
0.262209
0.407686
0.456658
0.256671
0.275814
0.430188
0.447080
0.247122
0.302021
0.443994
0.441712
0.241832
0.319012
0.465403
0.433532
0.234009
0.347211
0.476135
0.429133
0.230073
0.362828
0.488652
0.422709
0.225164
0.384655

0.181855
0.462343
0.375940
0.012960
0.184768
0.456900
0.376756
0.009392
0.207561
0.475295
0.379541
0.022263
0.247512
0.469753
0.379734
0.018072
0.311817
0.487938
0.383916
0.032546
0.387559
0.482419
0.383422
0.030559
0.418287
0.500134
0.389179
0.054964
0.415578
0.494751
0.387961
0.115238
0.432781
0.511762
0.395400
0.234714
0.428061
0.506612
0.393442
0.422361
0.163995
0.445930
0.372258
0.002604
0.165315
0.440799
0.373697
0.000000
0.178211
0.459073
0.375142
0.011371
0.179312
0.453675
0.376100
0.014993
0.197726
0.472081
0.378573
0.046502
0.221964
0.466551
0.378930
0.155676
0.274103
0.484814
0.382742
0.300021
0.359325
0.479278
0.382425
0.421480
0.408178
0.497134
0.387776
0.440390
0.412487
0.491707
0.386741
0.435250
0.138341
0.456127
0.369724
0.010897
0.160908
0.451059
0.370916
0.023588
0.177935
0.469657
0.373902
0.074032
0.178476
0.464419
0.374400
0.239244
0.195005
0.482769
0.378747
0.376978
0.193981
0.477503
0.378507
0.424092
0.213320
0.495357
0.384403
0.439872
0.225396
0.490188
0.383398
0.434701
0.268093
0.507317
0.390955
0.451350
0.344224
0.502349
0.389180
0.445786

0.208775
0.439646
0.181349
0.008454
0.206831
0.436701
0.183030
0.005408
0.206621
0.434816
0.189309
0.343486
0.209544
0.431662
0.223620
0.000627
0.214535
0.429766
0.266052
0.398867
0.231338
0.426605
0.346756
0.395984
0.257174
0.434816
0.373474
0.403601
0.295167
0.431662
0.375748
0.400626
0.331255
0.439840
0.381002
0.408454
0.370927
0.436704
0.378841
0.405408
0.202408
0.416747
0.160045
0.402405
0.199498
0.427481
0.172186
0.000000
0.197865
0.427843
0.173653
0.397706
0.195666
0.425319
0.174672
0.394850
0.195018
0.423443
0.178072
0.393171
0.196357
0.420290
0.199941
0.390439
0.208539
0.428502
0.234596
0.397706
0.220851
0.425340
0.316857
0.394850
0.243259
0.433556
0.360826
0.402405
0.276244
0.430398
0.374903
0.399451
0.208454
0.343697
0.084859
0.408454
0.205409
0.386624
0.128760
0.405408
0.203601
0.407050
0.149859
0.403601
0.200644
0.425190
0.169292
0.400626
0.198939
0.427913
0.172953
0.398867
0.196429
0.426507
0.173998
0.395984
0.204684
0.434808
0.180504
0.403601
0.204437
0.431662
0.191715
0.400626
0.215746
0.439840
0.218239
0.408454
0.224073
0.436704
0.287619
0.405408

0.200000
0.400000
0.400000
0.400000
0.200000
0.400000
0.400000
0.400000
0.200000
0.400000
0.400000
0.399985
0.200010
0.400000
0.400000
0.400000
0.200075
0.400000
0.302831
0.000000
0.201050
0.400000
0.400000
0.000000
0.203813
0.400000
0.400000
0.399985
0.222773
0.400000
0.400000
0.400000
0.253949
0.400000
0.336698
0.400000
0.344779
0.400000
0.200017
0.400000
0.200001
0.400000
0.400000
0.400000
0.200040
0.400000
0.400000
0.400000
0.200236
0.400000
0.222303
0.400000
0.202531
0.400000
0.399930
0.400000
0.208202
0.400000
0.200001
0.400000
0.241248
0.400000
0.199963
0.400000
0.286475
0.400000
0.030145
0.400000
0.376599
0.400000
0.199930
0.400000
0.397558
0.400000
0.200000
0.400000
0.400000
0.400000
0.200000
0.400000
0.200655
0.400000
0.203105
0.400000
0.205642
0.400000
0.362290
0.400000
0.216478
0.400000
0.200000
0.400000
0.269091
0.400000
0.200088
0.400000
0.325415
0.400000
0.200000
0.400000
0.393879
0.400000
0.200000
0.400000
0.399803
0.400000
0.200000
0.400000
0.400000
0.400000
0.200088
0.400000
0.400000
0.400000
0.139803
0.400000
0.400000
0.400000
0.162307
0.400000

0.399998
0.599998
0.599998
0.452528
0.399998
0.599998
0.599998
0.428340
0.399998
0.599998
0.599998
0.413658
0.400067
0.599994
0.599994
0.408185
0.402192
0.599961
0.599961
0.007364
0.528929
0.599401
0.599401
0.164131
0.599985
0.597865
0.597865
0.000757
0.599998
0.589404
0.589404
0.000264
0.599998
0.578440
0.578440
0.000054
0.599998
0.548828
0.548828
0.000003
0.324067
0.599998
0.599998
0.413559
0.400748
0.599980
0.599980
0.405679
0.415161
0.599873
0.599873
0.403124
0.598228
0.598562
0.598562
0.400982
0.599998
0.595652
0.595652
0.400433
0.599998
0.582676
0.582676
0.400080
0.599998
0.568199
0.568199
0.017335
0.599998
0.533900
0.533900
0.357229
0.599998
0.510068
0.510068
0.000000
0.599998
0.471883
0.471883
0.000954
0.273496
0.599998
0.599998
0.452528
0.399998
0.599998
0.599998
0.428340
0.400078
0.599998
0.599998
0.418484
0.599998
0.599994
0.599994
0.408185
0.599998
0.599961
0.599961
0.404685
0.599998
0.599401
0.599401
0.401604
0.599998
0.597865
0.597865
0.400757
0.599998
0.589404
0.589404
0.400167
0.599998
0.578440
0.578440
0.085038
0.599998
0.548828
0.548828
0.399921

0.322304
0.532454
0.532454
0.129678
0.324169
0.551958
0.551958
0.054135
0.320025
0.473219
0.473219
0.007618
0.321649
0.514647
0.514647
0.010846
0.337877
0.396212
0.396212
0.009094
0.524169
0.456388
0.456388
0.015340
0.525449
0.312940
0.312940
0.023675
0.527859
0.374052
0.374052
0.023702
0.529339
0.249055
0.249055
0.139016
0.532388
0.296341
0.296341
0.053986
0.319591
0.544193
0.544193
0.033105
0.325422
0.550269
0.550269
0.061307
0.426412
0.524440
0.524440
0.000000
0.519033
0.538931
0.538931
0.017161
0.519589
0.488095
0.488095
0.000401
0.520779
0.523449
0.523449
0.010264
0.521653
0.417272
0.417272
0.006997
0.523382
0.474149
0.474149
0.013674
0.524583
0.332699
0.332699
0.017721
0.526856
0.395350
0.395350
0.021310
0.517613
0.538427
0.538427
0.192212
0.518727
0.542269
0.542269
0.153636
0.517884
0.531869
0.531869
0.025576
0.517990
0.536154
0.536154
0.054246
0.518178
0.528328
0.528328
0.001704
0.518727
0.539397
0.539397
0.021514
0.519205
0.500654
0.500654
0.005418
0.520263
0.530013
0.530013
0.011104
0.521057
0.437437
0.437437
0.117573
0.522650
0.489933
0.489933
0.034407

0.384950
0.406563
0.070464
0.455567
0.385614
0.410492
0.170053
0.461207
0.386165
0.412982
0.014311
0.064622
0.387348
0.417341
0.031481
0.470285
0.388219
0.420075
0.083975
0.073689
0.389943
0.424812
0.184372
0.079340
0.391143
0.427754
0.421783
0.082724
0.393415
0.432810
0.306841
0.488274
0.394942
0.435925
0.435925
0.491575
0.397753
0.441236
0.441236
0.496998
0.384482
0.399598
0.000000
0.444484
0.384585
0.402927
0.008677
0.449984
0.384770
0.405073
0.005073
0.453325
0.385311
0.408886
0.008938
0.458946
0.385785
0.411311
0.011714
0.078672
0.386835
0.415567
0.021318
0.468014
0.387625
0.418243
0.045719
0.471421
0.389212
0.422891
0.132341
0.477084
0.390329
0.425784
0.371821
0.480466
0.392465
0.430766
0.261641
0.486057
0.384950
0.406563
0.025204
0.455567
0.385614
0.410492
0.011378
0.461207
0.386165
0.412982
0.013069
0.464608
0.387348
0.417341
0.017342
0.470285
0.388219
0.420075
0.038715
0.473689
0.389943
0.424812
0.025698
0.479340
0.391143
0.427754
0.225119
0.482710
0.393415
0.432810
0.108965
0.488274
0.394942
0.435925
0.245050
0.491575
0.397753
0.441236
0.304208
0.496998

0.194300
0.228551
0.228551
0.197875
0.215507
0.238475
0.238475
0.197901
0.228710
0.245250
0.245244
0.197987
0.263299
0.257918
0.257918
0.188557
0.319756
0.266335
0.216324
0.012632
0.470326
0.281674
0.280476
0.000075
0.489997
0.291625
0.112650
0.201186
0.506851
0.309348
0.197193
0.193968
0.516225
0.320594
0.121349
0.205862
0.530548
0.340196
0.147188
0.210297
0.236221
0.250111
0.249816
0.198098
0.256353
0.263462
0.263462
0.045808
0.267991
0.272278
0.180659
0.000000
0.286481
0.288248
0.279210
0.000780
0.297095
0.298551
0.108830
0.002107
0.318124
0.316798
0.169920
0.005124
0.346725
0.328317
0.128579
0.008240
0.484656
0.348287
0.151344
0.012445
0.541208
0.360633
0.160634
0.216096
0.554168
0.381601
0.181643
0.070552
0.275530
0.278479
0.147680
0.199766
0.293571
0.295060
0.262821
0.201627
0.304346
0.305696
0.110364
0.203185
0.334120
0.324434
0.153665
0.196828
0.387299
0.336200
0.136280
0.023111
0.531903
0.356493
0.157725
0.014824
0.547774
0.368975
0.168975
0.218830
0.558095
0.390063
0.190073
0.216948
0.563507
0.402770
0.202770
0.232317
0.571306
0.423805
0.223805
0.242923

0.248028
0.549997
0.387515
0.047437
0.437472
0.541147
0.384992
0.037472
0.414166
0.529546
0.377885
0.031863
0.423184
0.469319
0.326181
0.023184
0.223753
0.521836
0.384351
0.018433
0.293914
0.510412
0.383078
0.011202
0.414166
0.537030
0.385369
0.032891
0.423184
0.527770
0.384631
0.023313
0.447411
0.550002
0.387521
0.059303
0.437472
0.542174
0.386018
0.040312
0.147069
0.533425
0.385027
0.030343
0.219946
0.523847
0.384436
0.020280
0.016733
0.517752
0.384229
0.015489
0.240002
0.506949
0.383879
0.008592
0.204961
0.500531
0.384019
0.007016
0.199798
0.489308
0.384009
0.000000
0.216732
0.517753
0.384229
0.034992
0.240735
0.507126
0.384055
0.013804
0.347069
0.533425
0.385027
0.128717
0.419946
0.523847
0.384436
0.058583
0.048303
0.550002
0.387521
0.078482
0.247603
0.542174
0.386018
0.046604
0.231863
0.537030
0.385369
0.035736
0.223201
0.527770
0.384631
0.023893
0.218407
0.521842
0.384357
0.049478
0.211201
0.511439
0.384104
0.020333
0.231863
0.537030
0.385369
0.169928
0.223201
0.527770
0.384631
0.081308
0.247685
0.550002
0.387521
0.370486
0.247603
0.542174
0.386018
0.243834

0.006754
0.282418
0.083617
0.406205
0.010358
0.308688
0.108854
0.406212
0.017678
0.325037
0.125075
0.404314
0.052842
0.351135
0.151136
0.020828
0.095409
0.365015
0.166214
0.006547
0.179746
0.383572
0.183738
0.006212
0.206307
0.391609
0.204595
0.006212
0.216837
0.400191
0.203405
0.006212
0.221480
0.403029
0.272849
0.006547
0.232344
0.405315
0.231730
0.006212
0.006213
0.241034
0.041046
0.405847
0.006246
0.259424
0.059424
0.406144
0.006219
0.272726
0.072726
0.405995
0.000000
0.297922
0.097922
0.398054
0.012120
0.314135
0.114147
0.406212
0.034023
0.341022
0.141023
0.115787
0.065144
0.355955
0.156530
0.010766
0.148580
0.376907
0.176971
0.006215
0.191523
0.386511
0.194192
0.406212
0.214159
0.397413
0.199103
0.115792
0.006224
0.282416
0.083615
0.406205
0.006300
0.308688
0.108854
0.406212
0.006434
0.325037
0.125075
0.406212
0.006983
0.351135
0.151136
0.406212
0.007691
0.365015
0.166214
0.406212
0.010446
0.383572
0.183738
0.406212
0.014411
0.391609
0.204595
0.406212
0.032187
0.400191
0.203405
0.361635
0.057166
0.403029
0.272849
0.406212
0.137181
0.405315
0.231730
0.406212

0.274204
0.474204
0.366567
0.470562
0.274204
0.474204
0.323572
0.195973
0.274204
0.474204
0.305362
0.097346
0.274294
0.474204
0.286838
0.074805
0.277390
0.474204
0.280954
0.074240
0.438699
0.474204
0.276215
0.074204
0.474203
0.474204
0.272408
0.074203
0.474141
0.474204
0.274360
0.074141
0.473656
0.474204
0.274248
0.073692
0.467413
0.474204
0.274206
0.067413
0.274205
0.474204
0.296368
0.474204
0.275259
0.474204
0.282586
0.474204
0.297149
0.474204
0.278477
0.474200
0.474152
0.474204
0.275359
0.337308
0.474200
0.474204
0.163732
0.148045
0.473921
0.474204
0.274273
0.076871
0.472471
0.474204
0.074222
0.072722
0.460389
0.474204
0.077921
0.060390
0.442680
0.474204
0.163275
0.116525
0.397050
0.474204
0.274204
0.000000
0.379416
0.474204
0.366567
0.474204
0.474204
0.474204
0.323572
0.474204
0.474204
0.474204
0.117680
0.474204
0.474204
0.474204
0.286834
0.474204
0.474204
0.474204
0.080954
0.474204
0.474204
0.474204
0.076466
0.452689
0.474203
0.474204
0.075064
0.261313
0.474141
0.474204
0.074360
0.086273
0.473656
0.474204
0.074248
0.473656
0.467413
0.474204
0.074457
0.445899

0.562297
0.588277
0.588277
0.004666
0.568088
0.589947
0.589947
0.003654
0.569909
0.590915
0.590915
0.204348
0.572714
0.592477
0.592477
0.058245
0.574280
0.593385
0.593385
0.206632
0.576731
0.594855
0.594855
0.224071
0.578118
0.595711
0.595711
0.295619
0.580311
0.597100
0.597100
0.588199
0.581562
0.597911
0.597911
0.609523
0.583555
0.599228
0.599228
0.610538
0.356340
0.584699
0.584699
0.000000
0.364697
0.586531
0.586531
0.001461
0.453399
0.587589
0.587589
0.004423
0.566805
0.589288
0.589288
0.056047
0.568708
0.590272
0.590272
0.405446
0.571623
0.591860
0.591860
0.411731
0.573245
0.592782
0.592782
0.605703
0.575773
0.594274
0.594274
0.606801
0.577200
0.595142
0.595142
0.607447
0.579451
0.596550
0.596550
0.608502
0.336009
0.580733
0.580733
0.008540
0.350282
0.582771
0.582771
0.136660
0.354162
0.583940
0.583940
0.537761
0.359464
0.585809
0.585809
0.453489
0.374231
0.586887
0.586887
0.601499
0.565456
0.588617
0.588617
0.602709
0.567454
0.589619
0.589619
0.603419
0.570492
0.591232
0.591232
0.604576
0.572173
0.592170
0.592170
0.605256
0.574786
0.593684
0.593684
0.606365

0.400000
0.264259
0.264259
0.000000
0.400000
0.177143
0.176328
0.000000
0.400000
0.370041
0.355793
0.000040
0.400000
0.312645
0.211243
0.000002
0.400000
0.398517
0.246174
0.000875
0.400000
0.387885
0.197204
0.000152
0.400000
0.399994
0.202809
0.006945
0.400000
0.399732
0.199982
0.002065
0.400000
0.400000
0.200041
0.032269
0.400000
0.400000
0.200000
0.012992
0.200034
0.383191
0.341529
0.000100
0.394586
0.339739
0.201964
0.000007
0.400000
0.399505
0.225745
0.001571
0.400000
0.394228
0.198502
0.000325
0.400000
0.399999
0.201148
0.010621
0.400000
0.399932
0.200010
0.003452
0.400000
0.400000
0.200010
0.044544
0.400000
0.400000
0.200000
0.019048
0.204321
0.400000
0.200000
0.129900
0.400000
0.400000
0.200000
0.069311
0.200000
0.399861
0.399861
0.002684
0.200000
0.397582
0.396766
0.000639
0.200000
0.400000
0.385752
0.015783
0.220304
0.399986
0.298583
0.005550
0.400000
0.400000
0.247657
0.060140
0.400000
0.400000
0.209319
0.027231
0.200004
0.400000
0.202815
0.160657
0.400000
0.400000
0.200250
0.090579
0.200000
0.400000
0.200041
0.297362
0.200000
0.400000
0.200001
0.211626

0.003673
0.400000
0.400000
0.000000
0.012325
0.400000
0.400000
0.000167
0.013186
0.400000
0.400000
0.000000
0.197116
0.400000
0.400000
0.000000
0.203672
0.400000
0.400000
0.000000
0.211670
0.400000
0.400000
0.000167
0.221213
0.400000
0.400000
0.005749
0.249541
0.400000
0.400000
0.310856
0.275252
0.400000
0.400000
0.399677
0.327913
0.400000
0.400000
0.200048
0.000156
0.399995
0.399995
0.040981
0.000904
0.400000
0.400000
0.399667
0.000002
0.397427
0.397427
0.000002
0.000104
0.399912
0.399912
0.001920
0.002051
0.399995
0.399995
0.040981
0.114977
0.400000
0.400000
0.399667
0.202072
0.400000
0.400000
0.232352
0.207538
0.400000
0.400000
0.200000
0.214350
0.400000
0.400000
0.200000
0.236079
0.400000
0.400000
0.200000
0.000001
0.393423
0.393423
0.400000
0.000670
0.399584
0.399584
0.400000
0.012853
0.338503
0.338503
0.191765
0.195477
0.380622
0.380622
0.400000
0.200000
0.393423
0.393423
0.400000
0.200015
0.399584
0.399584
0.400000
0.200067
0.399964
0.399964
0.400000
0.200471
0.400000
0.400000
0.400000
0.201225
0.400000
0.400000
0.399678
0.204709
0.400000
0.400000
0.200048

0.378979
0.433779
0.433779
0.587501
0.381085
0.447757
0.447757
0.594670
0.375793
0.453294
0.453294
0.595266
0.378639
0.470182
0.470182
0.599429
0.372876
0.476883
0.476883
0.598438
0.377103
0.495434
0.495434
0.200751
0.370798
0.502299
0.502299
0.198825
0.377308
0.520681
0.520681
0.113461
0.381662
0.531157
0.531157
0.405882
0.389949
0.547223
0.547223
0.002002
0.374473
0.411900
0.411900
0.565900
0.376813
0.421823
0.421823
0.577953
0.370183
0.424667
0.424667
0.581130
0.373049
0.438023
0.438023
0.589302
0.365044
0.442567
0.442567
0.590130
0.368979
0.459063
0.459063
0.411593
0.358619
0.464846
0.464846
0.394404
0.364792
0.483432
0.483432
0.000000
0.368367
0.494767
0.494767
0.398124
0.374610
0.513436
0.513436
0.399728
0.368986
0.428670
0.428670
0.583937
0.372051
0.442866
0.442866
0.591207
0.363594
0.447783
0.447783
0.591525
0.367940
0.464930
0.464930
0.595801
0.356618
0.470893
0.470893
0.594501
0.363713
0.489754
0.489754
0.596936
0.331804
0.495724
0.495724
0.594668
0.358272
0.514486
0.514486
0.509445
0.365404
0.525168
0.525168
0.401945
0.376559
0.541544
0.541544
0.398187

0.400000
0.400000
0.279396
0.400000
0.400000
0.400000
0.230043
0.400000
0.400000
0.400000
0.214612
0.400000
0.400000
0.400000
0.203515
0.400000
0.400000
0.400000
0.201284
0.400000
0.400000
0.400000
0.200170
0.131135
0.400000
0.400000
0.200038
0.002054
0.400000
0.400000
0.200001
0.000000
0.400000
0.400000
0.201284
0.000000
0.400000
0.400000
0.200170
0.000000
0.200011
0.400000
0.208556
0.400000
0.284707
0.400000
0.201822
0.400000
0.400000
0.400000
0.200606
0.400000
0.400000
0.400000
0.200064
0.400000
0.400000
0.400000
0.200012
0.400000
0.400000
0.400000
0.200000
0.400000
0.399965
0.400000
0.000133
0.399965
0.396117
0.400000
0.200000
0.392386
0.400000
0.400000
0.200012
0.039111
0.400000
0.400000
0.200000
0.000008
0.200000
0.400000
0.279396
0.400000
0.200000
0.400000
0.230043
0.400000
0.200000
0.400000
0.214612
0.400000
0.204216
0.400000
0.203515
0.400000
0.381644
0.400000
0.001284
0.400000
0.400000
0.400000
0.101656
0.400000
0.400000
0.400000
0.000038
0.400000
0.400000
0.400000
0.000001
0.400000
0.400000
0.400000
0.001284
0.400000
0.400000
0.400000
0.101656
0.400000

0.011877
0.400000
0.400000
0.001170
0.025948
0.400000
0.400000
0.059231
0.008316
0.399871
0.399871
0.000000
0.152231
0.399996
0.399996
0.000055
0.200286
0.395344
0.395344
0.000000
0.201276
0.399373
0.399373
0.000000
0.202566
0.399871
0.252965
0.000000
0.207017
0.399996
0.200004
0.000055
0.211876
0.400000
0.400000
0.001170
0.225601
0.400000
0.400000
0.059231
0.001625
0.399617
0.399617
0.390251
0.004792
0.399981
0.399981
0.400000
0.000167
0.391363
0.391363
0.006577
0.000800
0.398474
0.343232
0.182946
0.000945
0.352973
0.155557
0.000001
0.054369
0.381422
0.181422
0.000453
0.183778
0.391363
0.191363
0.006577
0.200762
0.398474
0.198474
0.182946
0.201625
0.399617
0.202202
0.390251
0.204792
0.399981
0.199981
0.400000
0.000081
0.385322
0.385322
0.400000
0.000781
0.396703
0.396703
0.400000
0.005751
0.338142
0.338142
0.399994
0.145236
0.371778
0.371778
0.400000
0.199964
0.274760
0.274760
0.030073
0.200000
0.314053
0.314053
0.350299
0.200001
0.338142
0.191236
0.399994
0.200022
0.371778
0.171785
0.400000
0.200081
0.385322
0.385322
0.400000
0.200434
0.396703
0.396703
0.400000

0.200001
0.400000
0.400000
0.000020
0.200606
0.400000
0.393684
0.000000
0.177663
0.400000
0.215393
0.000000
0.392617
0.400000
0.200004
0.000000
0.225051
0.400000
0.400000
0.000020
0.303075
0.400000
0.393684
0.000000
0.200841
0.400000
0.400000
0.002331
0.208178
0.400000
0.400000
0.000157
0.225051
0.400000
0.400000
0.053689
0.303075
0.400000
0.400000
0.008708
0.125277
0.400000
0.200833
0.005728
0.196457
0.400000
0.200000
0.000506
0.012113
0.400000
0.200000
0.000083
0.063418
0.400000
0.200000
0.000001
0.002025
0.400000
0.200833
0.005728
0.109126
0.400000
0.200000
0.000506
0.199752
0.400000
0.400000
0.097531
0.200044
0.400000
0.252368
0.019026
0.200285
0.400000
0.400000
0.373954
0.203513
0.400000
0.400000
0.201247
0.005415
0.400000
0.400000
0.162186
0.035536
0.400000
0.393684
0.038688
0.011758
0.400000
0.215393
0.012989
0.194239
0.400000
0.200004
0.001438
0.200000
0.400000
0.400000
0.162186
0.200010
0.400000
0.393684
0.038688
0.200000
0.400000
0.400000
0.395504
0.200000
0.400000
0.400000
0.283520
0.200000
0.400000
0.400000
0.400000
0.200010
0.400000
0.400000
0.399953

0.187418
0.439571
0.354897
0.201009
0.192091
0.445018
0.356774
0.192095
0.180375
0.430810
0.352584
0.380375
0.193985
0.436289
0.353930
0.374301
0.387109
0.439571
0.354897
0.387418
0.392091
0.445018
0.356774
0.392091
0.394985
0.448265
0.358060
0.394985
0.399940
0.453626
0.360463
0.000000
0.402985
0.456807
0.362060
0.002985
0.408163
0.462035
0.364973
0.008163
0.178726
0.428619
0.352138
0.178707
0.333869
0.434098
0.353352
0.182949
0.372437
0.419900
0.350869
0.173184
0.376278
0.425339
0.351566
0.176278
0.378707
0.428619
0.352138
0.378707
0.382949
0.434098
0.353352
0.229393
0.385605
0.437384
0.354239
0.385605
0.390199
0.442844
0.355984
0.390199
0.393049
0.446103
0.357190
0.393049
0.397939
0.451490
0.359463
0.093872
0.370976
0.417739
0.350677
0.184568
0.374710
0.423159
0.351250
0.174713
0.365593
0.409212
0.350362
0.365593
0.368870
0.414517
0.350477
0.358460
0.370976
0.417739
0.350677
0.370976
0.374710
0.423159
0.351250
0.374710
0.377077
0.426432
0.351744
0.377077
0.381224
0.431906
0.352827
0.381224
0.383825
0.435194
0.353634
0.383825
0.388337
0.440663
0.355246
0.388337

0.193659
0.320003
0.135580
0.183119
0.274295
0.366794
0.177434
0.177971
0.346084
0.246729
0.055260
0.144138
0.344087
0.290442
0.096861
0.137061
0.316319
0.218166
0.024167
0.126121
0.311731
0.258042
0.064817
0.115276
0.270342
0.198018
0.006187
0.106696
0.275489
0.230419
0.042572
0.094989
0.218274
0.184405
0.000000
0.087974
0.235196
0.206914
0.030075
0.077515
0.157803
0.359728
0.167204
0.152534
0.142706
0.400001
0.206069
0.154259
0.130718
0.289056
0.095141
0.100053
0.154131
0.328981
0.136605
0.100465
0.235966
0.247034
0.056540
0.084571
0.290213
0.286507
0.100864
0.081199
0.267631
0.208474
0.026819
0.071814
0.266413
0.243012
0.069845
0.066878
0.232500
0.175098
0.008118
0.061576
0.241841
0.201559
0.046603
0.056753
0.188810
0.396871
0.212448
0.188850
0.174188
0.427385
0.238025
0.202543
0.164047
0.341170
0.149701
0.123805
0.148163
0.375288
0.181707
0.132329
0.136700
0.299734
0.105735
0.104386
0.133834
0.339025
0.145799
0.106126
0.171127
0.257321
0.065489
0.088176
0.295043
0.297357
0.109509
0.085526
0.275827
0.217665
0.033260
0.074761
0.272339
0.253800
0.076961
0.070033

0.344617
0.432072
0.232426
0.077757
0.368386
0.439994
0.241154
0.109509
0.379087
0.445072
0.180342
0.124496
0.391123
0.454015
0.059071
0.319478
0.395637
0.459632
0.267583
0.550316
0.400676
0.469331
0.284911
0.559374
0.403093
0.475306
0.297591
0.563498
0.407170
0.485425
0.323244
0.569207
0.409883
0.491542
0.341538
0.572162
0.415012
0.501707
0.376594
0.576470
0.285035
0.418473
0.026011
0.000000
0.315504
0.424883
0.024959
0.439776
0.333413
0.429105
0.029307
0.463100
0.359716
0.436741
0.037486
0.497764
0.372263
0.441661
0.050618
0.514860
0.387095
0.450371
0.053996
0.536365
0.392808
0.455868
0.261763
0.545484
0.398899
0.465407
0.276067
0.556162
0.401501
0.471312
0.288929
0.560827
0.405490
0.481360
0.312268
0.567058
0.234514
0.408046
0.208063
0.329098
0.257187
0.412865
0.212867
0.361946
0.273397
0.416134
0.149291
0.384182
0.303236
0.422224
0.022276
0.423761
0.321575
0.426259
0.226367
0.447681
0.349904
0.433599
0.234058
0.484717
0.364201
0.438354
0.239288
0.503807
0.382042
0.446815
0.249363
0.528787
0.389227
0.452182
0.256468
0.539685
0.396832
0.461541
0.270712
0.552429

0.399955
0.546722
0.546722
0.000853
0.399955
0.521855
0.521855
0.001076
0.399955
0.467098
0.467098
0.000043
0.400033
0.471976
0.471976
0.000000
0.402725
0.377372
0.377372
0.000713
0.551933
0.443814
0.443814
0.000173
0.599955
0.541523
0.541523
0.003390
0.599955
0.555384
0.555384
0.001400
0.599955
0.593636
0.593636
0.010925
0.599955
0.587204
0.587204
0.006323
0.399955
0.494282
0.494282
0.003872
0.400873
0.468407
0.468407
0.012715
0.227408
0.454318
0.454318
0.000270
0.599462
0.435703
0.435703
0.001636
0.599954
0.473593
0.473593
0.000002
0.599945
0.466016
0.466016
0.000049
0.599955
0.537614
0.537614
0.000747
0.599955
0.510823
0.510823
0.001756
0.599955
0.573337
0.573337
0.006283
0.599955
0.552864
0.552864
0.013652
0.292576
0.548083
0.548083
0.035176
0.599955
0.521889
0.521889
0.078918
0.399955
0.505280
0.505280
0.006454
0.399951
0.478379
0.478379
0.019359
0.399962
0.548002
0.548002
0.001360
0.599955
0.521888
0.521888
0.003141
0.599955
0.579705
0.579705
0.009801
0.599955
0.561786
0.561786
0.020760
0.599955
0.594997
0.594997
0.045247
0.599955
0.587239
0.587239
0.084165

0.378835
0.321531
0.321531
0.205567
0.474893
0.303531
0.303531
0.202340
0.272207
0.293214
0.293214
0.200978
0.284689
0.276996
0.276996
0.199541
0.337120
0.267923
0.267923
0.199113
0.427629
0.254010
0.254010
0.198988
0.419855
0.246431
0.246431
0.199197
0.401583
0.235128
0.235128
0.199884
0.390272
0.229156
0.229156
0.200431
0.371082
0.220544
0.220544
0.201440
0.304326
0.359491
0.359491
0.216166
0.308421
0.340290
0.340290
0.210129
0.292362
0.328960
0.328960
0.207223
0.282317
0.310620
0.310620
0.053254
0.275787
0.300047
0.300047
0.001841
0.272943
0.283326
0.283326
0.000000
0.296841
0.273914
0.273914
0.199365
0.410886
0.259388
0.259388
0.048733
0.426469
0.251418
0.251418
0.199037
0.408993
0.239447
0.239447
0.199568
0.301392
0.397836
0.397836
0.233070
0.307071
0.378792
0.378792
0.223789
0.305482
0.367219
0.367219
0.219020
0.300218
0.347936
0.347936
0.212360
0.295789
0.336492
0.336492
0.209102
0.286563
0.317860
0.317860
0.204820
0.280121
0.307056
0.307056
0.202886
0.271214
0.289868
0.289868
0.200611
0.277082
0.280134
0.280134
0.199752
0.363469
0.265016
0.265016
0.199033

0.284377
0.296001
0.296001
0.005796
0.279724
0.311931
0.311931
0.004493
0.277020
0.322285
0.322285
0.003661
0.272819
0.324972
0.324972
0.002384
0.270591
0.353079
0.353079
0.001759
0.267647
0.370806
0.370806
0.000894
0.106622
0.391709
0.391709
0.004902
0.277772
0.403486
0.403486
0.002530
0.297018
0.421010
0.421010
0.021843
0.300422
0.425489
0.425489
0.008079
0.274857
0.257661
0.257661
0.000000
0.270113
0.267307
0.267307
0.000026
0.267170
0.274877
0.274877
0.000230
0.262636
0.290291
0.290291
0.000281
0.065163
0.300971
0.300971
0.002603
0.191760
0.320342
0.320342
0.000492
0.068263
0.342606
0.342606
0.027213
0.065254
0.361253
0.361253
0.007052
0.083780
0.382755
0.382755
0.142156
0.213324
0.396286
0.396286
0.054533
0.262023
0.296001
0.296001
0.047706
0.279724
0.311941
0.311941
0.016073
0.077888
0.322706
0.322706
0.008339
0.122003
0.341682
0.341682
0.003159
0.070591
0.353079
0.353079
0.043669
0.067683
0.370817
0.370817
0.012474
0.081630
0.391709
0.391709
0.192692
0.081086
0.403486
0.403486
0.082559
0.097018
0.421010
0.421010
0.379589
0.100458
0.425489
0.425489
0.275610

0.334408
0.430517
0.381914
0.007042
0.404576
0.428277
0.379425
0.004576
0.403088
0.426921
0.377951
0.289972
0.400595
0.424642
0.375544
0.000596
0.407042
0.430517
0.381914
0.407042
0.404576
0.428277
0.379425
0.404576
0.410949
0.434047
0.385944
0.410949
0.408513
0.431848
0.383420
0.408513
0.414797
0.437511
0.389998
0.414803
0.412400
0.435354
0.387463
0.412400
0.202094
0.426012
0.376980
0.402092
0.200903
0.423723
0.374606
0.000000
0.227665
0.422337
0.373240
0.398088
0.395567
0.420008
0.371222
0.395568
0.402092
0.426012
0.376980
0.402092
0.399593
0.423723
0.374606
0.399593
0.352546
0.429624
0.380915
0.406058
0.403585
0.427374
0.378441
0.403585
0.209979
0.433171
0.384933
0.409977
0.214643
0.430962
0.382415
0.407533
0.207042
0.430517
0.381914
0.407042
0.204576
0.428277
0.379425
0.404576
0.203088
0.426921
0.377951
0.403088
0.200702
0.424642
0.375544
0.400595
0.035316
0.430517
0.381914
0.407042
0.386072
0.428277
0.379425
0.404576
0.210949
0.434047
0.385944
0.410949
0.208943
0.431848
0.383420
0.408513
0.214803
0.437511
0.389998
0.414803
0.212400
0.435354
0.387463
0.412400

0.200759
0.425975
0.425975
0.199949
0.207749
0.496737
0.496737
0.199998
0.223742
0.318179
0.318179
0.199946
0.298809
0.383040
0.383040
0.067960
0.363299
0.426406
0.426406
0.002756
0.408323
0.496740
0.496740
0.000000
0.417072
0.532395
0.532395
0.200124
0.443965
0.573774
0.573774
0.068834
0.470048
0.587547
0.587547
0.201853
0.526144
0.597490
0.597490
0.205689
0.199946
0.510651
0.510651
0.200158
0.199989
0.575719
0.575719
0.010574
0.200223
0.453764
0.453764
0.000156
0.203313
0.521277
0.521277
0.000068
0.211481
0.551839
0.551839
0.000301
0.260244
0.583772
0.583772
0.001433
0.320903
0.593050
0.593050
0.003186
0.400382
0.598845
0.598845
0.008402
0.410952
0.599674
0.599674
0.214211
0.430874
0.599931
0.599931
0.040531
0.199948
0.595974
0.595974
0.204629
0.199986
0.599497
0.599497
0.212080
0.200103
0.567425
0.567425
0.200603
0.200929
0.590611
0.590611
0.070380
0.202445
0.596405
0.596405
0.007436
0.210081
0.599500
0.599500
0.012081
0.222225
0.599853
0.599853
0.219931
0.276899
0.599942
0.599942
0.109521
0.347663
0.599945
0.599945
0.261073
0.503074
0.599946
0.599946
0.306954

0.458789
0.473500
0.473500
0.137377
0.458819
0.477620
0.477620
0.145618
0.458896
0.480370
0.480370
0.150611
0.459187
0.485163
0.485163
0.158938
0.459487
0.488701
0.488701
0.163930
0.460243
0.494618
0.494618
0.172098
0.460873
0.498416
0.498416
0.178367
0.462256
0.505129
0.505129
0.070603
0.463302
0.509370
0.509370
0.016822
0.465438
0.516752
0.516752
0.001363
0.458985
0.482317
0.482317
0.157144
0.459375
0.487581
0.487581
0.162628
0.459748
0.491004
0.491004
0.167277
0.460648
0.497130
0.497130
0.175327
0.461374
0.501046
0.501046
0.183292
0.462934
0.507939
0.507939
0.000000
0.264115
0.512278
0.512278
0.034508
0.418189
0.519804
0.519804
0.008885
0.468096
0.524474
0.524474
0.229753
0.471303
0.532464
0.532464
0.098522
0.460064
0.493393
0.493393
0.240281
0.461115
0.499721
0.499721
0.196216
0.461660
0.503750
0.503750
0.189863
0.463689
0.510816
0.510816
0.191799
0.264971
0.515246
0.515246
0.265085
0.276891
0.522906
0.522906
0.220031
0.269312
0.527642
0.527642
0.496529
0.272745
0.535718
0.535718
0.233520
0.275079
0.540647
0.540647
0.419090
0.288799
0.548945
0.548945
0.385828

0.407425
0.496371
0.119818
0.207072
0.420245
0.454225
0.078435
0.219076
0.389957
0.414057
0.047507
0.187946
0.404187
0.375737
0.000000
0.199799
0.376593
0.544273
0.314329
0.170031
0.393183
0.492459
0.149238
0.181033
0.370751
0.626755
0.471796
0.154797
0.391060
0.595933
0.425867
0.163877
0.405498
0.673214
0.506568
0.175638
0.433374
0.669190
0.497408
0.182928
0.383329
0.530831
0.158237
0.184626
0.395122
0.524173
0.148629
0.195346
0.366000
0.490226
0.126130
0.165871
0.377316
0.455883
0.085942
0.176540
0.351689
0.581224
0.232449
0.151761
0.362939
0.576570
0.216881
0.160035
0.342409
0.614188
0.361831
0.145663
0.354745
0.630714
0.296911
0.148131
0.363865
0.651037
0.499563
0.180824
0.382386
0.665461
0.467385
0.173764
0.361668
0.501009
0.139761
0.171264
0.372133
0.519897
0.152084
0.176052
0.346799
0.501473
0.161208
0.148887
0.355853
0.506308
0.150135
0.156397
0.334692
0.530934
0.336596
0.146414
0.342392
0.562210
0.249008
0.146506
0.326030
0.552048
0.439590
0.165355
0.333052
0.586028
0.454474
0.150162
0.338346
0.604620
0.473581
0.237761
0.349409
0.630837
0.489075
0.200987

0.338627
0.380202
0.380202
0.397733
0.350305
0.382316
0.382316
0.399162
0.353878
0.383533
0.383533
0.000000
0.358657
0.385486
0.385486
0.071720
0.361107
0.386616
0.386616
0.002163
0.364740
0.388435
0.388435
0.003468
0.366716
0.389491
0.389491
0.004234
0.369752
0.391197
0.192367
0.075842
0.371446
0.392190
0.392190
0.406220
0.374096
0.393798
0.393798
0.407422
0.355921
0.384326
0.384326
0.400550
0.360317
0.386243
0.386243
0.401898
0.362619
0.387353
0.387353
0.402689
0.366072
0.389142
0.389142
0.403980
0.367966
0.390181
0.390181
0.004842
0.370891
0.391861
0.191863
0.405662
0.372530
0.392840
0.192840
0.406704
0.375103
0.394425
0.194425
0.407894
0.376563
0.395351
0.395351
0.408595
0.378877
0.396854
0.196856
0.409741
0.364051
0.388077
0.388077
0.403210
0.367347
0.389838
0.389838
0.404487
0.169168
0.390861
0.390861
0.405237
0.171992
0.392516
0.392516
0.406463
0.373582
0.393481
0.393481
0.407184
0.376082
0.395045
0.395045
0.408362
0.377505
0.395958
0.395958
0.409056
0.379765
0.397442
0.198611
0.410192
0.381061
0.398310
0.398310
0.410861
0.383132
0.399722
0.399722
0.411956

0.599997
0.599997
0.599997
0.009730
0.599997
0.599987
0.599987
0.000000
0.599997
0.599591
0.599591
0.199997
0.599997
0.583544
0.583544
0.171314
0.599997
0.599997
0.599997
0.200021
0.599997
0.599987
0.599987
0.199998
0.599997
0.599997
0.599997
0.201148
0.599997
0.599997
0.599997
0.200125
0.599997
0.599997
0.599997
0.215337
0.599997
0.599997
0.599997
0.203372
0.400186
0.599997
0.599997
0.002393
0.599997
0.599997
0.599997
0.000328
0.599997
0.599997
0.599997
0.000633
0.599997
0.599997
0.599997
0.000000
0.599997
0.599997
0.599997
0.202393
0.599997
0.599997
0.599997
0.033619
0.599997
0.599997
0.599997
0.225930
0.599997
0.599997
0.599997
0.206417
0.599997
0.599997
0.599997
0.339403
0.599997
0.599997
0.599997
0.252740
0.399997
0.599997
0.599997
0.051764
0.399997
0.599997
0.599997
0.011608
0.399998
0.599997
0.599997
0.204684
0.536362
0.599997
0.599997
0.172090
0.599997
0.599997
0.599997
0.242054
0.599997
0.599997
0.599997
0.211605
0.470886
0.599997
0.599997
0.389479
0.599997
0.599997
0.599997
0.280402
0.399997
0.599997
0.599997
0.573391
0.399997
0.599997
0.599997
0.471528

0.079126
0.344653
0.164975
0.075983
0.075819
0.379613
0.202177
0.066174
0.047567
0.266691
0.091535
0.054642
0.081801
0.304376
0.134531
0.044030
0.213211
0.176443
0.010654
0.036344
0.214452
0.217820
0.060130
0.026496
0.171899
0.161658
0.009557
0.020846
0.185519
0.181218
0.039475
0.012629
0.220747
0.223781
0.057992
0.036344
0.228721
0.244635
0.086945
0.026496
0.050672
0.387626
0.214371
0.058695
0.241858
0.429126
0.261916
0.054453
0.230574
0.277904
0.115162
0.035211
0.222665
0.331803
0.177783
0.028864
0.210799
0.157881
0.009779
0.018072
0.206684
0.211893
0.074604
0.011475
0.187046
0.139087
0.008749
0.005635
0.190383
0.181555
0.063347
0.000000
0.212216
0.243107
0.095005
0.018072
0.210214
0.280916
0.143627
0.011475
0.273899
0.415502
0.235825
0.099933
0.261894
0.464253
0.286818
0.101548
0.254001
0.307921
0.132765
0.065782
0.242753
0.364150
0.194305
0.062416
0.235052
0.199014
0.033225
0.040392
0.225858
0.249946
0.092256
0.034396
0.215924
0.164203
0.012102
0.021859
0.210481
0.219029
0.077287
0.015184
0.235161
0.284659
0.118871
0.040414
0.226318
0.340969
0.183279
0.034397

0.251886
0.434855
0.434855
0.201449
0.250335
0.432936
0.432936
0.010384
0.078934
0.431761
0.431761
0.008754
0.246631
0.429763
0.429763
0.005929
0.246956
0.428539
0.428539
0.192604
0.248747
0.426454
0.426454
0.001059
0.261103
0.425175
0.425175
0.399087
0.356182
0.422992
0.422992
0.395556
0.433530
0.428539
0.428539
0.404159
0.445162
0.426454
0.426454
0.401058
0.054867
0.430968
0.430968
0.407641
0.198150
0.428949
0.428949
0.404756
0.046735
0.427712
0.427712
0.402943
0.055251
0.425604
0.425604
0.000000
0.090592
0.424309
0.424309
0.397716
0.361527
0.422100
0.422100
0.394027
0.439931
0.420742
0.420742
0.391548
0.438921
0.418418
0.418418
0.385980
0.443476
0.424309
0.424309
0.397716
0.441754
0.422100
0.422100
0.394027
0.053901
0.434855
0.434855
0.413005
0.077178
0.432936
0.432936
0.410384
0.134454
0.431761
0.431761
0.408754
0.243782
0.429763
0.429763
0.405929
0.246811
0.428539
0.428539
0.404159
0.245201
0.426454
0.426454
0.401058
0.245146
0.425175
0.425175
0.399087
0.300293
0.422992
0.422992
0.395556
0.433697
0.428539
0.428539
0.404159
0.445162
0.426454
0.426454
0.401058

0.220200
0.285528
0.237936
0.009708
0.222681
0.298609
0.197820
0.005802
0.219010
0.302980
0.153059
0.002604
0.222554
0.317555
0.114400
0.008106
0.225029
0.326545
0.106916
0.011295
0.229859
0.341679
0.111153
0.015843
0.233238
0.350537
0.118422
0.018113
0.239778
0.353715
0.121728
0.021262
0.244291
0.373921
0.142528
0.022866
0.252861
0.387254
0.156952
0.025088
0.216075
0.263010
0.086065
0.119718
0.218046
0.273617
0.056883
0.039330
0.213471
0.276447
0.041357
0.011216
0.216040
0.289191
0.049650
0.000095
0.217763
0.297354
0.058010
0.000872
0.221056
0.311650
0.073907
0.005859
0.223347
0.320537
0.083881
0.009201
0.227813
0.335622
0.100648
0.014144
0.230938
0.344705
0.110645
0.019106
0.235361
0.359619
0.126946
0.018764
0.212208
0.245859
0.188154
0.323289
0.214160
0.253762
0.144696
0.242443
0.208911
0.254737
0.084630
0.160629
0.211142
0.264928
0.049974
0.058233
0.212519
0.271685
0.041944
0.024151
0.214973
0.283956
0.045154
0.001929
0.216596
0.291872
0.052271
0.000000
0.219667
0.305841
0.067384
0.003640
0.221791
0.314592
0.077213
0.051474
0.225921
0.329565
0.093942
0.024467

0.369082
0.541106
0.541106
0.421350
0.371757
0.528002
0.528002
0.144873
0.369938
0.513836
0.513836
0.013185
0.511601
0.499062
0.499062
0.009430
0.557717
0.484126
0.484126
0.004376
0.559044
0.469467
0.469467
0.004264
0.559145
0.461020
0.461020
0.006516
0.557942
0.447908
0.447908
0.005308
0.556269
0.440771
0.440771
0.405941
0.551685
0.430298
0.430298
0.134746
0.362761
0.506528
0.506528
0.409211
0.364712
0.491612
0.491612
0.407930
0.355752
0.476650
0.476650
0.403068
0.356768
0.462292
0.462292
0.398832
0.346193
0.447819
0.447819
0.036892
0.398911
0.435552
0.435552
0.000000
0.526597
0.428977
0.428977
0.400754
0.538188
0.419485
0.419485
0.397695
0.534110
0.414705
0.414705
0.402975
0.525305
0.408253
0.408253
0.404381
0.356900
0.533625
0.533625
0.415648
0.360460
0.520758
0.520758
0.411696
0.355663
0.505932
0.505932
0.405265
0.498764
0.491429
0.491429
0.403648
0.537233
0.475731
0.475731
0.398218
0.543535
0.461388
0.461388
0.398258
0.544870
0.453116
0.453116
0.398595
0.545105
0.440275
0.440275
0.399527
0.544088
0.433290
0.433290
0.400238
0.540388
0.423055
0.423055
0.401569

0.200000
0.400000
0.400000
0.000000
0.200000
0.400000
0.400000
0.000000
0.200000
0.400000
0.400000
0.000035
0.200347
0.400000
0.400000
0.000000
0.218581
0.400000
0.400000
0.021249
0.400000
0.400000
0.400000
0.000568
0.400000
0.400000
0.400000
0.393704
0.400000
0.400000
0.400000
0.111730
0.400000
0.400000
0.400000
0.400000
0.400000
0.400000
0.219674
0.400000
0.000011
0.400000
0.400000
0.000239
0.071676
0.400000
0.400000
0.000001
0.323289
0.400000
0.400000
0.067571
0.400000
0.400000
0.400000
0.002749
0.400000
0.400000
0.400000
0.399985
0.400000
0.400000
0.400000
0.246681
0.400000
0.400000
0.400000
0.400000
0.400000
0.400000
0.200014
0.400000
0.400000
0.400000
0.200000
0.400000
0.400000
0.400000
0.200000
0.400000
0.199878
0.400000
0.400000
0.173000
0.200000
0.400000
0.400000
0.011185
0.200000
0.400000
0.400000
0.400000
0.203230
0.400000
0.400000
0.370063
0.363676
0.400000
0.400000
0.400000
0.400000
0.400000
0.400000
0.400000
0.400000
0.400000
0.400000
0.400000
0.400000
0.400000
0.400000
0.400000
0.400000
0.400000
0.400000
0.400000
0.400000
0.400000
0.219674
0.400000

0.196639
0.407072
0.354852
0.013075
0.219364
0.382657
0.331393
0.001908
0.400740
0.370697
0.317363
0.005908
0.398276
0.326130
0.273439
0.000160
0.405466
0.303374
0.249312
0.006428
0.402688
0.246828
0.193181
0.002933
0.409925
0.221359
0.166871
0.010013
0.407103
0.168159
0.113905
0.007145
0.414276
0.148408
0.093738
0.014397
0.410897
0.108873
0.054290
0.011604
0.191239
0.417114
0.367089
0.043621
0.188598
0.409838
0.361579
0.019192
0.195545
0.411463
0.359597
0.016853
0.194141
0.391681
0.340872
0.003651
0.282906
0.382879
0.329782
0.006740
0.397180
0.343126
0.290741
0.000000
0.204361
0.322513
0.268602
0.005875
0.251931
0.267571
0.214126
0.002023
0.408810
0.241864
0.187458
0.008987
0.406009
0.186515
0.132385
0.006046
0.196639
0.424349
0.372128
0.120771
0.219364
0.421272
0.370008
0.077308
0.340761
0.427835
0.374500
0.064645
0.398276
0.422189
0.369497
0.036565
0.205466
0.425365
0.371303
0.032679
0.205142
0.409736
0.356089
0.017045
0.209928
0.403808
0.349319
0.019242
0.207137
0.369257
0.315004
0.011229
0.214396
0.351037
0.296367
0.016711
0.214057
0.298783
0.244200
0.012356

0.302808
0.353530
0.353530
0.011674
0.307082
0.359222
0.359222
0.017476
0.309767
0.362664
0.362664
0.020943
0.314419
0.368437
0.368437
0.026760
0.317306
0.371918
0.371918
0.031721
0.322258
0.377745
0.377745
0.124701
0.325307
0.381251
0.381251
0.380460
0.330503
0.387107
0.387107
0.444784
0.333682
0.390623
0.390623
0.448116
0.339074
0.396485
0.396485
0.453621
0.295189
0.342358
0.342358
0.000000
0.298823
0.347905
0.347905
0.006445
0.301176
0.351271
0.351271
0.018854
0.305341
0.356938
0.356938
0.071388
0.307968
0.360367
0.360367
0.218025
0.312533
0.366122
0.366122
0.224397
0.315374
0.369596
0.369596
0.427837
0.320257
0.375411
0.375411
0.236360
0.323268
0.378913
0.378913
0.436932
0.328408
0.384763
0.384763
0.442552
0.289624
0.331558
0.331558
0.033370
0.292013
0.336904
0.336904
0.382893
0.293855
0.340165
0.340165
0.397656
0.297322
0.345676
0.345676
0.403509
0.299594
0.349024
0.349024
0.407013
0.303641
0.354664
0.354664
0.412836
0.306206
0.358079
0.358079
0.416318
0.310681
0.363815
0.363815
0.422096
0.313472
0.367279
0.367279
0.425545
0.318282
0.373082
0.373082
0.431261

0.399847
0.490112
0.376067
0.000838
0.399777
0.459855
0.428118
0.000021
0.399859
0.509842
0.320861
0.000676
0.399890
0.433654
0.278497
0.000098
0.400654
0.446261
0.246786
0.003156
0.443977
0.335789
0.139777
0.001269
0.569944
0.566492
0.377511
0.009783
0.599859
0.503351
0.348195
0.005001
0.599859
0.596327
0.482281
0.024322
0.599859
0.584920
0.553183
0.014023
0.399463
0.447061
0.252741
0.011010
0.398683
0.431016
0.257749
0.003416
0.404553
0.480853
0.281054
0.001505
0.525713
0.455584
0.257458
0.000185
0.599533
0.510194
0.310195
0.000457
0.599851
0.448596
0.248634
0.000000
0.599859
0.557772
0.357972
0.003847
0.599859
0.532626
0.334499
0.001137
0.599859
0.583387
0.389068
0.018709
0.599859
0.569106
0.395840
0.007258
0.422222
0.490749
0.290817
0.064687
0.593947
0.467232
0.268051
0.028887
0.599859
0.530901
0.330902
0.017314
0.599856
0.505800
0.305811
0.005860
0.599857
0.565566
0.365566
0.005907
0.599859
0.543945
0.343945
0.001909
0.599859
0.587551
0.387551
0.026421
0.599859
0.575498
0.375508
0.010763
0.599859
0.596964
0.397032
0.088171
0.599859
0.592297
0.393116
0.042889

0.211562
0.433205
0.233260
0.015509
0.181920
0.433205
0.233209
0.001063
0.231053
0.433205
0.233963
0.031182
0.222708
0.433205
0.233374
0.023836
0.164618
0.433205
0.237889
0.033168
0.430616
0.433205
0.234810
0.032623
0.433205
0.430168
0.248637
0.033205
0.433200
0.433198
0.241378
0.033200
0.433205
0.433205
0.285678
0.033205
0.433205
0.433205
0.261518
0.033227
0.143167
0.433205
0.233205
0.011692
0.107068
0.433205
0.233205
0.085194
0.079201
0.433205
0.233228
0.009030
0.366987
0.433205
0.233206
0.000000
0.228828
0.433205
0.233639
0.029176
0.217085
0.433205
0.233287
0.018566
0.261847
0.433205
0.236328
0.033080
0.431752
0.433205
0.234189
0.031829
0.433205
0.433205
0.246754
0.033554
0.433186
0.433205
0.238881
0.035946
0.185706
0.433205
0.233260
0.335365
0.361831
0.433205
0.233209
0.375391
0.231053
0.433205
0.233963
0.136059
0.222659
0.433205
0.233374
0.262074
0.233167
0.433205
0.237889
0.047489
0.232600
0.433205
0.234810
0.086950
0.233205
0.433205
0.251673
0.034055
0.233306
0.433205
0.241385
0.038762
0.237130
0.433205
0.285678
0.047527
0.413115
0.433205
0.261518
0.087555

0.187260
0.352511
0.152598
0.383334
0.262384
0.355485
0.155485
0.386449
0.138431
0.357289
0.175927
0.388312
0.163686
0.360326
0.161201
0.391405
0.134517
0.362162
0.359418
0.393253
0.139564
0.365243
0.239262
0.395575
0.146041
0.367102
0.367102
0.016280
0.171681
0.370212
0.370211
0.001170
0.202335
0.372083
0.372083
0.002972
0.278250
0.375208
0.375208
0.005954
0.128184
0.346717
0.146717
0.377084
0.144156
0.349585
0.149585
0.380211
0.126645
0.351334
0.151348
0.382086
0.129844
0.354290
0.154290
0.385204
0.129579
0.356085
0.162171
0.387070
0.131788
0.359107
0.159305
0.390170
0.133306
0.360937
0.329263
0.392022
0.137014
0.364008
0.194886
0.395094
0.141282
0.365862
0.365862
0.295045
0.158319
0.368966
0.368638
0.000000
0.122123
0.341191
0.141278
0.370835
0.123412
0.343916
0.143916
0.373957
0.123401
0.345588
0.164226
0.375833
0.124807
0.348431
0.149306
0.378961
0.125768
0.349708
0.346964
0.380837
0.127574
0.353102
0.227120
0.383958
0.128755
0.354886
0.354886
0.385827
0.130874
0.357894
0.357894
0.388932
0.132269
0.359716
0.359716
0.390788
0.135230
0.362777
0.362777
0.393867

0.211529
0.326480
0.299881
0.005465
0.215276
0.343024
0.226087
0.005625
0.207975
0.298910
0.138416
0.003696
0.209890
0.316176
0.124076
0.004847
0.206434
0.272668
0.075121
0.000000
0.207218
0.288762
0.088993
0.002594
0.207975
0.298910
0.098950
0.367984
0.209890
0.316176
0.116177
0.012990
0.211529
0.326480
0.128934
0.405249
0.215276
0.343024
0.143255
0.405625
0.007448
0.292114
0.113949
0.403001
0.041311
0.309253
0.112941
0.064321
0.206219
0.266623
0.067646
0.000880
0.206842
0.282177
0.082251
0.001636
0.205920
0.245330
0.045340
0.388902
0.206060
0.258066
0.058066
0.055212
0.206246
0.266623
0.066623
0.398234
0.206842
0.282177
0.082177
0.401634
0.207442
0.292114
0.092124
0.403003
0.209013
0.309253
0.109253
0.404472
0.006111
0.260846
0.234247
0.396397
0.006551
0.275782
0.158846
0.400460
0.005900
0.240806
0.080311
0.385675
0.007596
0.252733
0.060633
0.249860
0.107217
0.226026
0.028479
0.368838
0.205888
0.234645
0.034876
0.380099
0.205900
0.240806
0.040845
0.385675
0.205984
0.252733
0.052734
0.393045
0.206111
0.260846
0.063300
0.396397
0.206551
0.275782
0.076014
0.400460

0.400000
0.400000
0.286936
0.000000
0.400000
0.400000
0.343323
0.000000
0.400000
0.400000
0.224371
0.000582
0.400000
0.400000
0.257491
0.000000
0.400000
0.400000
0.204035
0.400000
0.400000
0.400000
0.213227
0.029792
0.400000
0.400000
0.200341
0.400000
0.400000
0.400000
0.201760
0.364415
0.400000
0.400000
0.204035
0.208833
0.400000
0.400000
0.213227
0.200003
0.200000
0.400000
0.216346
0.008903
0.200000
0.400000
0.241794
0.000004
0.386110
0.400000
0.202347
0.400000
0.400000
0.400000
0.208448
0.208643
0.400000
0.400000
0.200157
0.400000
0.400000
0.400000
0.200954
0.230259
0.399268
0.400000
0.200002
0.199785
0.399992
0.400000
0.200041
0.199992
0.400000
0.400000
0.200157
0.200000
0.400000
0.400000
0.200954
0.200000
0.400000
0.400000
0.201304
0.400000
0.400000
0.400000
0.205211
0.398426
0.399998
0.400000
0.200066
0.399998
0.400000
0.400000
0.200488
0.400000
0.397470
0.400000
0.200000
0.397470
0.399935
0.400000
0.200014
0.399935
0.353712
0.400000
0.200000
0.353712
0.389579
0.400000
0.200000
0.353994
0.397470
0.400000
0.200000
0.206303
0.399935
0.400000
0.200014
0.199938

0.469005
0.499476
0.490499
0.423221
0.470164
0.504820
0.504765
0.393416
0.471041
0.508197
0.387859
0.386239
0.472826
0.514085
0.475353
0.384661
0.474098
0.517762
0.328022
0.386882
0.476562
0.524100
0.365476
0.392459
0.478252
0.528016
0.328521
0.117891
0.481422
0.534690
0.338445
0.002274
0.483538
0.538782
0.349042
0.006952
0.487416
0.545687
0.387062
0.011737
0.467701
0.489950
0.342288
0.356617
0.468198
0.494511
0.424220
0.358422
0.468642
0.497443
0.302769
0.361626
0.469656
0.502639
0.327350
0.368132
0.470441
0.505932
0.306128
0.372238
0.472063
0.511623
0.313401
0.379071
0.473233
0.514243
0.314244
0.383113
0.475524
0.504779
0.304816
0.389712
0.477108
0.525397
0.325593
0.393589
0.480101
0.531933
0.333712
0.000000
0.467411
0.482110
0.284715
0.395391
0.467463
0.485812
0.299756
0.365486
0.467578
0.488243
0.288311
0.358340
0.467964
0.492637
0.293422
0.356960
0.468333
0.495472
0.295472
0.359386
0.469207
0.500515
0.300526
0.365442
0.469891
0.503722
0.303722
0.369485
0.471366
0.509343
0.309343
0.376349
0.472436
0.512883
0.312883
0.381532
0.474556
0.519009
0.319020
0.387256

0.362571
0.243297
0.243297
0.004617
0.365320
0.159676
0.159676
0.006259
0.357886
0.348437
0.328746
0.001965
0.360859
0.290703
0.099598
0.003619
0.362571
0.384179
0.184667
0.005490
0.365320
0.373520
0.173521
0.006413
0.366916
0.389450
0.369760
0.014052
0.369494
0.390989
0.199885
0.010872
0.370997
0.392558
0.392558
0.041127
0.373435
0.394438
0.394438
0.024022
0.156648
0.362006
0.245337
0.001340
0.159689
0.317694
0.119066
0.002952
0.158564
0.377794
0.177843
0.000000
0.354729
0.373384
0.173384
0.000525
0.356648
0.382053
0.182053
0.011640
0.359689
0.384061
0.184061
0.006353
0.361435
0.385428
0.185477
0.047157
0.364235
0.387469
0.187469
0.024182
0.365856
0.388670
0.272001
0.132145
0.368474
0.390636
0.192008
0.075271
0.349861
0.377408
0.377408
0.000381
0.353401
0.376606
0.376606
0.000139
0.342497
0.373913
0.354223
0.010223
0.347519
0.376233
0.185129
0.002105
0.349861
0.377635
0.178124
0.055967
0.353401
0.379875
0.179876
0.025992
0.355377
0.381190
0.361500
0.155919
0.358494
0.383336
0.192231
0.089851
0.360277
0.384597
0.384597
0.293486
0.363130
0.386658
0.386658
0.210038

0.400458
0.599999
0.599999
0.004369
0.599999
0.599999
0.599999
0.393376
0.599999
0.599999
0.599999
0.000046
0.599999
0.599999
0.599999
0.000000
0.599999
0.599999
0.599999
0.004369
0.599999
0.599999
0.599999
0.393376
0.599999
0.599999
0.599999
0.481984
0.599999
0.599999
0.599999
0.415617
0.599999
0.599999
0.599999
0.599531
0.599999
0.599999
0.599999
0.551091
0.200011
0.599999
0.599999
0.400010
0.291742
0.599999
0.599999
0.399999
0.400000
0.599999
0.599999
0.000968
0.595368
0.599999
0.599999
0.399999
0.599999
0.599999
0.599999
0.400010
0.599999
0.599999
0.599999
0.399999
0.599999
0.599999
0.599999
0.401671
0.599999
0.599999
0.599999
0.400093
0.599999
0.599999
0.599999
0.445728
0.599999
0.599999
0.599999
0.406824
0.200458
0.599999
0.599999
0.404368
0.399999
0.599999
0.599999
0.400325
0.399999
0.599999
0.599999
0.400046
0.404618
0.599999
0.599999
0.400000
0.586293
0.599999
0.599999
0.404368
0.599999
0.599999
0.599999
0.400325
0.599999
0.599999
0.599999
0.481984
0.599999
0.599999
0.599999
0.415617
0.599999
0.599999
0.599999
0.599531
0.599999
0.599999
0.599999
0.551091

0.383311
0.410823
0.013260
0.504865
0.384646
0.417655
0.023881
0.516114
0.371657
0.422172
0.030148
0.508700
0.382384
0.430362
0.032051
0.293152
0.385287
0.435649
0.177539
0.137977
0.387858
0.445015
0.080659
0.144514
0.389141
0.450926
0.261234
0.149043
0.391660
0.461170
0.276401
0.155746
0.393506
0.467498
0.299339
0.161915
0.397207
0.478229
0.334124
0.164610
0.363878
0.399825
0.000000
0.464204
0.378148
0.404880
0.005626
0.489233
0.316937
0.408339
0.008355
0.434355
0.349661
0.414816
0.014876
0.477246
0.364338
0.419126
0.022031
0.497699
0.379209
0.426990
0.027857
0.520882
0.383552
0.432095
0.119000
0.181295
0.386982
0.441191
0.057825
0.141193
0.388278
0.446963
0.254347
0.546076
0.390575
0.457021
0.237535
0.552575
0.302262
0.410823
0.010882
0.423816
0.337828
0.417655
0.017681
0.469296
0.246824
0.422172
0.029822
0.383867
0.281314
0.430362
0.030831
0.426865
0.304238
0.435649
0.175161
0.454344
0.341040
0.445015
0.074458
0.497696
0.359505
0.450926
0.251014
0.519407
0.381085
0.461170
0.255253
0.545171
0.388827
0.467498
0.268457
0.554653
0.396413
0.478229
0.281153
0.563816

0.240755
0.492321
0.215353
0.316064
0.260057
0.492321
0.163369
0.460057
0.203162
0.492316
0.134573
0.004345
0.227320
0.492321
0.109859
0.087443
0.241008
0.492321
0.102789
0.040755
0.269012
0.492321
0.099054
0.060113
0.316120
0.492321
0.099885
0.069302
0.472705
0.492321
0.104611
0.080551
0.484994
0.492321
0.109159
0.084996
0.488713
0.492321
0.119625
0.088768
0.193334
0.492310
0.122008
0.393333
0.217922
0.492320
0.103736
0.417814
0.157639
0.492142
0.097551
0.347419
0.207078
0.492287
0.093728
0.378857
0.300426
0.492310
0.093054
0.000000
0.417730
0.492320
0.093174
0.203187
0.431846
0.492321
0.093748
0.031847
0.450375
0.492321
0.095582
0.050833
0.452990
0.492321
0.097370
0.059657
0.430503
0.492321
0.101937
0.215879
0.153107
0.491997
0.213348
0.348352
0.242931
0.492253
0.159036
0.369568
0.296123
0.489979
0.134170
0.322174
0.337337
0.491593
0.108687
0.337337
0.348352
0.491997
0.100783
0.348347
0.369568
0.492253
0.094721
0.369568
0.383625
0.492298
0.093415
0.014152
0.408076
0.492318
0.092988
0.360408
0.422591
0.492321
0.093327
0.422586
0.444241
0.492321
0.094699
0.444241

