1
7
8
10
16
24
25
28
33
39
40
42
48
49
61
71
75
80
84
85
86
87
88
91
92
96
105
110
111
117
119
162
163
189
190
211
220
222
224
231
232
238
240
241
242
283
294
332
333
341
345
362
368
369
370
371
372
395
408
412
413
417
420
421
426
427
428
446
447
499
511
516
517
522
526
537
538
546
554
568
572
574
580
581
584
607
608
631
632
697
699
726
727
782
786
788
796
838
840
841
842
843
844
848
866
879
888
904
906
907
914
931
933
939
940
992
993
1000
1001
1002
1003
1015
1019
1084
1085
1102
1121
1124
1156
1161
1208
1210
1211
1249
1250
1286
1288
1341
1343
1443
1447
1455
1456
1482
1515
1516
1538
1539
1550
1551
1559
1560
1568
1571
1573
1582
1583
1586
1587
1600
1606
1614
1615
1616
1618
1619
1623
1625
1627
1629
1631
1636
1646
1651
1654
1655
1660
1662
1663
1667
1668
1674
1675
1677
1679
1689
1690
1692
1694
1696
1698
1701
1711
1712
1770
1772
1775
1776
1779
1789
1791
1792
1794
1795
1798
1800
1801
1802
1812
1816
1817
1830
1834
1835
1836
1838
1841
1848
1852
1854
1863
1866
1872
1876
1897
1898
1899
1900
1901
1915
1916
1964
1965
1966
1967
1991
1992
2002
2003
2014
2016
2068
2149
2150
2183
2192
2271
2276
2567
2577
2623
2625
2682
2685
2890
2891
2897
2899
3041
3043
3045
3046
3053
3066
3075
3087
3116
3132
3283
3290
3482
3483
3631
3636
3765
3771
3805
3810
3907
3910
3946
3948
4004
4005
4133
4135
4136
4137
4142
4202
4217
4237
4238
4352
4374
4479
4481
4519
4525
4616
4618
4619
4620
4646
4648
4769
4774
4873
4874
5291
5294
5412
5501
5503
5513
5517
5526
5527
5563
5564
5569
5609
5621
5624
5625
5629
5648
5650
5654
5656
5701
5712
5845
5857
6026
6031
6089
6091
6110
6113
6134
6135
6195
6196
6217
6218
6280
6287
6398
6435
6526
6527
6712
6718
6730
6731
6773
6778
6788
6837
6839
6918
6922
7127
7131
7145
7146
7239
7250
7280
7281
7343
7347
7510
7586
7690
7712
7715
7718
7733
7735
7739
7740
7777
7787
7788
7794
7799
7811
7812
7921
7932
8001
8005
8006
8012
8106
8107
8210
8211
8215
8216
8234
8240
8368
8369
8404
8410
8414
8417
8450
8452
8481
8482
8487
8492
8493
8540
8541
8607
8609
8614
8620
8624
8629
8630
8717
8729
8925
8926
9075
9077
9157
9160
9244
9345
9348
9349
9362
9464
9468
9474
9475
9485
9486
9487
9488
9509
9510
9511
9535
9537
9590
9591
9879
9880
10277
10289
10375
10377
10499
10502
10536
10562
10584
10590
10591
10592
10818
10820
10823
10824
10828
10829
10882
10890
10983
10985
11021
11031
11317
11318
11340
11342
11643
11644
11650
11651
11679
11680
11910
11911
11977
11978
12054
12055
12199
12322
12341
12342
12654
12655
12665
12666
12667
12699
12751
12794
12796
12875
12888
12942
12944
13007
13008
13185
13186
13297
13298
13315
13316
13353
13370
13526
13529
13651
13652
13724
13731
13908
13909
14034
14035
14348
14349
14495
14496
14697
14698
15070
15071
15089
15090
15202
15203
15227
15228
15714
15715
15734
15735
15943
15944
16051
16052
16075
16077
16119
16120
16341
16343
16410
16411
16551
16554
16847
16849
16869
16896
16927
16932
17308
17315
17441
17442
17478
17479
17663
17667
17979
17980
18748
18820
18822
19252
19254
19548
19569
19673
19674
19751
19776
19777
19803
19840
19842
20120
20121
20176
20178
20496
20497
20688
20693
20837
20841
21031
21040
21178
21179
21322
21367
21402
21406
21408
21410
21411
21439
21523
21525
21985
21986
21991
21994
22037
22039
22486
22487
23540
23541
23606
23609
23918
23919
24110
24138
24221
24222
24244
24253
24410
24411
24608
24609
24623
24663
25268
25269
25315
25323
25753
25754
26492
26493
26763
26764
27571
27575
28042
28043
28129
28132
28579
28580
28650
28652
28739
28740
28899
28900
29114
29115
29534
29541
29722
29725
29903
29904
30002
30003
30024
30044
30056
30058
30130
30132
30989
31112
31113
31117
31154
31184
31362
31364
32187
32188
32781
32785
32895
32904
33062
33063
33485
33486
33901
33926
34281
36117
36122
39939
39942
42095
42097
42518
42539
42773
42777
44111
44113
44355
44356
47932
47933
59957
59960
64698
64703
64719
64722
66458
66462
69565
69567
80215
80216
80221
80275
81477
81478
81744
81753
82664
82668
82735
82844
82905
82906
83326
83330
83544
83545
83739
83740
84680
84700
84842
84843
87329
87331
88285
88286
90517
90526
92247
92248
93813
93817
94424
94431
94866
94871
94925
94926
96507
96508
97024
97028
97191
97210
97496
97500
98433
98445
45
46
62
63
136
137
212
221
225
229
230
233
236
267
270
292
298
314
321
401
402
410
488
489
493
539
543
550
551
578
583
586
587
602
617
618
620
622
627
628
646
650
654
672
680
681
701
728
734
735
761
774
775
776
802
807
810
815
823
824
825
826
1059
1060
1063
1065
1097
1106
1108
1113
1276
1279
1293
1294
1296
1371
1374
1413
1414
1429
1430
1431
1435
1440
1449
1481
1485
1491
1556
1572
1574
1590
1591
1593
1595
1596
1598
1599
1630
1632
1633
1640
1649
1680
1718
1722
1724
1726
1737
1781
1784
1807
1907
1908
2018
2019
2098
2099
2198
2199
2221
2222
2240
2243
2331
2333
2444
2446
2670
2671
2798
2801
2812
2813
2824
2859
2868
2870
2933
2936
3091
3093
3102
3103
3226
3228
3232
3235
3249
3251
3275
3276
3459
3461
3538
3539
3595
3596
3597
3599
3674
3687
3824
3825
3911
3912
4144
4151
4234
4235
4553
4554
4583
4588
4617
4745
4746
4857
4957
4959
4985
4986
5134
5135
5267
5268
5384
5386
5687
5688
5713
5714
5801
5802
5813
5814
6012
6014
6238
6254
6320
6322
6334
6335
6457
6458
6545
6548
6549
6590
6641
6643
6779
6780
6932
6942
6973
6974
7899
7903
7916
8053
8331
8332
8421
8760
8762
8763
8765
8766
8795
8909
8912
8930
8932
8978
8979
9212
9217
9288
9293
9325
9328
9334
9336
9626
9627
9754
9755
9866
9868
10237
10240
10292
10294
10437
10441
10555
10556
10705
11063
11064
11066
11112
11117
12452
12454
13456
13458
13536
14136
14138
14280
14281
15150
15151
15907
15909
16499
16501
16572
16573
23513
23515
25829
25830
38106
38123
38139
38140
41865
41866
42678
42679
43436
43447
45438
45491
60
73
81
94
95
104
122
148
156
177
179
182
185
192
196
199
202
234
251
254
255
261
295
301
305
324
330
331
334
339
352
356
358
359
389
390
405
406
419
432
443
445
456
480
487
492
495
496
528
531
536
548
553
560
561
570
571
589
590
603
604
611
612
625
634
653
655
679
686
688
695
696
707
709
717
721
722
729
784
785
791
792
793
794
800
801
820
821
837
839
847
868
869
871
873
875
876
877
878
884
885
902
903
908
916
918
934
962
963
981
994
1014
1024
1025
1061
1062
1064
1068
1069
1076
1077
1119
1122
1128
1130
1137
1139
1148
1157
1158
1169
1172
1304
1305
1307
1309
1328
1330
1334
1339
1346
1347
1348
1350
1351
1358
1362
1366
1367
1372
1376
1377
1381
1385
1423
1433
1467
1473
1490
1659
1664
1681
1688
1699
1700
1839
1842
1844
1846
1847
1849
1869
1886
1887
1888
1889
1890
1906
1911
1969
1970
1983
1988
1990
2007
2008
2023
2031
2033
2034
2044
2047
2210
2213
2360
2361
2445
2545
2546
2600
2601
2704
2724
2771
2790
2804
2807
2860
3001
3006
3026
3027
3028
3032
3033
3070
3077
3153
3154
3250
3310
3318
3338
3339
3379
3382
3586
3589
3663
3669
3728
3729
3772
3782
3811
3872
3875
3883
3905
3906
4043
4052
4056
4064
4175
4176
4177
4178
4185
4186
4188
4189
4265
4285
4325
4326
4412
4413
4537
4541
4559
4565
4685
4690
4760
4773
4801
4807
4890
4892
4904
4905
4924
4925
4982
4991
5068
5069
5110
5112
5124
5125
5133
5227
5228
5247
5248
5342
5344
5355
5396
5432
5433
5601
5602
5668
5672
5690
5695
5699
5709
5711
5721
5723
5763
5780
5887
5888
5949
5950
5965
5966
6184
6216
6302
6303
6533
6537
6556
6558
6559
6560
6610
6611
6613
6645
6660
6666
6667
6723
6725
7045
7417
7418
8390
8391
8403
9128
9129
9669
9674
10476
10477
10805
10807
10817
10821
15825
15837
16231
16232
17038
17040
17357
17359
17391
17392
18226
18245
19203
19205
20414
20415
20952
20954
21511
21512
22363
22364
26020
26022
26098
26099
26946
26947
28952
28965
30123
30125
30266
30273
30339
30340
33156
33243
35925
35926
36430
36431
40020
40022
42287
42288
42982
42984
44308
44310
47737
47739
47788
47791
54204
54283
54373
54380
56071
56072
57426
57490
57901
57903
58095
58097
58909
58910
59034
59038
60948
60952
62010
62013
62152
62154
64452
64495
64986
64987
66408
66410
67123
67690
67698
67699
67859
67860
68686
68690
70453
70454
72691
72705
72718
72719
74041
74043
75518
75519
81537
81539
82980
82982
84016
84030
86256
86625
86700
86704
86875
86876
87384
87393
87785
87789
89077
89079
90444
90446
91289
91291
91524
91531
92268
92286
92654
92657
92834
92836
93058
93164
95004
95005
95703
95711
95901
95904
95976
95982
31
51
52
57
66
67
69
72
78
113
114
118
124
129
161
171
173
184
186
187
188
198
215
217
219
239
312
340
383
386
391
400
403
407
434
444
458
502
503
504
506
523
524
557
559
565
567
595
596
638
651
663
665
666
687
698
708
762
764
767
769
770
864
865
887
900
944
1011
1013
1029
1031
1086
1087
1120
1197
1198
1253
1314
1315
1379
1391
1392
1426
1427
1486
1489
1521
1522
1637
1723
1731
1736
1738
1752
1753
1755
1759
1764
1777
1778
1780
1782
1837
1963
1989
2057
2058
2120
2121
2203
2212
2267
2273
2277
2278
2279
2351
2363
2386
2392
2426
2427
2471
2476
2500
2518
2881
2882
2999
3004
3100
3178
3179
3193
3195
3210
3212
3322
3323
3356
3358
3381
3541
3602
3650
3651
3678
3681
3885
3895
3897
3931
3933
4014
4028
4110
4111
4180
4181
4184
4320
4348
4371
4391
4394
4418
4419
4555
4556
4908
4917
5101
5102
5504
5520
5523
5703
5705
5706
5707
5757
5796
5797
5798
5866
5869
5873
6038
6079
6081
7084
7085
7956
7957
8412
8413
8950
8952
8988
9028
9030
9515
9520
10356
10357
10709
10712
11432
11437
11893
11895
12715
12717
13570
13572
14274
14278
14755
14756
15009
15015
15918
15920
15939
15941
16244
16252
16506
16509
16539
16579
16978
16987
17095
17097
17225
17226
17463
17464
17745
17746
17765
17767
18830
18837
18940
18944
19237
19242
20115
20412
20838
21225
21236
22172
22296
23044
23047
23321
23322
24660
24661
25522
25523
25536
25580
25598
25599
25606
25608
25621
25647
25649
25851
25862
25863
25884
25885
26071
26072
26193
26194
26264
26266
26483
26717
26727
27067
27068
27153
27161
27191
27192
27197
27838
27844
27994
27995
36039
36040
36995
36998
37076
37078
38125
38126
39763
39764
44198
44202
45038
45041
45177
45178
46052
46056
46062
46066
46086
46096
46109
46932
47070
47078
47308
47312
47355
47356
48503
48505
50346
50965
50966
51452
51457
51460
55195
55196
56547
56549
60408
60409
70099
70101
70324
70326
76619
76623
77505
77507
77784
77785
83156
83158
83774
89863
89877
90041
90042
90262
90264
93112
93114
22
32
34
37
43
53
54
103
112
143
144
154
155
176
178
203
205
207
208
218
228
235
247
248
257
258
262
264
265
266
273
277
278
288
290
291
300
304
310
344
367
388
414
415
423
465
494
500
505
513
521
533
534
544
582
594
614
616
691
692
741
751
752
756
790
795
798
854
855
909
911
915
928
930
973
987
988
999
1073
1074
1082
1118
1123
1129
1131
1150
1151
1159
1160
1163
1175
1199
1251
1257
1258
1261
1262
1310
1311
1318
1327
1393
1400
1403
1408
1410
1415
1417
1419
1437
1507
1509
1528
1529
1530
1532
1533
1534
1542
1543
1544
1565
1567
1575
1577
1592
1603
1617
1665
1676
1709
1710
1732
1739
1744
1760
1768
1769
1875
1877
1903
1939
1943
1950
1953
1968
1973
1975
1996
2051
2053
2070
2074
2110
2111
2131
2170
2208
2217
2218
2272
2339
2346
2493
2498
2507
2509
2541
2544
2555
2559
2564
2570
2612
2613
2691
2696
2780
2787
2793
2794
2829
2830
2873
2874
2917
2921
2925
2974
2975
2976
2978
2983
2994
3063
3104
3119
3122
3143
3144
3156
3163
3167
3170
3225
3252
3256
3293
3304
3453
3469
3470
3472
3499
3502
3510
3512
3549
3552
3567
3623
3625
3667
3723
3724
3934
3969
3972
4007
4009
4156
4158
4187
4296
4300
4356
4357
4372
4373
4382
4399
4464
4465
4514
4516
4517
4518
4605
4624
4625
4716
4717
4918
4919
5123
5126
5260
5261
5288
5419
5427
5880
5886
5915
5917
5970
5972
6147
6149
6400
6401
6407
6416
6517
6518
6544
6586
6588
6668
6669
6737
6738
6928
6934
6938
6939
7436
7437
7452
7453
7459
7460
7535
7536
7713
7714
7968
8009
8109
8110
8447
8451
8566
8568
8599
8601
8671
8675
9618
9619
9673
10099
10100
10143
10147
10198
10199
10797
10798
10802
10947
10949
12295
12296
12297
12423
12425
12808
12814
12883
12889
13109
13110
13290
13447
13706
13707
14072
14073
14659
14660
15054
15055
15153
15160
15716
15733
16370
16372
16717
16723
16963
16983
17053
17057
17735
17762
17878
17879
17920
17921
18893
18894
18953
18981
19454
19455
19457
19458
20143
20144
20431
20432
20696
20852
20855
21449
21450
21451
21757
21943
21956
22014
22265
22720
22763
22774
22936
22938
22954
22959
23226
23227
23294
23298
23314
23326
24333
24334
24348
24350
24354
24355
24356
24407
24409
24630
24632
24814
24840
25163
25165
25167
25168
25701
25707
25825
25826
25877
25878
27038
27040
27044
27059
28096
28101
28117
28119
28258
28260
28421
28423
28470
28471
28592
28593
29755
29756
29940
29963
30575
30584
30822
31240
31242
31354
31355
31356
31416
31421
31873
31879
31929
31930
32085
32086
32115
32116
32535
32536
32862
32871
33439
33440
33504
33505
33521
33522
33697
33701
34462
34491
34494
34921
34922
36456
36464
37500
37501
37750
37751
37880
37882
38645
38647
38801
38802
38805
38806
40235
40236
40427
40433
40672
40673
40966
40968
41547
41548
43877
43878
44889
44897
46831
46832
47319
48719
48720
52969
52970
53793
53803
54215
54222
54424
54426
54497
54498
54771
54774
55071
55073
56600
56614
57511
57513
59669
59760
59761
59762
60464
60474
60719
60799
61308
61325
61402
61435
71809
71810
75703
75711
84125
84136
99192
99193
11
15
29
35
41
55
58
180
183
193
216
244
246
293
307
335
336
387
392
394
409
424
425
436
437
466
473
474
475
491
519
525
532
569
573
613
619
629
630
657
659
660
661
662
675
677
682
683
685
689
706
720
732
733
739
740
779
883
886
890
905
913
953
954
955
956
958
959
969
970
980
989
990
1006
1007
1058
1116
1117
1133
1134
1144
1191
1194
1196
1218
1220
1221
1222
1232
1234
1300
1301
1302
1303
1375
1383
1387
1388
1389
1401
1404
1406
1409
1416
1450
1476
1477
1553
1620
1621
1644
1645
1648
1650
1652
1656
1658
1672
1683
1684
1714
1715
1725
1728
1730
1740
1745
1761
1808
1809
1820
1920
1921
1985
1986
2006
2009
2011
2012
2037
2039
2113
2115
2116
2154
2155
2274
2295
2298
2327
2328
2334
2370
2373
2376
2433
2447
2473
2487
2488
2514
2526
2543
2553
2554
2556
2558
2597
2598
2609
2610
2616
2649
2650
2673
2674
2686
2718
2760
2761
2762
2763
2778
2779
2927
2928
2958
2959
2968
3038
3078
3086
3128
3134
3159
3168
3185
3186
3209
3224
3231
3262
3300
3301
3305
3317
3319
3374
3387
3392
3403
3421
3430
3435
3451
3554
3615
3616
3816
3817
3835
3854
3860
3861
3892
3893
3899
3916
3917
3918
3919
3921
3922
3925
3937
3938
3954
3965
3984
3985
3995
3998
3999
4000
4006
4008
4011
4012
4013
4016
4017
4018
4021
4022
4024
4025
4065
4066
4147
4149
4159
4167
4168
4179
4190
4206
4221
4253
4258
4291
4297
4347
4351
4361
4362
4395
4495
4496
4529
4532
4542
4544
4550
4551
4560
4575
4581
4585
4586
4587
4597
4599
4600
4601
4608
4609
4651
4652
4653
4668
4679
4692
4709
4710
4730
4731
4783
4784
4797
4799
4804
4808
4809
4810
4816
4817
4818
4880
4882
4885
4886
4887
4888
4893
4894
4896
4902
4903
4906
4907
4915
4916
4920
4927
4955
4956
4967
4971
4972
4973
4978
4983
4984
4987
4990
5017
5018
5025
5027
5034
5035
5040
5043
5151
5152
5238
5292
5295
5297
5307
5388
5389
5450
5461
5488
5490
5528
5575
5576
5585
5591
5608
5610
5755
5759
5850
5851
5858
5861
5870
6030
6032
6059
6060
6136
6137
6311
6315
6316
6508
6513
6591
6592
6594
6596
7132
7134
7784
7785
7839
7840
8233
8440
8472
8635
8636
9164
9170
9363
9365
9366
9369
9437
9449
9828
9829
9856
9859
9870
9873
9926
9928
10006
10007
10012
10016
10178
10184
10219
10220
10279
10281
10288
10290
10318
10322
10459
10467
10509
10511
10583
10585
10586
10587
10645
10646
11090
11091
11197
11199
11215
11216
11276
11277
11382
11384
11385
11393
11476
11613
11614
11622
11623
11631
11659
11800
11818
12014
12131
12162
12163
12200
12202
12230
12231
12232
12234
12235
12238
12242
12243
12264
12265
12276
12277
12421
12445
12484
12486
12556
12567
12624
12683
12689
12798
12811
13120
13121
13171
13182
13408
13409
13596
13656
13657
13658
13940
13941
14213
14457
14479
14485
14488
14533
14534
14537
14569
14570
14573
14574
14624
14682
14751
14752
14799
14801
14832
14843
14993
15021
15167
15173
15301
15302
15321
15322
15359
15587
16009
16010
16011
16012
16015
16028
16043
16060
16061
16066
16072
16073
16078
16085
16087
16089
16091
16092
16095
16101
16105
16106
16108
16112
16113
16491
16492
16817
16818
16923
16924
17489
17495
17695
17866
17903
17913
18009
18015
18033
18034
18271
18385
18386
18475
18478
18531
18648
18649
18664
18676
18677
18678
18755
18756
18777
18786
18866
18868
19059
19060
19088
19099
19162
19163
19266
19267
19276
19293
19306
19308
19331
19332
19663
19664
19786
19790
20053
20892
20893
20982
20992
20993
20996
21200
21201
21338
21405
21407
24282
24286
25874
25875
26016
26017
26073
27414
27415
28912
29073
29075
29105
29266
29270
29421
29424
29821
29823
29831
29832
29998
30006
30420
30421
30697
30698
31890
31895
32774
32779
33303
33383
33644
33645
33797
33798
33936
33938
34637
34661
35203
35204
35793
35794
36269
36316
37901
37902
39069
39092
39391
39393
39422
39430
41647
41668
42621
42624
43318
43320
44762
44763
45513
45516
46041
46042
47213
47233
48622
48627
49118
49119
49376
49378
58896
58897
59292
59294
60299
60315
61406
61407
62547
62549
65733
65774
67125
67126
69378
69379
69772
69774
69823
69824
73242
73245
74848
74850
76139
76145
76750
76751
77326
77327
77936
77937
78409
78431
81320
81322
83040
83041
84950
84951
85751
85761
86709
86710
86976
86979
88378
88394
89666
89669
89779
89824
93346
93347
95841
95842
96323
96336
96900
96901
97576
97577
98495
98503
98984
98992
99100
99101
99372
99374
99893
99979
20
26
106
121
123
127
128
133
134
151
152
167
170
195
214
237
253
256
259
260
268
269
271
289
297
299
313
320
323
326
327
329
342
347
350
353
354
355
360
361
396
397
398
399
433
438
450
451
461
462
481
501
530
670
674
753
765
811
812
862
863
882
957
964
965
998
1008
1009
1043
1044
1049
1053
1100
1101
1109
1153
1167
1183
1203
1205
1228
1245
1275
1284
1289
1290
1312
1340
1345
1359
1360
1364
1446
1463
1464
1468
1470
1478
1480
1511
1517
1519
1589
1840
1855
1858
1995
2000
2001
2013
2022
2048
2049
2069
2140
2142
2158
2159
2286
2294
2303
2439
2440
2452
2469
2470
2561
2562
2692
2745
2747
2751
2755
2773
2774
2777
2789
2792
2814
2816
2919
2922
2947
2966
2986
2987
3020
3021
3042
3044
3081
3082
3112
3114
3200
3201
3230
3312
3327
3328
3330
3452
3460
3466
3481
3515
3516
3544
3556
3560
3601
3617
3701
3711
3719
3725
3726
3727
3735
3786
3804
3806
3850
3864
3865
3871
3874
3880
3881
3886
3887
3888
3889
3890
3891
3968
3978
4001
4070
4073
4074
4090
4706
4721
4729
4732
4736
4800
4822
4823
4841
4852
4948
4969
4974
4975
4977
5005
5006
5011
5012
5014
5015
5057
5058
5275
5276
5349
5352
5398
5399
5587
5593
5830
5852
6062
6064
6076
6176
6180
6358
6363
6364
6365
6440
6442
6642
6657
6658
6661
6664
6689
6693
6878
6896
6986
6992
6995
6998
6999
7011
7018
7020
7023
7027
7028
7030
7038
7040
7237
7238
7242
7244
7245
7246
7328
7369
7396
7490
7497
7507
7701
7702
7795
7796
7970
7972
8070
8071
8150
8152
8519
8520
8769
8770
9232
9233
9496
9505
9525
9527
9699
9705
10183
10218
10395
10399
10411
10415
10425
10426
10538
10543
10799
11186
11187
11327
11328
11475
11478
11479
11671
11689
11854
11856
11890
11891
12737
12743
12972
12978
13178
13181
13253
13255
13450
13452
14391
14393
14634
14635
14712
14714
14728
14730
14936
14937
15178
15191
15194
15195
15236
15251
15323
15330
15344
15345
15437
15438
15588
15897
15898
16082
16083
16188
16209
16493
16502
16777
16780
16841
16842
17090
17142
17279
17288
17289
17290
17405
17406
17419
17420
17424
17430
17431
17432
17433
17436
17811
17812
18070
18071
18310
18311
18315
18653
18654
18808
18810
18898
19780
20401
20402
20853
20854
21238
21311
21320
21727
21731
22724
22726
22857
22863
23139
23143
23224
23225
23270
23272
23353
23354
23683
23684
23842
23844
23946
23947
25030
25031
25156
25157
25453
25455
26250
26251
26354
26372
27909
27913
30233
30240
31616
31634
34689
34690
34926
34927
35495
35505
36132
36134
36155
36160
36161
36162
37685
37686
37726
37732
37975
37976
38227
38228
38381
38384
38702
38716
38732
38751
39245
39247
39248
39631
39635
39636
40729
40739
40788
40789
41610
41611
42229
42230
42721
42722
44718
44720
45234
45235
45306
45307
45606
45607
46674
46676
46782
46783
46918
46919
47389
47390
47689
47732
47958
47965
48057
48101
48591
48592
49914
49917
51289
51299
52137
52151
52402
52414
53601
53602
54571
54587
55902
55911
55926
55927
57483
57484
57988
57993
60910
60911
61880
61884
61901
61903
62310
62311
62712
62715
63051
63063
63506
63508
64636
64638
73052
73055
74149
74151
74297
74308
74318
74319
74537
74538
74910
74923
75036
75040
82792
82805
82868
82869
84286
84287
85562
85571
90943
91256
91383
91387
91692
91693
92486
92487
94260
94264
94888
94891
95361
95362
95905
96737
96760
97616
97630
99412
99414
107
139
159
172
250
274
275
317
318
384
448
483
509
510
518
527
547
575
600
647
736
747
857
870
891
892
895
983
984
1005
1018
1020
1027
1046
1056
1057
1091
1093
1114
1127
1132
1135
1164
1192
1193
1212
1214
1224
1227
1233
1240
1241
1252
1266
1267
1268
1269
1272
1317
1353
1369
1432
1705
1706
1734
1750
1766
1774
1790
1824
1826
1827
1829
1831
1832
1851
1956
1997
2101
2102
2105
2107
2108
2114
2123
2126
2127
2132
2133
2134
2135
2139
2141
2145
2147
2161
2201
2239
2347
2348
2438
2442
2448
2460
2511
2512
2520
2522
2728
2729
2730
2732
2739
2741
2825
2979
2981
3083
3090
3247
3253
3342
3344
3345
3354
3360
3361
3370
3378
3383
3388
3391
3393
3395
3412
3424
3426
3427
3627
3644
3647
3709
3717
3730
3731
3740
3792
3793
3797
3798
3879
3915
3952
3956
4020
4036
4037
4049
4050
4091
4092
4252
4255
4295
4636
4637
4659
4671
4735
4755
4756
4951
4952
4981
5036
5082
5138
5139
5157
5159
5311
5313
5314
5319
5421
5425
5499
5500
5509
5662
5663
5745
5753
5831
5834
5836
5840
5841
5982
5983
6035
6036
6050
6070
6305
6342
6344
6345
6479
6480
6606
6607
6775
6825
6890
6901
6902
6916
7109
7110
7116
7122
7184
7202
7277
7278
7327
7329
7342
7346
7353
7354
7420
7578
7583
7691
7792
7802
7907
7920
7938
7943
8062
8063
8130
8141
8267
8275
8318
8330
8474
8475
8773
9031
9033
9114
9116
9272
9274
9364
9379
9385
9401
9409
9466
9516
9534
10136
10137
10349
10350
10475
10482
10766
10796
11098
11104
11145
11146
11219
11221
11439
11440
11803
11827
11976
11980
12041
12045
12753
12799
12967
12968
13013
13014
13106
13114
13146
13147
13190
13192
13317
13318
13433
13434
13436
13460
13597
13607
13611
13613
13649
13650
13801
13802
13868
13873
14241
14245
14343
14344
14782
14785
14846
14870
14872
15103
15114
15117
15119
15315
15317
15482
15485
15495
15497
15830
15833
16000
16002
16042
16044
16187
16208
16210
16381
16383
16418
16419
16800
16824
16868
16944
16986
16988
17013
17014
17067
17069
17277
17278
17510
17520
17522
17524
17677
17686
17941
17943
18132
18133
18627
18628
20335
20336
20796
20801
20822
20824
21055
21060
21391
21682
21683
21751
21798
21799
21841
21842
23097
23098
23133
23135
23496
23497
23607
23608
24128
24130
24139
24140
24164
24166
24289
24296
24887
24888
25477
25478
27447
27448
27740
27743
29215
29217
29453
29471
29571
29578
30069
30073
30568
30619
30621
30708
30710
30731
30732
30815
30816
30922
30923
31248
31255
31308
31309
31709
31710
31835
31837
31870
31874
32436
32437
33672
33674
34105
34106
34703
34704
34880
34881
35321
35322
35624
35625
35902
36206
36226
36227
36575
36576
36749
36753
37865
37866
37929
37942
37952
37953
39294
39319
39320
39824
39826
39837
39838
40218
40219
41912
41913
42944
42948
43456
43458
43838
43847
43967
43996
44034
44046
44181
44183
44660
44733
44780
44786
44787
45368
45369
45569
45570
45785
45787
46058
46059
46072
46075
46239
46241
47344
47346
47513
47524
47552
47553
48443
48445
49912
49913
50118
50121
52057
52061
52237
52244
54094
54096
54133
54149
55283
55308
55661
55663
55951
55956
56595
56597
57096
57108
57259
57261
57721
57722
59580
59582
59766
59782
60268
60270
60316
60317
60527
60530
63339
63340
63504
63505
64529
64732
66747
66801
67047
67048
67217
67221
67630
67631
67900
67970
71591
71592
71995
72147
72626
72977
73698
73708
74411
74455
75135
75136
75281
75282
76313
76314
77023
77026
79618
79620
79874
79978
80337
80338
81495
81498
81956
82143
85922
85949
88245
88315
89512
89514
89613
89614
89684
89685
92428
92435
92876
92877
93359
93360
98510
98515
99992
99995
13
23
101
102
141
142
145
252
286
346
484
512
601
639
640
730
731
773
817
851
858
860
922
932
942
945
946
947
948
1079
1098
1099
1136
1152
1155
1176
1181
1185
1186
1190
1306
1319
1323
1324
1354
1412
1422
1448
1474
1475
1487
1536
1537
1576
1610
1613
1693
1697
1892
1918
1919
1936
1937
2027
2028
2073
2089
2090
2312
2317
2494
2506
2639
2749
2753
2772
2782
2784
2806
2808
2851
2856
3088
3095
3166
3169
3333
4161
4164
4165
4166
4171
4275
4284
4346
4377
4379
4629
4630
4835
4842
5004
5023
5024
5199
5200
6185
6671
6672
6684
6685
6691
6695
6971
7090
7092
7492
7493
7499
7513
7615
7617
7633
7693
7729
7753
7929
7930
7987
7989
8634
9608
9610
9614
9615
9949
9989
10280
10283
10542
10568
10628
10636
10711
10750
10751
10792
10794
10809
13821
13824
13877
13879
15237
15238
15337
15338
16376
16377
16416
16417
17280
17300
17301
18316
18318
18322
19533
19534
20374
20375
21559
21560
22531
22532
25044
25048
25614
25616
26624
26627
26636
26637
26819
26842
26906
26916
26917
27335
27377
27669
27674
28343
28348
29710
29853
30943
30948
32081
32083
32752
32760
32931
32933
33502
33507
34600
34602
35916
35917
36507
36521
37943
37945
38912
38914
39001
39010
39384
39385
45316
45317
46969
46970
49016
49017
50038
50041
50320
50327
50594
50595
52899
52901
55536
55538
56429
56454
57913
57915
58122
58124
58875
58876
60417
61097
61098
62781
62797
63337
63342
63857
63859
65909
65910
70503
70504
79472
79473
80681
80693
84883
84885
86733
86740
87737
87738
93542
93544
94165
94199
44
146
206
210
243
366
376
418
454
498
597
598
599
635
636
637
684
700
702
711
712
743
797
829
832
893
899
949
968
1050
1052
1096
1103
1104
1105
1168
1188
1189
1200
1223
1255
1256
1299
1352
1390
1428
1460
1518
1540
1647
1924
1925
1999
2045
2046
2223
2228
2236
2237
2241
2313
2315
2318
2369
2383
2385
2409
2410
2413
2414
2479
2480
2531
2532
2642
2655
2803
2805
2840
2841
2945
2949
3019
3047
3048
3055
3057
3058
3133
3202
3204
3334
3335
3346
3347
3375
3376
3442
3444
3561
3562
3676
3680
3741
3787
3789
3790
3791
3807
3809
3863
3866
3878
4230
4273
4474
4489
4511
4591
4660
4950
4992
4995
4997
5117
5169
5293
5317
5345
5462
5466
5669
5673
6094
6096
6214
6223
6249
6250
6620
6621
6622
6623
6630
6631
6632
6634
6749
6750
6752
6753
7102
7103
7209
7213
7282
7283
7303
7304
7366
7367
7537
7538
7542
7543
7614
7767
7768
8039
8160
8164
8167
8170
8183
8187
8742
8744
8790
8793
8855
8856
8908
8914
9007
9046
9221
9223
9235
9306
9307
9567
9575
9617
9799
9803
9863
9867
9941
9942
10144
10222
10236
10270
10271
10286
10287
10372
10373
10488
10554
10752
10753
10761
10763
11109
11110
11189
11190
11222
11223
11493
11503
12757
12759
12841
12842
12868
12870
13667
13668
13718
13719
14402
14404
14999
15000
15094
15095
15100
15107
15646
15647
15806
15808
15821
15852
15853
16544
16546
16726
16728
16876
16877
16977
16984
17100
17113
17378
17394
17822
17829
18688
18691
18904
18908
19679
19680
19735
19736
19771
19774
20052
20076
20154
20155
20282
20284
20471
20473
20684
20685
21084
21085
21146
21153
21436
21437
21492
21493
21564
21568
22692
23239
23273
23275
23357
23373
23619
24236
24237
24310
24312
24543
24544
24667
24671
24744
24789
24790
24791
24797
24798
25601
25610
25712
25713
25992
25993
26190
26197
26511
26514
26817
26818
27116
27117
27651
27672
28162
28168
28250
28251
28532
28536
28727
28729
29145
29146
30115
30122
30486
30499
30591
30592
31063
31073
31206
31207
31270
31271
32021
32025
32588
32589
33875
33877
34538
35180
35182
35236
35237
35521
35523
36546
36547
36816
36833
37382
37384
38001
38004
38409
38412
44150
44151
46659
46661
47348
47353
48468
48474
49021
49149
49152
49536
49538
49683
49686
50239
50260
50839
51561
51779
51780
51823
51831
52162
52168
55489
55490
61484
61485
62435
62616
62892
62893
63631
63632
64314
64315
64690
64693
65050
65058
67039
67041
67142
67144
67229
67234
67768
67769
68468
68477
68628
68631
73601
73620
76143
76146
84140
84225
84228
84230
84264
84265
90544
90545
94948
94983
97918
97922
99523
99524
68
70
79
97
135
157
343
349
351
357
429
440
441
469
470
490
556
606
693
704
719
763
771
772
789
799
827
828
836
867
874
936
938
966
979
1017
1022
1023
1037
1039
1040
1075
1095
1125
1239
1242
1378
1386
1420
1424
1434
1465
1541
1545
1549
1569
1570
1622
1634
1635
1702
1703
1707
1716
1717
1721
1895
1946
1948
2061
2168
2173
2193
2196
2253
2254
2301
2345
2354
2358
2422
2423
2464
2465
2475
2477
2478
2508
2525
2568
2569
2592
2593
2720
2725
3005
3024
3188
3233
3254
3286
3297
3564
3585
3587
3588
3594
3598
3645
3649
3733
3734
3784
3839
3841
3855
3856
3945
3951
3960
3962
4207
4240
4754
4855
4856
5103
5177
5179
5428
5430
5439
5444
5567
5568
5661
5675
5680
6123
6127
6465
6467
6745
6746
6868
6870
6899
6900
7039
7043
7128
7129
7207
7208
7745
7746
8220
8221
8372
8376
8445
8449
8858
8859
9441
9453
9578
9579
9707
9709
9853
9854
10082
10083
10317
10319
10491
10497
10690
10691
10902
10904
11401
11409
11935
11940
11968
11973
12102
12104
13188
13598
13599
13734
13735
13813
13816
16268
16270
16835
16838
16897
16899
17027
17033
17224
17242
17730
17732
18136
18138
18946
18947
19238
19248
19630
19634
19692
19693
19884
19889
19935
19998
20075
20738
20739
22214
22215
22587
22588
24818
24819
24823
24824
25335
25462
26562
26566
27800
27801
28039
28398
28399
31412
31414
32568
32569
34257
34259
35799
35814
36837
36839
38257
38259
38778
38781
40376
40382
41886
41894
42495
42497
44169
44170
45635
45636
48150
48152
49056
49060
49588
49590
49807
49812
57644
57666
59063
59066
59660
59668
76171
76180
76924
76926
80479
80480
81488
81493
81971
81978
85564
85569
86293
86299
86534
86535
88851
88853
91885
91886
92754
92755
21
30
83
109
131
138
164
200
204
223
245
284
303
309
315
316
319
337
338
373
393
453
460
464
486
520
667
710
783
861
924
925
950
1047
1048
1142
1146
1204
1225
1226
1313
1361
1525
1607
1641
1845
1874
1879
1912
2015
2077
2083
2084
2128
2130
2197
2232
2252
2257
2258
2290
2307
2314
2389
2391
2400
2402
2432
2436
2505
2533
2539
2540
2647
2663
2694
2702
2703
2746
2817
2838
2858
2896
2915
2965
3018
3037
3152
3158
3237
3238
3274
3278
3296
3298
3413
3414
3437
3475
3476
3486
3490
3526
3533
3572
3575
3576
3577
3632
3700
3702
3708
3751
3752
3950
4057
4098
4108
4122
4124
4125
4174
4225
4241
4416
4417
4515
5176
5178
5256
5258
5259
5306
5592
5627
5677
5702
5732
5734
5739
5741
5764
5770
5775
5777
5779
5788
5790
5792
5793
5817
5818
5835
5853
6177
6178
6617
6619
6635
6650
6652
6665
6670
6676
6678
6679
7033
7037
7290
7292
7891
7910
8181
8182
8193
8198
8574
8575
9015
9016
9339
9346
9347
9677
9892
9893
9927
9997
9998
10038
10039
10235
10642
10732
10749
10771
10851
10889
10921
10926
10927
10971
10972
11058
11060
11264
11266
11270
11278
11399
11450
11457
11463
11465
11482
11483
11595
11596
11949
12090
12091
12192
13559
13569
15950
16243
16286
16749
16750
17887
17894
17904
18110
18112
18883
18884
19184
19186
20315
20316
21846
21847
22518
22546
22822
22824
22867
22868
25065
25069
25100
25105
25346
25347
25788
25789
26859
26861
51957
51960
52720
52722
52833
52835
55600
55604
56639
56640
70032
70033
47
158
226
479
566
592
610
642
643
645
649
652
658
668
669
673
690
703
738
742
744
745
746
750
754
852
976
977
1067
1072
1080
1083
1088
1089
1110
1115
1138
1166
1207
1248
1263
1373
1421
1506
1523
1524
1638
1678
1787
1796
1818
1856
1860
1861
1896
1944
1952
1976
2235
2275
2384
2412
2428
2429
2434
2548
2551
2557
2588
2641
2643
2675
2811
2819
3072
3282
3394
3397
3440
3484
3501
3522
3524
3545
3548
3555
3557
3770
3823
3896
3901
4162
4163
4329
4330
4459
4460
4718
4719
4811
4831
4834
4860
4861
4862
4943
4945
4946
4947
5529
5530
5531
5534
5540
5549
5550
5551
5552
5556
5559
5584
5588
5623
5631
5632
5670
5671
5750
5751
5815
5828
5832
5838
5854
5855
5856
5859
5862
5864
5876
5879
5907
5908
6210
6213
6419
6429
6751
6881
6882
6910
6911
6943
6952
7059
7159
7200
7231
7232
7984
8086
8090
8320
8329
8611
8612
8626
8951
8953
9037
9038
9084
9086
9319
9320
9321
9324
9549
9550
9604
9605
9631
9632
9638
9687
9691
9693
9703
9763
9782
9784
9785
9908
10181
10206
10232
10250
10253
10632
11876
11878
12394
13005
13046
13048
13183
13212
13245
13246
13252
13260
13286
13287
13319
13321
13322
13324
13331
13341
13354
13367
13369
13385
13386
13387
13396
13404
13555
13556
13557
13568
13578
13610
13632
13633
13647
13648
13752
13755
16664
16665
17029
17030
17261
17274
17293
17294
17329
17330
17500
17501
17502
17504
17527
17528
17919
18231
18233
18265
18450
18451
18961
18962
19451
19452
19657
19659
19677
19678
19940
19941
20313
20520
20521
20652
20657
20700
20701
21325
21362
22967
22975
23748
23749
24531
24532
25938
25939
26395
26400
27478
27487
27984
27985
30255
30262
30441
30445
31449
31452
32974
32979
33160
33161
34215
34217
34502
34503
34685
34686
34867
34914
34973
34975
35438
35575
35779
35781
36338
36340
36706
36731
37052
37055
37314
37362
37581
37582
38154
38155
41261
41307
42356
42373
43980
43981
45608
46650
46660
47385
47386
53147
53148
56892
56893
59098
59099
71198
71200
72501
72502
82111
82112
83119
83121
84327
84328
84330
84370
85109
85155
90919
90925
90928
90929
92784
92786
93149
93153
93393
93398
94574
94575
97547
97551
98025
98031
99542
99544
4
12
64
65
108
160
165
166
194
322
365
377
380
529
577
615
633
644
656
849
850
991
995
1154
1177
1215
1243
1333
1382
1411
1418
1685
1733
1735
1785
1815
1868
1871
1932
1933
1934
1940
1978
2117
2119
2124
2125
2129
2319
2359
2453
2454
2456
2462
2547
2550
2560
2563
2572
2573
2602
2604
2606
2607
2614
2688
2710
2715
2717
2757
2766
2883
2954
2955
3137
3138
3142
3150
3173
3174
3266
3269
3308
3313
3367
3422
3423
3507
3509
3525
3537
3600
3618
3628
3629
3630
3634
3642
3643
3660
3661
3776
3777
3847
3944
3953
3994
3997
4047
4054
4059
4060
4183
4212
4213
4280
4283
4286
4318
4385
4386
4388
4408
4444
4445
4471
4499
4500
4502
4504
4505
4536
4543
4584
4686
4687
4691
4733
4734
4776
4777
4787
4788
4826
4827
4828
4838
4839
4878
4909
4913
4914
4935
4938
4942
4958
4961
4962
4963
5001
5002
5046
5060
5078
5270
5280
5315
5435
5436
5438
5440
5441
5442
5443
5448
5489
5502
5542
5599
5618
6008
6009
6243
6244
6278
6279
6966
6967
7029
7864
7868
8206
8207
8373
8374
8395
8559
8581
8696
8698
8929
9023
9039
9569
9570
10126
10416
10876
10879
11471
11473
12206
12207
12381
12382
12427
12691
12692
13118
13122
13179
13196
13197
13202
13535
13626
13644
13749
13751
13808
14154
14155
14208
14209
14359
14474
14475
14527
14871
14873
15516
15533
15738
15741
16107
17041
17078
17320
17333
17401
17402
17445
17446
17513
17515
17800
17808
18074
18075
18542
18543
19079
19080
19307
19672
19683
20162
20180
20223
20224
20603
20606
20702
20703
21621
21622
22647
22659
22685
22687
22703
22710
22711
23297
23551
23553
23647
23651
23721
23745
23746
23750
24219
24220
26705
26708
27146
27159
27627
27632
27894
27895
28122
28123
29734
29735
30014
30048
30906
30910
30946
30949
31029
31031
31078
31079
31803
31810
32677
32679
32741
32745
32924
34475
34477
34853
34875
34951
34952
35298
35299
36485
36489
36703
36709
36767
36769
38425
38427
38694
38715
38887
38922
39463
39468
41088
41099
41287
41290
42101
42124
42669
42673
43979
43983
43992
43994
44133
44214
44938
44940
45431
45436
45576
45577
46174
46175
48736
48737
49201
49205
50787
50788
55608
55609
55768
55771
57648
57664
58046
59122
59131
59469
59470
59794
59798
59875
59876
71711
71722
72014
72016
73282
73283
77575
77582
80034
80035
80168
80169
91602
91603
91836
91838
93450
93458
93794
93796
56
77
100
150
249
364
641
671
716
787
985
986
997
1081
1126
1179
1285
1349
1405
1458
1502
1547
1563
1604
1605
1612
1756
1771
1786
1803
1811
1873
1880
2029
2030
2072
2146
2216
2246
2249
2250
2335
2336
2338
2419
2420
2468
2659
2693
2701
2781
2799
2810
2831
2835
2913
2914
2969
3064
3065
3089
3108
3110
3121
3197
3198
3236
3443
3446
3471
3495
3540
3542
3551
3553
3641
3655
3659
3736
3738
3982
3986
4211
4288
4290
4366
4367
4521
4524
4626
4770
4960
5127
5128
5170
5172
5173
5217
5218
6245
6651
6727
6728
6781
6968
6969
7010
7021
7174
7175
7240
7249
7305
7526
7527
7545
7547
7637
7643
7744
7853
7855
7902
8222
8656
8665
8678
8681
8870
8871
9105
9110
9723
9724
10272
10274
10336
10337
10353
10427
10438
10439
10683
10685
10714
10893
10895
10997
11001
11008
11025
11059
11185
11410
11414
11447
11698
11699
11711
11713
11737
11741
11857
11901
11942
11943
12430
12432
12711
12712
12745
12746
12823
12824
12974
12976
13069
13079
13105
13107
13117
13119
13361
13363
13479
13492
13685
13689
13691
14210
14786
14787
14845
14848
14894
14895
15448
15449
15538
15539
15597
15607
17207
17212
17668
17764
19738
19742
20692
20694
20980
20981
21257
21258
22475
22476
22734
22735
22981
22990
23853
23857
24380
24381
24514
24515
24629
25476
26074
26077
26603
26604
26768
26769
27474
27475
28216
28220
28388
28390
28529
28530
29090
29096
29397
29399
29473
29476
30242
30250
30358
30394
30765
30767
32865
32884
33048
33050
33171
33172
33250
33253
34608
34609
35166
35172
36056
36057
36792
36801
37403
37404
39039
39041
40078
40080
40958
40960
41150
41151
41244
41245
41874
41884
42623
42652
42906
42908
43156
43160
43471
43472
44536
44541
49305
49307
51062
51063
51718
51719
55800
55806
56082
56083
56168
56170
57440
57444
58055
78365
78366
83252
83254
84701
87849
87851
88946
88947
94337
94338
36
76
89
90
181
328
449
472
555
564
694
813
814
816
910
937
1213
1237
1287
1441
1457
1459
1527
1639
1720
1806
1909
2079
2162
2163
2164
2166
2169
2171
2172
2174
2175
2177
2179
2180
2185
2186
2188
2189
2191
2226
2227
2304
2305
2489
2492
2584
2892
2894
2898
2920
2960
2971
2972
3563
3571
3573
3614
3837
4019
4120
4169
4487
4490
4741
4748
4785
4789
4812
4813
5049
5050
5114
5116
5165
5716
5717
5839
5842
5944
6017
6074
6080
6179
6203
6207
6291
6603
6687
6795
6796
6876
6877
6891
6894
7206
7389
7390
7400
7401
7407
7409
7937
7963
7964
8241
8254
8551
8552
8723
8725
8889
8893
8989
8990
9592
9593
13496
13501
14992
15005
15748
15750
17136
17141
17144
17147
17339
17345
17456
17457
17459
17469
17472
17795
17801
19302
19305
19591
19594
19719
19737
19976
19977
20077
20079
20192
20372
20373
20379
20382
20438
21068
21073
21261
21270
22670
22672
23981
23993
24701
24703
24837
24839
25119
25121
25635
25636
27704
27716
28191
28196
29221
29228
29557
29558
30189
30192
30676
30679
30937
30942
31505
31506
32603
32604
35061
35062
36508
36509
37779
37851
38261
38295
38462
38464
40372
40434
41133
41135
42267
42290
42801
42819
44145
44153
45158
45160
45470
45475
47358
47359
48165
48167
49299
49300
60393
60395
63122
63127
63594
63647
63852
63853
68152
68161
70139
70140
73759
73761
78755
6
9
19
59
120
125
126
130
132
140
213
287
308
325
478
542
545
609
781
845
853
856
919
996
1041
1356
1469
1513
1514
1546
1670
1671
1695
1713
1859
1867
1923
2282
2283
2299
2308
2337
2357
2534
2535
2707
2709
2711
2736
2797
2809
2854
2893
3003
3014
3030
3034
3035
3129
3208
3373
3408
3416
3438
3454
3455
3508
3558
3633
3683
3783
3840
3842
3867
3868
3894
3977
3983
4193
4194
4244
4375
4381
4569
4576
4590
4644
4708
4805
4824
4833
4844
4853
5041
5063
5064
5242
5257
5327
5478
5494
5619
5620
5846
5881
6093
6251
6252
6325
6562
6579
6609
6830
6831
6885
6950
6963
7151
7152
7310
7314
7594
7628
7644
7646
7980
7981
8282
8284
8396
8406
8448
8464
8465
8515
8516
9029
9087
9148
9150
9405
9406
9842
9843
10209
10210
10323
10324
10479
10487
10569
10570
10838
10840
10859
10860
11009
11381
11408
11477
11518
11524
11529
11533
11535
11542
11548
11549
11578
11582
11587
11624
11662
11702
11704
12398
12400
12441
12443
13704
13845
13903
13905
14021
14028
14091
14092
14198
14199
14354
14859
14861
14950
14965
15318
15452
15641
15645
15969
15985
16014
16049
16054
16055
16114
16116
16264
16265
16618
16687
16688
16819
16820
17073
17074
17470
17474
17630
17632
17699
17713
18339
18340
19105
19110
19177
19178
19387
19388
19501
19503
19542
19547
19886
19888
20546
20551
21212
21243
21366
21385
21737
21739
21826
21827
22074
22076
22229
22231
22243
22245
22625
22627
22745
22747
22871
22873
22909
22913
23090
23091
23332
23646
23648
23655
23656
23854
23858
24484
24485
24534
24537
25226
25233
25277
25319
25341
25342
25425
25426
25427
25429
25641
25645
25922
25932
26373
26374
26582
26586
26864
26865
27120
27121
27188
27205
27641
27645
27646
27648
27690
27691
27860
27866
29400
29404
29483
29484
29791
29794
29810
29816
30435
30450
32017
32018
32028
32030
32439
32440
32501
32520
32596
32597
32678
33424
33829
33833
34313
34314
34377
34379
34415
34589
34590
34621
34759
34761
34888
34889
35220
35222
35224
35281
35708
35729
36790
36791
36855
36879
37289
37290
37709
37710
37924
37925
38472
38474
38757
38758
38784
39234
39240
39318
39619
39620
40577
40609
40665
40667
41311
41319
42566
42567
42804
42805
43491
43493
44238
44240
44289
44295
44638
44640
45071
45129
45206
45215
45919
45923
45991
45992
46323
46324
46711
46713
46978
46979
47021
49720
49732
49855
49944
49945
49953
49979
49985
49987
49988
50160
50162
69782
69783
74709
74712
76318
76319
76718
76756
76819
76820
77037
77038
85411
85418
86346
86353
50
98
147
149
197
263
302
379
452
457
535
588
748
757
758
760
780
901
960
967
1051
1055
1170
1320
1321
1445
1479
1496
1498
1501
1504
1669
1767
1797
1853
1883
1884
1980
1982
2160
2224
2248
2260
2349
2451
2459
2836
2844
2848
2887
2889
2900
3281
3325
3519
3520
3908
4488
4666
4680
4752
4753
4757
4759
4765
5392
5394
5611
5614
5747
5748
6000
6002
6269
6271
6427
6428
6441
6443
6503
6505
6675
6794
6809
6810
7024
7143
7647
7674
7679
7710
7911
7912
7931
7958
7959
7960
7996
7998
8205
8720
8722
8826
8840
9004
9022
9026
9032
9055
9073
9098
9099
9102
9103
9404
9499
9502
9664
9666
9680
9682
9939
9940
10149
10150
10931
10933
11259
11261
11509
11511
11515
11516
11697
11708
11840
11844
11845
11892
11903
11906
12025
12037
12159
12209
12350
12362
12380
12395
12415
12437
12674
12685
12913
12914
12935
12941
13123
13325
13326
13811
13814
14337
14340
14374
14375
14844
14876
14877
14880
14951
14952
15355
15356
15766
15767
15791
15828
16521
16522
16641
16655
16747
17018
17025
17395
17396
17466
17468
17603
17609
17631
18002
18018
18090
18100
18447
18455
18506
18510
20158
20164
20585
20586
20672
20674
22652
22653
22702
22707
23295
23371
23372
24474
24476
24498
24499
24754
24769
24865
24866
24951
24958
25793
25794
27220
27221
27587
27596
28308
28317
30635
30678
31141
31164
32657
32658
33948
33954
34137
34138
34457
34460
34465
34831
34833
35919
35927
36108
36110
36428
38626
38631
39103
39104
39537
39539
40111
40112
40190
40191
41110
41111
41735
41736
42093
42094
44069
44070
45933
45934
47079
47082
47188
47190
47782
47783
47919
47920
51670
51702
52118
52119
52657
52660
57124
58203
58431
58433
58538
58540
58564
58652
59031
59039
61088
61091
61648
61652
61698
61699
62190
62192
63317
63319
63448
63465
65596
65598
65617
65618
66551
66556
67770
67772
68387
68392
69864
69865
70694
70697
70725
70727
72932
72933
74049
74053
74375
74384
75637
75648
77162
77163
78775
78776
81016
81018
81406
81409
82453
82454
83663
85082
85085
85089
85412
85413
86234
86236
86294
86296
86714
86746
86997
87006
87699
87700
88337
88339
88657
88663
88678
88715
89305
89306
89474
89489
90887
90890
90912
90914
91376
91402
91498
91500
91599
91732
91740
91741
96809
96810
98112
98114
99081
99082
99365
99366
99776
99777
3
99
411
476
477
482
549
749
778
806
808
809
896
897
929
975
1070
1092
1173
1254
1283
1297
1298
1316
1402
1462
1584
1585
1608
1609
1661
1687
1751
1762
1814
1821
1878
1881
1882
1885
1910
1927
1971
2021
2075
2138
2153
2190
2200
2206
2215
2219
2220
2229
2230
2247
2251
2378
2379
2943
2988
2996
3010
3135
3299
3302
3433
3434
3479
3480
4466
4468
4494
4573
4574
4640
4641
4898
4910
4912
4976
5274
5407
5554
5646
5647
5893
5895
6321
6323
6808
6875
6949
6951
7008
7009
7066
7067
7664
7666
7741
7841
7851
8089
8117
8119
8291
8302
8494
8508
8509
8939
8946
8947
8955
8972
9109
9390
9391
9526
9528
9573
9574
9696
9697
10113
10114
10385
10391
10414
10938
10939
10975
10977
11161
11162
11296
11297
11744
11746
11921
11922
11929
11958
12684
12686
12827
12828
13686
13900
13921
13971
13980
14328
14370
14448
14449
14585
14586
14838
14856
16982
17159
17163
17175
17176
17358
17361
17475
17480
17679
17680
17869
17871
18214
18215
18473
18474
18616
18617
18791
18801
19209
19215
19393
19395
19396
19404
20212
20213
23801
23803
23868
23869
24058
24059
25361
25362
26100
26113
26401
28170
28171
28864
28951
29900
30582
30593
32459
32461
32525
32529
33066
33068
34521
34522
34864
35024
35442
35451
38858
38862
38919
38920
39499
39502
39540
39542
39601
39603
39919
39921
40456
40457
40910
40912
41115
41118
42362
42377
43202
43227
43609
43622
52589
52621
56405
56596
57395
57397
57403
57404
60258
60259
67976
67979
84297
84302
84427
84429
86697
86707
87147
87148
90826
90833
98469
99743
99748
5
14
27
115
116
168
169
279
363
382
385
430
497
591
880
881
1140
1236
1259
1368
1384
1425
1444
1454
1471
1472
1558
1626
1628
2005
2156
2269
2329
2481
2626
2740
2744
2834
2837
2879
2903
2906
2950
2990
2991
3126
3127
3242
3294
3363
3494
3500
3662
3704
3827
3829
3859
4292
4304
4315
4316
4333
4336
4353
4358
4360
4540
4658
4663
4832
5141
5262
5264
5303
5304
5372
5373
5477
5607
5844
5978
5986
6172
6174
6215
6221
6331
6332
6582
6587
6599
6601
6624
6646
6647
6663
6849
6855
6921
7049
7051
7056
7058
7552
7573
7696
7698
7728
7732
7870
7878
7928
7948
7950
8021
8023
8273
8517
8518
8652
8659
8920
8922
8970
8973
8974
9308
9340
9492
10111
10131
10161
10162
10359
10360
10478
10500
11306
11369
11371
11531
11545
11870
11872
12336
12337
12372
12373
12706
12707
13068
13133
13135
13139
13140
13141
13600
13616
13617
13630
13631
14319
14320
14683
14684
14809
14812
15407
15432
15601
15602
17121
17124
17180
17182
17403
17505
17576
17578
17589
17590
17641
17642
17658
17659
18088
18089
18300
18304
18569
18590
18832
18856
18857
18886
18888
19438
19459
20439
21413
21414
21745
21829
21917
21924
22348
22355
23649
23650
26207
26212
27223
27227
27941
27974
29037
29038
29191
29192
32282
32291
34126
34128
35661
35662
37890
37894
37988
37990
39046
39051
40089
40090
40458
40459
46209
46210
46819
46820
46996
47002
51176
51178
52481
52487
53304
53341
54210
54230
54348
54349
54578
54581
55274
55276
57185
57186
57573
57580
57931
57934
61312
61313
61614
61615
63151
63152
65515
65521
69112
69113
73555
73557
74906
74911
80015
80016
80078
80079
81344
81345
98730
98736
201
471
485
562
626
664
805
819
830
920
926
943
972
1004
1201
1270
1271
1280
1332
1657
1691
1813
1825
1947
1951
2050
2052
2054
2059
2067
2100
2238
2302
2332
2396
2403
2408
2417
2441
2443
2517
2519
2620
2627
2652
2653
2664
2681
2723
2726
2727
2731
2788
2926
2997
3011
3076
3101
3109
3139
3145
3146
3191
3270
3315
3371
3996
4031
4032
4101
4109
4134
4146
4201
4236
4305
4306
4337
4359
4363
4383
4432
4433
4436
4440
4453
4462
5022
5163
5164
5827
5963
5964
6020
6034
6065
6115
6117
6153
6154
6313
6324
6387
6388
6417
6456
6462
6463
6573
6574
6612
6648
6649
6662
6674
6681
6683
6717
6719
6766
6767
6777
6835
6836
6838
6845
6867
6869
7044
7068
7112
7117
7155
7166
7218
7226
7227
7419
7478
7480
7570
7572
7695
7778
7779
7836
7837
7871
7872
7924
7925
8051
8111
8118
8126
8136
8138
8153
8161
8177
8185
8204
8217
8223
8235
8236
8266
8279
8281
8289
8290
8347
8350
8370
8401
8402
8408
8409
8819
8865
8866
8872
8883
8884
8886
8890
8898
8901
8954
8960
8975
8977
9012
9013
9113
9374
9384
9388
9551
9556
9580
9583
9584
9596
9692
9698
9717
9753
9869
9891
9901
9902
10120
10129
10483
10530
10594
10598
10659
10678
10679
10769
10894
10925
10995
11213
11214
11275
11444
11448
11459
11468
11470
11637
11639
11652
11656
11657
11658
11898
11969
11975
12044
12048
12049
12279
12280
12281
12283
12290
12302
12308
12314
12316
12317
12319
12320
12323
12328
12346
12358
12363
12370
12371
12417
12418
12419
12420
12426
12439
12501
12502
12505
12518
12520
12523
12525
12527
12528
12530
12535
12536
12806
12895
12903
12936
12943
12946
12963
12966
12987
13020
13026
13085
13194
13195
13198
13563
13566
13912
14125
14126
14373
14406
14407
14554
14555
15081
15084
15130
15133
15232
15376
15394
15672
15673
15675
15676
15677
15679
15680
15682
15685
15687
15689
15726
15742
15751
15754
15756
15758
15760
15764
15770
15781
15782
15822
15823
15888
15889
15890
15892
15893
15894
15896
15900
15901
16007
16008
16040
16074
16090
16110
16111
16156
16271
16280
16281
16325
16326
16327
16329
16332
16339
16538
16571
16707
16708
16709
16710
16734
16738
16839
16855
16870
17058
17059
17066
17148
17331
17529
17549
17895
18157
18158
18275
18276
18391
18395
18631
18641
18667
18669
18974
19000
19208
19260
19261
19420
19422
19428
19429
19475
19476
19558
19588
20111
20112
20151
20426
20427
20573
20574
20829
20830
20906
20910
21400
21401
21433
21496
21497
21521
21687
21689
21778
21783
21982
21983
22021
22023
22065
22066
22133
22134
22202
22206
22825
22826
22895
23542
23688
23695
23701
23702
23728
23730
23735
23737
23755
23777
23789
23862
23863
23973
23974
23999
24000
24055
24057
24302
24306
24347
24349
24351
24353
24384
24842
24844
24883
24885
25224
25231
25537
25556
25585
25586
25820
25821
25997
26004
26209
26242
26243
26278
26279
26353
26355
26507
26711
26713
26733
26734
29006
29007
29128
29144
29458
29459
30163
30164
30805
30806
30829
30862
30868
30870
31238
31285
31293
31298
31299
31783
31909
33138
33236
33273
33295
33296
33494
33495
33722
33728
34258
34691
34694
34700
34702
35198
35200
35380
35381
35501
35516
36005
36007
36888
36906
39368
39370
40231
40232
44632
44633
46142
46160
49898
49902
50298
50299
50420
50451
51151
51154
51738
51739
53789
53843
54135
54136
54435
54436
54585
54586
54927
54928
56837
56840
57109
57114
57908
57910
60634
60654
60678
60679
61419
61420
63265
63266
66040
66042
66734
66735
67045
67046
68482
68484
70478
70479
71448
71450
71675
71676
71766
71767
73464
73467
80621
80625
80856
80858
87297
87298
91211
91212
91902
91906
281
282
285
541
579
593
889
894
1216
1264
1265
1322
1329
1331
1335
1336
1365
1461
1484
1494
1510
1741
1748
1850
1862
1942
1949
1987
2025
2060
2181
2245
2628
2634
2719
2948
2985
2989
3211
3273
3465
3467
3473
3487
3488
3759
3832
3920
4035
4048
4062
5557
5558
6077
6229
6231
8003
8011
8082
8133
8135
8342
8345
8346
8868
8874
8980
8981
9227
11454
12019
12020
12695
12697
12900
12901
13531
13532
13721
13722
14575
15050
15059
15471
15477
15863
15864
16115
16931
17782
17785
17813
18891
20280
23458
23464
25058
25061
26698
26699
28465
28467
28645
28701
30270
30296
30444
30446
30527
30534
31854
31856
32889
32902
34036
34040
35848
35849
41188
41189
42922
42924
44194
44196
44270
44272
49425
49427
53066
53068
53531
53554
55830
55831
57793
57794
58632
58655
65453
65454
67193
67224
69343
69355
73251
73252
38
209
296
311
468
507
540
605
713
714
737
777
872
1112
1143
1145
1187
1235
1822
1922
1931
1945
1974
1977
1984
2010
2087
2088
2096
2097
2144
2151
2270
2281
2341
2344
2387
2393
2435
2516
2537
2538
2644
2648
2680
2708
2734
2735
2737
2748
2750
2752
2754
2795
2796
2800
2885
2941
2942
3017
3029
3071
3073
3074
3079
3140
3141
3147
3149
3214
3215
3216
3223
3240
3255
3258
3316
3341
3406
3407
3547
3610
3613
3665
3666
3699
3774
3775
3779
3781
3815
3820
3821
3929
3930
3970
4023
4044
4069
4105
4106
4191
4192
4268
4269
4340
4472
4473
4483
4513
4589
4662
4688
4743
4750
4751
4936
4941
4944
4953
5130
5131
5137
5142
5153
5180
5181
5186
5187
5191
5204
5266
5269
5273
5289
5290
5302
5316
5320
5383
5387
5400
5431
5484
5485
5643
5644
5731
5823
6025
6157
6158
6166
6219
6224
6228
6232
6233
6234
6235
6255
6277
6399
6421
6426
6439
6686
6853
6857
6923
6948
7002
7080
7150
7165
7169
7524
7546
7551
7601
7605
7616
7636
7807
7809
7983
8004
8059
8060
8142
8195
8247
8249
8340
8425
8442
8443
9695
9708
9903
9904
10192
10193
10507
10510
10777
10976
10988
11144
11147
11148
11178
11179
11183
11184
11544
11564
11568
11665
11666
11691
12022
12023
12084
12085
12099
12101
12222
12223
12506
12522
12742
12857
13042
13043
13045
13113
13207
13210
13481
13482
13592
13897
13898
13925
13926
14115
14122
14306
14307
14321
14322
14641
14645
14881
14883
14902
14908
15003
15012
15091
15612
15613
15832
15842
16063
16065
16821
16822
16900
16901
16902
16958
16960
17020
17022
17185
17673
17675
17783
17792
17824
17825
17833
17842
18050
18057
18165
18167
18362
20708
21280
21286
21759
21760
21797
21877
21988
22135
22139
22141
22144
22693
22695
23020
23023
23756
23773
23774
25638
25639
25682
25843
25996
26832
26870
27109
27110
27839
27938
28164
28617
28620
29175
29176
29426
29427
30995
30996
31176
31179
32127
32132
33252
33657
33850
33855
33922
33923
33951
34061
34062
34586
34588
38238
38307
38913
38915
40201
40214
40217
40946
40947
42271
42272
42896
42897
43776
43849
45271
45272
45523
45524
47392
47393
48300
48301
48671
48677
48898
48901
49309
49595
49598
49600
50011
50012
50076
50079
51882
51884
51924
51925
52648
52649
52986
52987
53533
53534
54483
54485
54894
54895
56570
56669
59583
59598
60220
60221
60300
60303
65731
65880
76184
76185
77836
77842
80793
80794
83672
83682
85767
85768
89589
89590
90221
90228
90713
90727
91441
91442
92808
92810
92844
92858
93286
93287
93418
93422
94036
93
153
191
272
378
435
439
552
1174
1229
1231
1260
1396
1397
1483
1938
2017
2086
2176
2214
2284
2330
2372
2397
2495
2552
2585
2586
2587
2629
2636
2657
2658
2706
2714
2775
2907
2909
2911
2916
2940
2970
2973
3124
3171
3207
3243
3245
3390
3415
3417
3428
3439
3638
3639
3658
3673
3746
3800
3819
3843
3927
4077
4266
4267
4313
4319
4335
4390
4414
4415
4455
4456
4921
4993
5000
5109
5121
5418
5475
5590
5977
6378
6379
6466
6797
7135
7312
7341
7686
7687
7755
7760
7780
7782
8064
8065
8091
8140
8226
8554
9017
9410
9412
9532
9533
9711
9715
9781
9788
9793
9955
9956
9992
10015
10164
10417
10418
10448
10862
10863
10867
10872
11506
11521
11608
11609
11618
12364
12626
12631
12910
12915
12939
12957
13011
13779
13780
14259
14265
14430
14435
14455
14470
14577
14579
14869
15121
15123
15583
15771
15772
15810
15812
16290
16295
17346
17347
17541
17542
17728
18003
18007
18493
18495
19083
19179
19319
19320
19784
19785
19828
20051
20116
20183
20189
20508
20519
20818
20819
21123
21125
21127
21128
22204
22893
22978
22988
23604
23626
23833
23835
24984
24994
25254
25255
25547
25562
25766
25770
25913
25925
27157
27158
29529
32144
32145
33076
33077
33148
33149
33857
34294
34296
35348
35522
35717
35719
35974
35976
36102
36103
36484
36497
36851
36852
37241
37242
37420
37421
38135
38158
38478
38482
38664
38665
40302
40303
40892
40951
41731
41732
44167
44171
44438
44439
45142
45143
45840
45847
46332
46337
46472
46473
46822
46824
47771
47774
47891
47896
47942
47946
48970
48971
49950
49951
50220
50235
51966
51972
52321
52328
55203
55204
55566
55569
56363
56364
56452
56453
64490
64491
68017
68019
77227
77229
78712
78714
78819
78821
78899
78909
78914
78916
79220
79222
82004
82011
82497
82563
83248
83249
85078
85123
86295
86316
89533
89534
90022
90024
91557
91559
94649
94662
97112
97113
98616
98618
98969
98978
99129
99130
99968
99972
381
459
558
759
803
831
952
978
1107
1238
1291
1295
1642
1704
1749
1757
1758
1773
1864
1865
1870
1893
1894
1902
1913
1958
1959
1998
2095
2109
2297
2365
2377
2394
2484
2485
2490
2503
2504
2603
2662
2672
2712
2767
2768
2802
2815
2847
2929
3277
3284
3351
3364
3396
3457
3624
3654
3656
3657
3668
3689
3690
3705
3707
3773
3935
3936
3957
3961
3963
3964
3966
3967
3993
4034
4182
4251
4261
4262
4264
4328
4380
4428
4493
4592
4607
4615
4633
4661
4674
4675
4742
4761
4763
4764
4768
4782
4791
4792
4793
4795
4796
4846
4881
4883
4895
4897
5088
5089
5136
5182
5183
5210
5334
5335
5651
5652
5782
5784
5939
5941
5991
5992
5995
6001
6037
6318
6535
6644
6733
6734
6768
6784
6834
6980
6981
6990
6991
7016
7017
7220
7223
7297
7298
7405
7406
7463
7485
7525
7623
7624
7626
7684
7725
7726
7815
7818
7829
7832
7844
7849
7888
7889
7894
7895
7965
7966
8015
8025
8077
8078
8165
8169
8263
8265
8310
8312
8473
8478
8479
8483
8491
8497
8619
8622
8694
8697
8705
8706
8923
8924
8987
9001
9025
9048
9053
9056
9057
9059
9061
9067
9070
9071
9080
9088
9120
9167
9172
9184
9185
9197
9201
9239
9250
9545
9546
9558
9694
9726
9730
9743
9890
9905
10021
10022
10156
10158
10310
10311
10313
10314
10595
10597
10599
10600
10601
10638
10640
10644
10656
10660
10703
10861
10865
10871
11137
11138
11160
11777
11781
12182
12183
12189
12190
12375
12376
12383
12446
12483
12781
12783
12927
12928
12950
13142
13150
13152
13155
13165
13184
13211
13489
13490
13601
13690
13725
13729
13938
13943
14043
14044
14367
14372
14733
14735
14889
14890
14896
15092
15159
15180
15192
15198
15312
15316
15480
15684
15694
15783
16879
16883
16913
17209
17211
17539
17619
17654
17662
17664
17682
17684
17685
17710
17717
17718
17720
17722
17748
17755
17756
17757
17837
17981
17982
18010
18106
18107
18176
18178
18286
18288
18289
18596
18597
18600
18614
18633
18861
19009
19011
19020
19021
19129
19134
19183
19213
19222
19223
19232
19258
19264
19277
19283
19284
19310
19311
19704
19705
19948
19969
20040
20276
20279
20293
20294
20348
20349
20360
20363
20445
20446
20526
20532
20536
20537
20568
20569
21287
21580
21582
21625
22447
22462
22463
22465
22489
22490
22491
22495
22521
22522
22558
22559
22740
22742
23123
23125
23167
23174
23441
23482
23514
23873
24045
24051
24052
24067
24077
24094
24101
24102
24103
24104
24143
24145
24204
24210
24435
24436
24454
24455
24457
24459
24545
24734
24736
24741
24742
24830
27706
27708
27947
27948
28061
28062
30108
30110
37643
37644
43556
43560
44887
44888
44923
44927
44954
44955
46242
46247
46333
46342
46774
46775
47115
47116
47784
48179
48190
48297
48298
48350
48351
48357
48358
49500
49501
50055
50056
50364
50366
50821
50822
51642
51643
51708
51709
51855
51864
52486
52488
52973
53417
53424
53683
53694
53855
53856
54607
54609
54846
54847
55217
55228
55703
55709
55913
55914
55928
55935
56106
56111
56509
56556
56734
56738
57731
57735
57876
57933
57941
58285
58287
58292
58293
60153
60169
60276
60562
60583
61263
61265
61535
61536
62912
62918
71047
71048
78395
78396
81565
81566
86487
86488
89006
89084
89260
89262
91626
91627
93923
93927
174
374
422
463
718
724
859
917
1030
1033
1035
1038
1094
1111
1147
1495
1508
1552
1594
2026
2036
2205
2207
2263
2421
2425
2431
2458
2482
2486
2510
2605
2621
2850
2863
2864
2984
3366
3677
3974
3975
4218
4226
4370
5051
5053
5492
5493
5604
5634
5635
5638
5639
5640
5641
5645
5674
5756
6711
6771
6884
7104
7381
7382
7408
7584
7585
7833
7834
7926
7977
8036
8037
8260
8261
8943
8945
10084
10576
10784
10785
10974
10981
11993
12001
12077
12227
12664
13503
13508
13848
13851
13885
13887
13987
13989
14025
14027
14437
14454
14764
14765
15157
15174
17237
17238
17491
18809
19159
19165
19214
20232
20254
20358
20403
20419
20425
20891
20899
20914
20927
21368
21373
21813
21823
23037
23052
23435
23436
24399
24808
24809
25708
25709
25873
26090
26092
29748
29767
29983
29987
30384
30385
30668
30669
31775
31777
33039
39483
39771
39773
43844
43845
52356
52358
79962
79963
85393
85403
93291
93293
93868
93877
95944
95988
455
508
621
927
974
1010
1036
1178
1182
1184
1407
1653
1914
2004
2024
2032
2035
2038
2041
2042
2178
2211
2380
2467
2513
2528
2549
2713
3023
3099
3331
3456
3543
3626
3688
3768
4393
4397
4441
4442
4705
4707
4848
4849
5160
5161
5605
5606
5812
6015
6016
6247
6248
6328
6330
6340
6445
6447
6516
6536
6639
6640
7036
7041
7253
7254
7291
7295
7927
8213
8256
8768
8862
8864
8938
8940
9180
9187
9231
9281
9822
9824
9830
9832
9900
10212
10214
10571
10574
10631
10665
10675
10727
10728
10919
11068
11072
11123
11130
11243
11245
11349
11351
11513
11600
11683
11831
11847
11904
12357
12481
12526
12534
12734
14297
14298
14863
14885
14886
14888
14893
14971
14979
14981
15006
15010
15019
15193
15200
15201
15204
15208
15210
15216
15217
15468
15470
15505
15510
15525
15526
15729
15799
16379
16380
16389
16390
16478
16480
16646
16722
16724
16737
16964
16966
17107
17108
17186
17188
17338
17787
17789
18559
18568
18848
18849
18949
18952
18964
19040
19041
19055
19056
19189
19191
19298
19568
19572
19713
19811
19823
19824
19872
19875
19904
19910
19916
20394
20635
20663
20678
21089
21091
21234
21240
21627
21628
21657
21665
21667
21912
21925
22528
22529
22629
22630
22814
22816
22995
22996
23467
24371
24377
24378
24379
24527
24528
25506
25511
25513
25704
27222
27400
27403
27962
27963
28125
28134
28152
28163
28166
28189
28265
28266
28425
28434
28449
28450
28472
28564
28565
29131
29132
29369
29371
31032
31034
32283
32368
32383
32402
32403
33334
33335
33453
33456
33576
33577
33640
33643
33646
33647
33651
33652
34499
34501
34504
34555
35120
35123
35128
35153
35169
35170
35171
35175
35178
35194
35336
35340
35445
35448
35460
35474
35525
35527
35617
35618
35687
35688
35700
35701
35762
35767
35768
35769
35770
36104
36735
36736
36745
36746
36776
36780
36856
36859
36896
36903
36907
36911
36919
36921
36949
36953
36955
36962
36963
36977
36985
37051
37062
37063
37064
37261
37263
37355
37366
37443
37455
37458
37459
37495
37513
38819
39408
39487
39490
39491
39498
39534
39642
39643
39694
39695
39847
39900
39902
39903
39907
39909
39910
39911
40060
40062
40063
40064
40099
40100
40137
40147
40349
40353
40360
40361
40362
40523
40525
40675
40676
40736
40768
40814
41209
41210
41212
41278
41313
41315
41321
41340
41373
41374
41376
41379
41380
41382
41384
42904
43623
43624
47162
47163
48954
48955
50393
50394
52701
52702
52729
52731
52826
52829
52865
52866
52925
52927
52956
52958
52972
52974
53015
53016
53040
53041
53042
53079
53088
53095
53109
53144
53589
53893
53894
54247
54254
54255
54257
54260
54307
54320
54321
54324
54329
54331
54332
54995
54996
55625
55627
56283
56284
56367
56377
56386
56423
56534
56535
56555
56607
56611
56703
56708
56757
56758
56762
56763
56764
56766
56767
56768
56771
56775
57130
57135
57314
57315
57446
57457
58355
58356
58388
58389
58610
58618
58621
58623
58741
58744
59765
59767
61208
61215
62682
62683
63341
63343
63429
63430
64385
64386
64476
64498
64669
64670
64802
64816
64817
64820
64826
64874
64875
64882
64883
64884
64892
64902
64940
64941
65293
65709
65763
65765
65798
65804
67980
67983
70719
70721
70844
70850
71590
73009
73010
73331
73649
73650
75568
75579
75693
75695
76183
76204
76206
76228
76230
76231
76389
76398
77265
77266
79151
79154
79293
79803
80324
80330
81861
81904
82255
82274
83030
83032
84025
84026
84691
84693
84903
84905
84915
84916
84942
84943
84948
84952
85029
85030
85034
85042
85052
85298
85306
85311
85316
85357
85365
85366
85368
85370
85373
85375
85376
85898
85904
85906
85908
85911
85912
86783
86787
88010
88012
95055
95059
99953
715
912
1012
1034
1219
1344
1370
1451
1497
1580
1581
1833
1929
1935
1993
1994
2055
2056
2112
2321
2322
2323
2325
2401
2463
2497
2499
2571
2646
2679
2857
2963
2964
3248
3259
3263
3264
3265
3267
3268
3272
3285
3431
3686
3691
3692
3694
3695
3696
3737
3778
3939
4038
4041
4053
4055
4067
4071
4084
4085
4097
4116
4196
4203
4204
4215
4293
4317
4341
4342
4345
4349
4396
4402
4404
4405
4497
4498
4545
4547
4571
4572
4744
4790
4821
4825
4870
4871
4911
4965
4966
4989
4999
5021
5026
5037
5039
5047
5048
5075
5076
5370
5379
5380
5395
5460
5465
5469
5470
5682
5878
5882
5973
5975
5990
5996
6010
6018
6019
6138
6162
6211
6225
6227
6326
6346
6496
6497
6597
6598
6614
6615
7224
7370
7553
7554
7571
7579
7766
7770
7848
8074
8459
8460
8916
8957
9341
9480
9491
9501
9716
9718
9798
9804
9851
9896
10366
10367
10808
10811
11208
11209
11377
11378
11458
11460
11488
11581
11728
11729
11902
12125
12126
12164
12165
12225
12332
12507
12509
12871
13036
13037
13047
13103
13104
13189
13486
13488
13788
13790
13984
13985
14504
14509
14513
14517
14572
14643
14802
14806
14963
15039
15086
15147
15149
15284
15285
15290
15292
15508
16050
16304
16321
16322
16394
16396
16404
16406
17363
17531
17644
17646
18101
18102
22298
22299
22321
22327
22858
24136
24137
24264
24266
25696
25698
26002
26064
26955
26967
27809
27812
29167
29168
29889
29891
29999
30001
32764
32765
33830
34150
34156
34212
34214
34464
34574
34575
34663
34664
34826
34829
34971
35566
35590
35951
35952
39587
39588
39854
39856
39946
39948
40247
40259
41395
41402
42476
42477
44492
44516
45941
45955
47062
47063
48436
48438
51260
51264
51850
51859
51982
51986
52048
52050
54812
54813
55017
55033
61077
61079
62983
62984
64149
64150
65047
65049
66151
66177
66881
66883
67573
75973
75983
79476
79477
80702
80703
81000
81001
83344
83365
83368
83370
94087
94088
95803
95808
96236
96237
431
576
624
818
835
898
1016
1026
1078
1195
1308
1488
1492
1520
1601
1926
1928
2043
2678
3105
3280
3788
3833
3834
3870
4210
4684
4699
4747
4980
5052
5482
5483
5912
5913
6098
6099
7026
7119
7123
7402
7403
7454
7486
7721
7790
8296
8298
8371
8428
8433
8582
8891
9027
9764
9770
9783
9806
9809
10301
10339
10340
10912
11634
11768
11769
11837
11839
12007
12013
12155
12156
12583
12645
13741
13743
13960
13961
14082
14089
14472
14473
15224
15225
15553
15554
15922
15928
16142
16143
16144
16739
18802
20488
20489
20495
21120
21124
21154
21156
21253
21254
21553
21554
22276
22281
22421
22454
22464
22497
23502
23504
23885
23887
26821
26822
27137
27139
27194
27248
27257
28296
28298
28975
29029
30187
30188
30406
30407
30853
30856
31066
31069
33115
33116
33340
33342
34020
34021
34367
34370
34772
34775
34777
34778
34956
34968
35111
35113
35738
35739
35861
35862
36076
36079
36082
36087
36116
36119
36213
36214
38387
38389
38632
38634
48050
48053
48439
48444
48484
48485
50686
50687
50725
50731
50802
51754
51755
52781
52783
54323
54407
54410
54527
54543
56460
56558
56564
56566
56568
57515
57574
58110
58111
59372
59378
59414
59416
61267
61268
61604
61605
62000
62002
63998
63999
64110
64112
64230
64626
64631
64833
64834
66100
66117
66121
66123
67272
67281
68708
68717
68796
68798
68926
71986
71989
72458
72460
73763
73775
73776
75723
75724
86490
86631
88224
88225
93073
93084
98896
98897
17
227
280
306
623
921
1090
1162
1274
1355
1380
1395
1555
1743
1960
1972
2071
2081
2404
2418
2624
2630
2632
2633
2635
2637
2638
2684
2705
2733
2901
2902
2967
3000
3120
3326
3340
3369
3648
3652
3685
3721
3732
3739
3754
3838
3849
3904
4118
4123
4170
4480
4486
4557
4876
5007
5083
5211
5212
5213
5214
5254
5429
5765
5766
5767
5771
5773
5867
5868
5932
5933
6072
6086
6087
6088
6102
7823
7824
7917
8057
8682
8683
9127
9249
9251
9414
9435
9665
9951
9965
9990
10002
10205
10531
10533
10613
10614
10626
10627
10710
10738
10767
11023
11028
11165
11166
11326
11361
11469
11632
11633
11894
12547
12551
12855
12858
13274
13275
13392
13439
13444
13446
13602
13603
13637
13642
13669
13692
13730
13737
14300
14392
14394
14931
14933
15509
15537
15931
15932
16563
16568
16580
16583
16585
16587
16588
16620
16635
16637
16863
17146
17260
17273
18064
18081
18728
18730
18805
18929
18933
19628
19723
19725
19870
19871
19980
19982
20047
20049
22042
22043
22169
22171
22606
22607
22656
22657
23041
23042
23480
23483
23611
23613
23950
24068
24084
24085
24108
24115
24389
24392
24492
24493
24687
24693
25320
25322
25326
25327
25365
25381
25540
25756
28586
28589
29600
29601
31657
31663
31885
31886
36426
36427
37661
37663
44513
44514
46164
46166
46167
47936
47938
48770
48773
48774
48999
49000
49354
49355
51027
51029
51930
51946
53007
53010
54145
54146
54474
54489
56328
56330
56658
56659
71816
71827
74364
74366
77298
77299
82924
82926
83729
83746
87870
87872
94263
94265
18
442
515
1342
1436
1505
1512
1597
1810
1843
2080
2092
2416
2698
2721
2722
2895
3365
3368
3742
4095
5215
5229
5230
5309
5310
5323
5371
5403
5890
5891
6284
6285
6403
6422
6499
6501
6528
6530
6561
6576
6577
6698
7756
7758
7759
7866
7867
8418
8457
8480
8588
8592
8641
9034
9035
9261
9263
9373
9375
10284
10332
10333
10352
10489
10498
10958
10959
10982
11293
11294
15007
15026
15640
15997
16323
16515
16516
17412
17413
17784
18027
18028
18235
18236
19028
19029
19508
19509
20062
20065
20699
21158
21165
21931
21936
22302
22564
22565
22597
22972
22973
23364
23366
25410
25413
25581
25583
26023
27102
27104
27208
27246
27295
27297
27389
27442
27445
27654
27675
27996
27997
28110
28114
28231
28232
30556
30561
30609
30786
31433
31460
32147
32148
33964
33982
34053
34077
34181
34183
34207
34209
34893
34898
37983
37984
40870
42149
42154
43353
44344
44358
44503
44506
46249
46250
48090
48113
49612
49678
51809
52270
56458
56459
56731
56736
58863
58867
59315
59316
59514
59527
60152
61386
61387
61673
61675
61716
61717
62164
62167
63135
63138
63875
63883
63963
63965
64810
64811
65482
65496
67302
67306
67885
67886
69399
69400
72615
72617
73301
73302
74935
74936
75166
75168
75456
75457
76469
76498
77230
77639
77640
77907
77912
78208
78263
78419
78509
82291
82293
82746
82770
83378
83457
83610
83612
87458
87485
88043
88044
89106
89112
89450
89716
89821
89826
90904
90906
93795
74
404
563
755
1021
1149
1466
1531
1804
1805
2231
2501
2599
2661
2871
2937
3040
3059
3060
3151
3172
3513
3909
4075
4078
4083
4715
4720
4926
5322
5324
5512
5562
5586
5993
6187
6656
6977
7097
7212
7581
7582
7587
7588
7597
7598
7599
7600
7606
7607
7609
7697
7737
7904
9628
10031
10032
10085
10325
10335
10382
10387
10398
10400
10402
10403
10567
10573
11016
11017
11027
11057
11065
11073
11706
11707
11760
11761
12339
14291
14292
14884
15184
15189
15209
15494
15521
18305
18388
18417
21729
22351
22353
22380
22402
22890
22891
23194
23195
23679
23681
28064
28069
28092
28094
28442
28445
28694
28702
29123
29155
30062
30063
32683
33057
33058
33656
33658
34966
34967
36693
36694
37182
37188
37917
37922
40127
40128
41583
41594
41673
41678
41939
41943
44946
44947
47083
47086
49677
49767
49872
51435
51449
51833
51837
52462
52922
52939
57148
57149
57977
57979
58488
58494
58882
58885
62254
62266
67617
67619
70082
70087
74081
74083
74502
74503
77710
77711
81995
81997
82129
82164
82949
82963
83517
83519
83755
83771
88114
88117
88167
88173
88182
88258
96542
96551
96815
96816
99384
99509
416
705
804
941
1032
1066
1165
1244
1277
1338
1357
1535
1548
1561
1562
1602
1823
1828
1904
1954
1955
2040
2076
2094
2280
2287
2355
2474
2615
2842
2843
3165
3203
3219
3222
3288
3289
3321
3359
3377
3546
3640
3884
4141
4160
4246
4247
4387
4593
4595
4682
4698
5464
5471
5548
5684
5686
5730
6007
6145
6200
6202
7001
7006
7118
7136
7375
7431
7432
7893
7915
7971
7997
8143
8157
8159
8242
8432
8535
8536
8572
8576
8661
8802
8807
9407
9595
9727
9768
9769
9773
9831
9838
9839
9948
9957
10486
10549
10575
10580
10582
10961
10964
11116
11203
11212
11822
11823
12436
12504
12576
12579
12830
12835
12840
12977
13055
13056
13124
13740
13742
13979
14118
14129
14242
14243
14302
14445
14452
14713
14760
14762
14923
14924
15273
15274
15615
15616
15838
15840
16490
16785
16787
16798
17101
17160
17304
17314
17355
17360
17428
17460
17481
17698
17714
17715
17799
17803
17830
17906
17907
18093
18109
18115
18116
18128
18220
18222
18384
18519
18533
18534
18695
18704
19345
19346
19369
19373
19891
19893
19898
19899
20078
20086
20326
20327
20643
20644
21213
21215
21263
21264
21481
21482
21805
21879
21948
21949
22220
22293
22294
22322
22324
22439
22443
22458
22459
22581
22582
22915
22920
22984
23296
23481
23596
23598
23852
23961
23963
24060
24129
24131
24133
24150
24151
24212
24451
24458
24948
24949
24964
24979
24980
24983
24986
24987
25001
25184
25185
25345
25637
25711
25715
25940
26313
26314
26499
26502
27625
27626
27628
27629
27815
27820
28172
28173
28385
28386
28400
29100
29101
29531
29700
29713
29989
29990
30207
31289
31491
31492
31985
31988
32342
32343
32513
32514
33874
34094
34096
34391
34697
34698
35006
35009
35112
35118
35308
35310
36106
36107
36158
36255
36857
36862
37069
37070
37237
37240
37543
37547
38105
38112
38116
38117
38865
38866
39209
39210
39506
39511
39545
39734
39831
39833
40115
40124
40323
40328
40965
40970
41089
41377
41378
41963
41965
42010
42011
42125
42126
42168
42170
42342
42344
42502
42503
43495
43496
43985
44114
44115
44836
44837
45233
45240
45399
45400
45519
45520
45715
45722
45903
45904
45989
45990
47189
47193
47641
47642
47866
47872
48718
48727
48757
48760
48984
48986
49390
49391
49450
49451
49759
49761
50365
50377
50472
50473
51475
51477
51547
51548
51612
51613
52133
52135
52234
52235
52881
52882
54088
54089
55501
55502
55656
55662
56808
56809
59543
59544
59648
59650
59886
59887
60165
60646
60816
60817
60868
60871
60907
60909
62288
62326
64374
64376
64775
64828
67724
67726
68060
68062
68149
68150
68245
68252
68448
68450
68569
68571
69108
69110
69238
69239
69365
69640
69643
69644
69947
69977
71186
71208
71457
71458
71808
71838
71839
71841
71932
71933
72268
72271
72638
72670
74075
74082
74723
74725
76477
76478
78414
78416
78560
78561
80898
80903
80945
80950
81178
81180
81631
81634
82451
82472
84009
84325
84326
84794
84847
85924
85925
86150
86151
86720
86721
87172
87178
90927
91245
91246
91641
91905
92385
92390
94427
94450
94452
94615
94618
95341
95342
95847
95849
96046
96047
97772
97774
98117
98118
98398
98399
99379
276
768
1171
1273
1281
1579
1588
1719
1746
1799
2406
2407
2415
2437
2483
2575
2758
2759
2828
2861
2904
2939
2944
2992
3229
3336
3337
3489
3496
3505
3603
3671
3928
3947
3949
4115
4117
4119
4150
4152
4153
4437
4470
4528
4530
4598
4606
4829
4872
5074
5202
5203
5250
5378
5385
5390
5404
5426
5445
5446
5491
5505
5506
5524
5525
5693
5778
5799
5810
5811
5905
6055
6056
6186
6226
6230
6260
6267
6286
6464
6694
6707
6822
7005
7096
7271
7272
7274
7276
7358
7365
7380
7411
7575
7576
7593
7719
7890
7952
7953
8054
8645
8647
8657
8684
8699
8702
8704
8721
8731
8732
8733
8737
8779
9096
9564
9571
10577
10579
10693
10694
11003
11004
11224
11226
12399
12597
12598
13091
13099
13494
13495
13571
15047
15049
16166
16167
17533
17534
18353
18354
18383
18396
18480
18484
19122
19197
19371
19855
19857
21177
21274
21275
21688
23343
23347
23470
23471
23763
23764
23971
23972
24002
24127
24562
24563
24718
24726
24910
24911
27518
27519
27851
27853
27859
28087
28095
28435
28437
29860
30469
30564
30951
30953
31822
31826
32378
32379
32409
32413
33080
33089
33220
33222
33414
33415
33546
33547
33988
33989
34144
34148
36112
36871
38278
38649
39782
41265
41269
41750
41751
45024
45026
45361
45366
45367
45740
45742
46300
46381
46386
46898
46899
46945
46948
47263
47268
48597
48598
48607
48609
48612
48619
48638
48639
48650
48651
49931
49933
50597
50598
50916
50974
51282
51283
51728
51735
52823
52824
53806
53821
54413
54415
57533
57538
57676
57677
57849
57851
58917
58918
59929
59930
61171
61237
61883
61887
67038
67055
68533
68558
69035
69040
69686
69718
70800
70802
73387
73396
75180
75181
75898
75899
76211
76233
76357
76458
77699
77729
78352
78353
79743
79744
80411
80415
93231
93233
95887
95888
95998
95999
96119
96123
96533
96534
97014
97016
97703
97730
98293
98294
98585
98590
99782
99784
935
1438
1742
1981
2310
2368
2398
2399
2980
3449
3822
4343
4344
4533
4562
4634
5028
5029
5091
5339
5341
5414
5728
5923
5924
6339
6769
6772
6988
7562
7564
7665
7667
8010
8178
8521
8522
9020
9021
9186
9630
9675
9676
10068
10070
11012
11013
11019
11022
11879
11912
12194
12196
12552
14060
14499
15737
15739
15938
16249
16274
16438
16459
18266
18523
18524
18960
19147
19175
20068
20153
21732
21738
23116
23157
23380
23381
26772
26773
30501
30502
30540
30542
32498
32510
33396
33401
35650
35667
36527
36544
36634
36635
46795
46817
47368
47458
48104
48106
51834
51936
51959
53598
53865
53867
54775
54782
90441
90448
91824
91827
92387
92392
96261
96264
96273
96274
82
175
467
833
1682
1891
1905
1941
1962
2233
2234
2262
2289
2311
2608
2645
2742
2743
2845
2846
2866
2869
2952
2956
3002
3015
3049
3164
3182
3183
3187
3343
3362
3420
3521
3745
4010
4155
4610
4655
4762
4922
5174
5233
5234
5235
5236
5543
5660
5769
5883
5884
6212
6236
6306
6307
6408
6410
6438
6804
6805
7672
7813
7835
7850
8378
8426
8467
8468
8654
8700
9036
9140
9506
9507
9821
10094
10095
10176
10177
10741
10759
10924
12072
12073
12387
12792
12793
12865
12867
12947
12948
12953
13167
13168
13187
14315
14316
14731
15132
15146
15243
15247
15282
15962
15968
16175
16176
16395
16654
16744
16758
16763
16823
16979
17245
17247
17518
17519
18008
18011
18229
18381
18382
18707
18709
18769
18771
18860
19202
19204
19830
19831
20066
20067
20285
20501
20661
20895
20896
21028
21029
21076
21078
21660
21735
21875
21876
21895
21896
22328
22329
22451
22452
22530
22550
22551
22603
22663
22664
22786
22815
23249
23250
23384
23476
23932
23934
24061
24096
24165
24939
24947
25403
25999
30701
30703
31315
31324
33275
33569
33573
34023
34025
34306
34307
34592
34595
34788
34789
35898
35908
37264
37266
37451
37452
38159
38161
39035
39037
39845
39846
41206
41259
42386
42387
45713
45714
45879
45881
46387
46389
46456
46457
46934
46935
47631
47632
47881
47882
48447
48449
49467
49469
49901
50014
50183
50184
54081
54083
54887
54902
57045
57046
58452
58464
72700
72702
1045
1209
1337
1398
1399
1526
2063
2065
2225
2265
2382
2449
2450
2542
2578
2591
2822
2823
2865
2877
2880
2884
3189
3220
3380
3565
4257
4274
4434
4454
4477
4546
4558
4702
4875
4877
4939
5148
5149
5190
5321
5328
5423
5665
5666
5692
5694
5820
5894
5916
5927
5994
6083
6097
6382
6384
6386
6390
6475
6477
6482
6484
6722
6732
6748
6859
6865
6926
6956
7221
7415
7416
7703
8184
8188
8278
8351
8361
8431
8495
8505
8506
9019
9050
9068
9737
9738
9986
9996
10118
10119
10401
11092
11588
11590
11887
11889
12115
12117
12810
12813
12982
12983
13144
13166
13169
13269
13270
13282
13283
15524
16056
16058
16464
16482
17084
17085
17927
17932
18217
18218
18378
18379
18380
18488
19425
19433
20134
20137
21353
21355
21636
21637
21697
21699
24231
24241
24915
24922
26420
26424
29546
29547
30155
30158
30957
30974
31151
31153
31806
31808
33436
33437
33444
33681
33725
34067
34068
36178
36180
37937
38403
38991
39501
40079
43976
43978
46137
46151
46557
46577
48212
48213
48255
48257
49130
49131
52742
52746
52871
52876
53177
53179
53979
53981
57038
57039
57072
57073
61458
61459
66529
66531
68880
68882
70419
70429
70430
70431
70656
70660
70890
71137
73479
73481
75621
75628
78330
78332
79032
79047
79884
79943
80403
80404
88641
88643
91831
91837
91921
91923
94601
94612
94673
94674
94906
94908
95853
95856
95913
95915
95968
95969
96555
96588
97239
97240
97981
97982
98529
98624
1729
2209
2617
2839
2908
2910
2912
3013
3050
3190
3192
3306
3307
3436
3511
3578
3580
3635
3848
3902
3914
4096
4506
4531
4650
4694
4703
5239
5391
5487
5722
5807
6377
7100
7263
7266
7268
7591
7951
7955
8179
8180
8364
8365
8623
8915
9603
9833
9835
10001
10008
10009
10153
10157
10435
10436
10898
10900
11411
11670
12152
12153
13362
13364
15474
17266
17268
19467
19468
20926
20942
21974
21975
22093
22095
25755
26183
26226
26853
26856
27042
27046
27647
27673
28174
28175
31000
31005
32228
32230
33117
36967
37623
37639
39605
39609
41103
41105
42967
42969
47528
47529
49786
49789
51129
51130
79307
79312
79450
81392
90059
90061
90455
90460
90540
90778
90819
92341
92920
93394
93395
94634
94635
95230
95231
822
923
1452
1643
1686
2184
2300
2820
2821
2961
3441
3450
3503
3535
3712
3794
4002
4063
4139
4332
4654
5105
5206
5546
5547
5582
5762
5772
5942
6182
6715
6742
6743
6786
7147
7148
7163
7279
7425
7530
7531
7532
7632
7706
7707
8578
8579
10293
10468
10469
10523
10528
11709
11710
12119
12329
12331
12569
12571
12612
12625
12848
12849
13092
13311
13312
14480
14807
14808
14887
14985
15056
15649
16026
16310
16312
16347
16548
16550
16711
16878
17062
17063
17352
17353
17407
17408
17482
17483
17550
17776
17779
17780
17850
17851
17864
17924
18021
18344
18346
18910
18926
18982
19138
19140
19418
19419
19492
19494
19562
19564
19624
19625
19867
19868
19917
20623
20625
20849
20861
20955
20957
21151
21152
21674
21781
21782
22621
22622
23771
23814
23820
23978
23987
24309
24313
24829
24831
24868
24871
25018
25019
25125
25126
25131
25317
25386
25387
25897
25898
26218
26232
26438
26439
27013
27033
27380
27381
28582
28601
30902
30905
30971
30977
34405
34406
35751
35752
36826
36840
37527
37535
37730
37731
37946
37947
38367
38371
39199
39206
39565
39570
41835
41837
41843
41844
46570
46571
47309
47310
47982
47983
48188
48442
48932
48934
49067
49071
49543
49978
50052
50187
50277
50279
50765
50766
50879
50880
52279
52281
52667
52668
52810
52811
54322
59074
59076
62593
62595
62609
62960
62961
64311
64316
65298
65300
65471
65473
65543
65545
67143
67704
68767
68768
68842
69349
69363
69432
69435
69465
69468
72213
72217
87963
87965
90585
90586
91969
91970
93312
93313
98191
98193
846
961
2356
2565
2596
3514
3757
3877
5031
5189
5437
6209
6258
6500
7089
7211
8122
8124
8270
8271
8456
8470
8532
10251
10252
10514
10515
10671
10674
10735
10736
10905
11537
11540
11653
11654
12028
12029
12105
12218
12869
13090
13093
13428
13429
14036
14037
14771
14774
16740
16743
16989
17123
17125
17199
17235
17600
17987
18013
18040
18045
18131
18324
18407
18412
20177
20874
20884
20928
20929
21222
21223
21632
21645
23798
23799
24242
24245
24770
24772
30890
30907
31145
31173
31175
32020
36794
36796
37518
37519
38092
38100
38681
38682
38759
38761
40116
40623
43579
43587
52504
52507
54041
54042
68215
68218
70804
76051
76053
76689
76710
77877
77880
79009
79010
94280
94282
95457
95528
98531
648
766
1206
1765
2523
2699
2700
2923
2924
3148
3175
3303
3445
3518
3606
3607
4093
4102
4223
4229
4309
4310
4327
4539
5059
5175
5223
5265
5330
5375
5377
5473
5479
5480
5626
5655
5865
6156
6281
6436
6470
6471
6492
6493
6735
6736
6763
6764
6765
6914
6915
7179
7180
7183
7185
7187
7199
7201
7289
7331
7332
7371
7682
7683
7797
7830
7842
7993
8029
8052
8061
8299
8300
8311
8328
8437
8438
9042
9043
9196
9205
9262
9277
9342
9704
9731
9732
9765
9766
9976
9980
10105
10106
10173
10175
10320
10619
10620
10649
10650
10765
10866
11228
11230
11303
11304
11669
11674
11705
11826
11859
11863
11946
11960
12016
12219
12220
12224
12266
12267
12448
12469
12479
12480
12496
12497
12538
12780
12860
12861
13263
13272
13330
13360
13524
13528
14352
14353
14668
14669
14800
14916
14922
14944
14945
14949
15395
15396
15413
15442
15851
16802
16803
16806
16807
16912
18216
18225
20318
20319
24935
24938
25374
25376
25519
25521
25702
26441
26448
26900
26901
27022
27023
27082
27083
28514
28527
28531
28642
28644
29862
29864
30179
30180
30847
30861
31247
32971
32993
33100
33106
33393
33394
33575
33586
33590
34443
34445
34870
34916
34950
35782
35785
35956
35958
36448
36459
36571
36572
36573
36578
43162
43169
49079
49081
49436
49440
50513
50516
51617
51678
54285
54288
54428
56519
56532
58358
66158
66159
71440
71441
77117
77142
79240
79242
79373
79374
91025
91061
91676
91680
91984
91996
723
1442
1557
1578
1708
2078
2195
2204
2367
2574
2618
2619
2876
2878
2962
3056
3177
3180
3181
3206
3291
3292
3349
3372
3506
3763
3830
3990
4243
4250
4256
4260
4355
4492
4631
4638
4657
4678
4780
4937
5054
5055
5056
5434
6292
7162
7230
7825
7826
8102
8104
8121
8212
9206
10047
10049
10262
10263
12177
12178
12447
12450
12628
12859
13067
13332
13336
13664
13665
14399
14400
14658
14956
14958
15069
15381
15385
16851
16852
17193
17227
18546
18547
18576
18580
18899
19465
19626
20311
21662
21663
21907
22136
22191
22193
22746
22755
23621
23627
23632
23633
27846
27869
27879
27883
28441
28977
28978
29501
29505
30341
30342
30804
31028
32408
33297
35063
35675
36494
36495
39133
39134
44450
44451
45707
45708
46951
46976
47014
47016
47854
47855
49603
49606
49910
49911
50750
50752
51591
51592
52880
53626
53638
55253
55259
58091
58093
58276
58277
58832
58834
60283
60285
62491
62492
64616
64617
64641
64642
65311
65312
70609
70617
72519
72520
72928
72930
74458
74459
75943
75953
75993
75994
83004
83005
83591
83592
84594
84602
84665
84666
85771
85772
85773
86043
86054
86345
87133
87136
88967
88974
88979
88982
90449
90450
91586
91604
94874
94876
98937
98938
514
2324
2326
2491
2582
3161
3287
3332
3532
3987
3988
3989
4027
4131
4173
4200
4409
4410
4603
4604
4639
5100
5140
5348
5351
5374
5376
5495
5496
5726
5729
6188
6190
7115
7462
7659
7660
8038
8228
8230
8628
8857
8948
9165
9198
9199
9282
9289
9292
9354
9427
10102
10104
10168
10169
10291
10813
10868
11336
11372
11374
11380
11762
11766
11770
11945
12644
12649
12844
12893
12894
13465
13967
13981
14049
14054
14282
14283
14456
14482
14508
14614
14617
14640
14709
14840
14842
14874
15370
15371
15408
15411
15412
15414
16951
16956
17742
17744
18321
18503
18694
18754
19022
19032
19323
19324
20063
20087
20141
20434
20435
20478
20482
20552
20844
20846
21064
21065
21066
21607
21609
21763
21873
22211
22234
22236
22468
22470
22883
22884
23110
23114
23469
23879
23880
24779
25045
25046
25404
28350
28352
28526
28528
28937
28957
29314
29366
29695
29730
29746
30747
30771
31118
31230
31231
31267
31269
32101
32104
33480
33481
34734
34738
35429
35431
35519
35564
35565
35704
35705
36263
36265
37066
37074
37536
37537
37839
37848
38250
38253
42939
42940
43795
43796
44226
44227
44661
45144
45414
45415
46143
49454
49457
49835
49840
51280
51281
51312
51317
51843
51844
53684
53707
55929
55937
56778
56783
56995
57002
57855
58350
58354
58800
58801
59002
59020
59788
59790
59891
60699
60700
60728
60729
61870
61871
62854
62859
63862
63885
63889
63948
63950
66577
66578
67623
67635
67804
67861
68238
68243
68656
68657
71749
71755
71878
71888
72753
72763
74673
74674
87687
87689
87718
87720
89801
1054
1246
1453
1673
1819
1957
2352
2472
2515
2524
2527
2640
2654
2687
2738
2888
2946
2951
3052
3097
3098
3155
3157
3217
3218
3260
3385
3386
3389
3432
3530
3684
4681
4714
5405
5413
5565
5571
5974
6005
6006
6141
6143
6146
6298
6301
6359
6370
6372
6608
7154
7160
7589
7934
7945
7961
9111
9647
9648
10020
10024
10030
10041
10043
10160
10380
10383
10655
10661
11070
11071
11076
11078
11757
12286
12287
12379
12682
12694
12703
12705
12747
13300
13301
14151
14159
14223
14290
14414
14434
14576
14913
14914
15027
15031
15286
15287
15461
15462
15624
15625
16359
16361
16590
16592
16596
16607
16615
16617
16619
16621
16622
18209
18211
20904
20908
22358
22417
22432
23505
23507
24260
24261
24441
24442
25158
25926
25927
28204
28206
29216
30131
30133
30135
30146
30147
30293
30294
30790
30791
31727
31732
31995
34073
34074
34075
38130
38132
38407
38408
39112
39120
39300
39302
40954
40959
41243
41338
41381
41718
41724
42067
42069
44040
44045
44137
44141
44241
44242
45973
48420
48441
48673
48674
50641
50649
51144
51235
51828
51829
57312
57316
64755
64838
68604
68609
69663
69697
70732
70733
73200
73202
73416
73417
76157
76179
77156
77765
77766
77890
77891
79492
79494
79873
79876
80061
80065
81333
81334
81696
81698
82073
82074
83773
83968
83973
84488
84670
84674
85434
85435
85606
85624
85853
85854
85905
85918
85941
86747
87627
87628
88428
88430
89229
89939
90178
90191
90226
90235
92394
92397
92874
1278
1666
2756
3244
3534
3801
3857
3858
3981
3991
4331
4407
4501
4884
5061
5237
5305
5561
5583
6043
6045
6375
6811
6847
6872
6873
6954
6955
6965
7270
7979
8321
8822
8828
9005
9060
9062
10077
11867
11871
12228
12229
12330
14654
14656
14700
14702
14796
15431
15433
16097
16308
16415
16702
16764
17271
17272
17496
17497
17687
19216
19218
19221
19271
19330
20553
20592
20865
21192
21784
31418
33231
33270
34561
34563
34903
34907
41517
41559
46261
46264
47417
47420
47455
48777
48780
48812
48813
51729
51732
51861
51863
58736
58737
375
1202
1727
2106
2202
2256
2259
2292
2293
2296
2826
2827
3404
3405
3682
3955
4209
4214
4594
4611
4923
5010
5030
5032
5033
5146
5155
5642
5930
5931
6085
6101
6122
6220
6371
6595
6618
6785
6912
6913
7193
7217
7265
7267
7322
7351
7357
7608
7621
7655
7658
7742
8225
8375
8379
8544
8553
8780
8781
8784
8785
8931
9090
9100
9191
9237
9291
9357
9358
9426
9428
9790
9811
10013
10066
10067
10182
10404
10405
10406
10428
11363
11492
11496
11626
11627
11721
11722
11824
11925
11926
11986
11987
12052
12093
12211
12212
12240
12244
12391
12392
12663
12762
12764
12785
12786
13641
13645
13659
13666
13733
13775
13781
14389
14664
15373
15409
15498
15499
16426
16473
16475
16479
16547
16565
16668
16669
17240
17499
17544
17545
17798
17856
17857
17865
17867
18016
18169
18513
18514
18581
18746
18753
18794
18798
19206
19231
19262
19285
19326
19327
19336
19342
19383
19384
19782
19809
20003
20004
20198
20199
20234
20247
21070
21074
21139
21186
21187
21651
21666
22228
22241
22244
22499
22623
22665
22910
22930
22932
22940
23109
23232
23236
23361
23362
23899
23901
24426
24427
24729
24732
24860
25466
25960
25961
26305
26306
26765
26766
27907
28432
28552
28554
29337
29338
29871
29947
30434
31878
31907
31911
31918
31926
31928
31996
31997
32022
32096
32097
32134
32353
32398
34408
34412
34559
34560
34619
34620
35554
35555
35825
35832
36698
36702
37045
37048
37181
38315
38317
38623
38625
38877
38879
39095
39099
39721
39722
41629
41630
42198
42199
43613
43617
44057
44059
45048
45050
46555
46556
53161
53162
53418
53430
62074
62075
62713
62714
69473
69474
70579
70595
72200
72202
72353
72370
73191
73192
74117
74118
78972
78982
81423
81508
82998
82999
84757
84758
88066
88067
1325
2157
2306
2374
2375
2521
2529
2594
2595
2656
2764
2993
3194
3329
3384
3604
3605
3713
4279
4301
4302
4334
4338
4508
4512
5094
5104
5481
5968
5969
6366
6368
6540
6927
7299
7300
7352
7377
7379
7565
7827
7933
7982
8201
8224
8313
8411
8416
8454
8860
8982
9265
9495
9530
9531
9536
9538
10702
10833
10834
10873
11299
11422
11423
12832
13129
13131
13205
13206
13595
13772
13786
13935
13959
15030
15036
16059
16401
16402
17853
17854
18867
18869
18906
18907
19990
19991
21611
21736
23003
23005
23228
23954
23956
24225
24226
25430
25431
25548
25550
25628
25629
27440
27441
29303
29305
29793
29877
29878
31294
31295
32224
32235
32667
32669
35891
35895
36261
36806
36987
37000
38181
38182
39288
39291
40843
40850
40873
40982
41207
41497
41506
43853
43854
46467
46468
46522
46566
50105
50107
57670
57671
67305
67307
74567
74568
76646
76648
77417
77421
78855
78857
79235
79236
81752
84997
85000
85309
85325
85574
85577
89095
89120
91254
585
676
1747
2082
2093
2137
2690
3051
3311
3536
3828
4197
4613
4614
4786
5580
5581
5719
7501
7502
7901
9559
9560
10103
10213
10844
10854
11348
11350
11433
11436
11504
12118
12607
12609
12997
13000
13554
13561
14254
14255
14446
14447
15434
15638
15696
15859
15862
16169
17190
17414
17415
17831
17832
18708
20265
20266
20411
20416
21979
23118
23119
25173
25174
26229
26231
30210
30213
35418
35427
39606
40095
40268
40271
41740
41746
42823
42825
44829
44830
49679
56244
56245
61026
61028
63657
63669
63712
63892
63949
63951
64432
64438
65303
65319
65335
65336
66854
66857
68487
68490
69768
72521
1042
1292
1564
1788
2405
2580
2770
2867
2932
2935
3061
3094
3498
3591
3697
4040
4138
4154
4157
4567
4568
4830
5062
5357
5363
5474
5553
6283
6317
6319
6790
6791
7013
7014
7055
7106
7392
7393
7595
8524
8526
8658
8739
8747
9280
9284
9422
9423
11421
11695
11696
12069
12079
12106
12367
13497
14324
14625
14626
14749
14759
14978
15135
15137
15252
15253
15574
15575
17284
17601
17793
17794
18099
18111
18130
18144
18639
18640
19721
19881
19882
20443
20485
23175
23176
23255
23264
23418
23517
24083
24106
24372
25655
25792
29174
29179
29617
29627
29967
29980
32819
32820
33185
33419
33420
33514
33515
33740
33742
34057
34059
34865
35759
35764
37502
38731
38737
38775
38924
38929
39529
39530
41469
41470
44957
45063
45086
45148
45150
45863
45869
46012
46023
46682
46683
47931
49283
49291
49455
49488
49634
49636
49861
49862
50244
50245
50352
50359
50727
51021
51031
55106
55110
56054
56055
56163
56164
56344
56358
56451
56461
56675
56676
57518
57519
57559
57618
59247
59249
59938
59939
60671
60676
61394
61396
62124
62125
63835
63837
64922
64934
66451
66452
67322
67341
69105
69107
71155
71160
71217
71218
72630
72632
72766
73215
73221
73539
73540
74665
74830
75355
75362
77056
77061
80487
80488
83708
83713
88118
88122
89611
90157
90159
90825
90827
92631
92633
94443
94462
94719
94759
95984
95985
97648
97707
1754
1917
2388
3221
3409
3749
4068
4072
4384
4446
4612
4781
5122
5132
5171
5544
5545
5691
5746
5901
5903
6092
6273
6276
6383
6394
6409
6960
7986
8129
8131
8237
8238
8286
8287
8514
8985
8986
9576
9577
9594
9852
10003
10408
10526
10944
11256
11428
11571
11577
13405
13406
14120
14287
14288
14331
14336
15177
15339
15343
15582
15846
16771
16775
17493
17588
17963
18006
18418
18539
18540
19108
19113
19430
19431
19439
19440
19685
19686
20117
20119
20227
20252
21614
21881
21886
21952
21953
22067
22069
22203
22207
22538
22541
22604
22605
22688
22689
22892
23399
23612
23654
23658
24547
24548
25699
25700
26220
26762
26771
26922
26925
26949
26965
27635
27636
27726
28426
28428
28466
28608
28611
28736
28941
28945
28984
28986
29919
29921
30973
31867
31919
33291
33299
33595
33621
33627
34205
34206
34284
34295
34845
34863
34920
34972
36936
36973
37324
37326
45566
45585
46731
47369
47460
48337
50768
56777
71998
72243
76075
76079
78132
78133
78477
78489
79194
79195
81107
81108
82711
82878
92413
92414
93833
93834
96394
96395
