0.080563
0.091470
0.000000
0.037031
0.050457
0.021857
0.021245
0.000000
0.000000
0.000000
0.000000

0.062820
0.048121
0.071252
0.025853
0.000099
0.004670
0.000099
0.000099
0.004670
0.000099
0.000099

0.131817
0.055010
0.000000
0.000000
0.024968
0.000000
0.033299
0.000000
0.000000
0.000000
0.000000

0.055077
0.047061
0.018517
0.004955
0.004955
0.000000
0.014951
0.014951
0.004955
0.004955
0.004955

0.126749
0.003925
0.010441
0.018637
0.042025
0.018438
0.000000
0.003925
0.005447
0.005447
0.005447

0.058284
0.011155
0.024472
0.000000
0.017014
0.000000
0.011155
0.000000
0.000000
0.000000
0.000000

0.048164
0.077867
0.033567
0.019661
0.020773
0.007780
0.007780
0.000000
0.000000
0.007780
0.007780

0.045002
0.080189
0.101691
0.000000
0.000000
0.004510
0.004510
0.000000
0.004510
0.000000
0.000000

0.000000
0.066902
0.031853
0.031853
0.026693
0.011778
0.000000
0.000000
0.000000
0.000000
0.000000

0.037091
0.042973
0.021842
0.017778
0.021842
0.000000
0.027688
0.000000
0.000000
0.000000
0.000000

0.054085
0.000000
0.033087
0.020379
0.000000
0.000000
0.000000
0.017387
0.000000
0.000000
0.000000

0.100231
0.077182
0.040486
0.000000
0.022601
0.022601
0.000000
0.000000
0.000000
0.000000
0.000000

0.068496
0.014535
0.054930
0.000000
0.010661
0.017548
0.000000
0.000000
0.000000
0.008983
0.008983

0.109079
0.033310
0.005422
0.015917
0.012566
0.000000
0.012566
0.000000
0.015917
0.000000
0.000000

0.110420
0.035151
0.000000
0.010144
0.000000
0.000000
0.000000
0.010144
0.000000
0.000000
0.000000

0.025826
0.019486
0.008822
0.014143
0.013530
0.006613
0.025826
0.014950
0.006613
0.006613
0.006613

0.033066
0.133939
0.021745
0.060344
0.000000
0.012065
0.000000
0.000000
0.000000
0.000000
0.000000

0.050646
0.087065
0.046148
0.024852
0.014980
0.014980
0.000000
0.000000
0.000000
0.000000
0.000000

0.108146
0.021635
0.000000
0.021635
0.021635
0.019629
0.000000
0.000000
0.000000
0.000000
0.000000

0.178122
0.034501
0.042076
0.015566
0.033902
0.023751
0.000000
0.000000
0.000000
0.000000
0.000000

0.175844
0.049273
0.002639
0.000000
0.000000
0.000000
0.000000
0.000000
0.002639
0.000000
0.000000

0.018065
0.000043
0.014738
0.002397
0.000043
0.008174
0.000043
0.000000
0.002397
0.002397
0.002397

0.073052
0.038457
0.074609
0.025624
0.000000
0.000000
0.025624
0.000000
0.002087
0.000000
0.000000

0.037099
0.000000
0.002391
0.016008
0.016008
0.002391
0.002391
0.000000
0.000000
0.000000
0.000000

0.136326
0.121637
0.048719
0.000000
0.000000
0.024490
0.000000
0.000000
0.000000
0.000000
0.000000

0.070876
0.026598
0.062900
0.022180
0.000000
0.000000
0.000000
0.000000
0.000000
0.000000
0.000000

0.169480
0.059263
0.046334
0.000000
0.000000
0.000000
0.000000
0.000000
0.000000
0.000000
0.000000

0.100045
0.015593
0.030069
0.000000
0.043190
0.000000
0.000000
0.000000
0.000000
0.000000
0.000000

0.144106
0.009453
0.009453
0.000000
0.000000
0.018764
0.009453
0.000000
0.000000
0.000000
0.000000

0.103202
0.045114
0.000000
0.039713
0.045114
0.020637
0.000000
0.000000
0.000000
0.000000
0.000000

0.009659
0.001794
0.001794
0.048722
0.018320
0.000000
0.001794
0.019253
0.001794
0.001794
0.001794

0.052500
0.038772
0.087823
0.026685
0.037554
0.000000
0.018234
0.000000
0.000000
0.000000
0.000000

0.080486
0.072032
0.036109
0.000000
0.000000
0.006830
0.014460
0.000000
0.000000
0.000000
0.000000

0.057065
0.080913
0.076290
0.000000
0.000000
0.029495
0.000000
0.000000
0.000000
0.000000
0.000000

0.159750
0.014526
0.105381
0.000000
0.000000
0.005068
0.000000
0.000000
0.017327
0.000000
0.000000

0.014602
0.024745
0.004549
0.033638
0.013187
0.000000
0.000000
0.000000
0.000000
0.000000
0.000000

0.008373
0.017887
0.000000
0.000000
0.006115
0.000000
0.008373
0.008373
0.000000
0.008373
0.008373

0.041576
0.040169
0.075669
0.037904
0.000000
0.000000
0.021146
0.000000
0.000000
0.000000
0.000000

0.108845
0.110143
0.007929
0.025398
0.025398
0.000000
0.009542
0.000000
0.000000
0.000000
0.000000

0.085159
0.100483
0.024726
0.000000
0.025347
0.019762
0.000000
0.000000
0.000000
0.000000
0.000000

0.085789
0.081074
0.085789
0.000000
0.000000
0.000000
0.000000
0.006731
0.000000
0.000000
0.000000

0.077673
0.053295
0.018596
0.029043
0.000000
0.018596
0.000000
0.000000
0.000000
0.000000
0.000000

0.111208
0.017967
0.052617
0.070748
0.013960
0.000000
0.000000
0.000000
0.000000
0.000000
0.000000

0.183369
0.021617
0.033251
0.021617
0.010005
0.000000
0.010005
0.000000
0.006746
0.006746
0.006746

0.051148
0.000000
0.000000
0.021550
0.069698
0.018233
0.000000
0.000000
0.000000
0.000000
0.000000

0.134769
0.000000
0.012328
0.001648
0.000000
0.036249
0.001648
0.001648
0.001648
0.001648
0.001648

0.080112
0.000000
0.041300
0.000000
0.012538
0.000000
0.000000
0.000000
0.000000
0.000000
0.000000

0.048408
0.083467
0.014487
0.000000
0.000000
0.005960
0.000000
0.000000
0.000000
0.000000
0.000000

0.008547
0.008547
0.021090
0.000000
0.008547
0.000000
0.000000
0.008547
0.000000
0.008547
0.008547

0.110296
0.052473
0.071963
0.025741
0.000000
0.000000
0.029531
0.000000
0.000000
0.000000
0.000000

