0.051330
0.000000
0.000000
0.000000
0.011716
0.000000
0.011716
0.011716

0.012448
0.012439
0.000000
0.000000
0.000000
0.000000
0.000000
0.000000

0.051219
0.014023
0.014023
0.014023
0.000000
0.000000
0.000000
0.000000

0.070866
0.027181
0.017342
0.000000
0.000000
0.000000
0.000000
0.000000

0.013889
0.015613
0.024835
0.012432
0.012432
0.000000
0.000000
0.000000

0.008592
0.010810
0.012814
0.000000
0.010810
0.000000
0.000000
0.000000

0.042937
0.028478
0.039115
0.017223
0.001376
0.001376
0.000000
0.000000

0.084601
0.045277
0.013187
0.019169
0.000000
0.000000
0.000000
0.000000

0.027263
0.033863
0.039340
0.000000
0.000000
0.000000
0.000000
0.000000

0.027710
0.000000
0.037090
0.017055
0.008953
0.008953
0.000000
0.000000

0.019685
0.007025
0.010962
0.000000
0.000000
0.000000
0.000000
0.000000

0.000000
0.016704
0.002953
0.006507
0.020501
0.002953
0.002953
0.002953

0.000000
0.027956
0.000000
0.016452
0.000000
0.000000
0.007673
0.007673

0.008403
0.008403
0.000000
0.000000
0.000000
0.000000
0.000000
0.000000

0.008094
0.008094
0.013024
0.008094
0.000000
0.000000
0.000000
0.000000

0.060399
0.023724
0.005624
0.000000
0.000000
0.000000
0.005624
0.005624

0.000000
0.058784
0.000000
0.005634
0.014833
0.005634
0.000000
0.000000

0.045765
0.030040
0.046860
0.000000
0.000000
0.000000
0.000000
0.000000

0.007778
0.000000
0.033741
0.000000
0.000000
0.000000
0.000000
0.000000

0.020666
0.000000
0.010221
0.000000
0.010221
0.000000
0.000000
0.000000

0.000000
0.000000
0.010802
0.015067
0.000000
0.009131
0.000000
0.000000

0.040073
0.020045
0.020045
0.005234
0.005839
0.000000
0.000000
0.000000

0.021090
0.000000
0.018155
0.017253
0.000000
0.000000
0.000000
0.000000

0.045251
0.011369
0.020130
0.000000
0.000000
0.020130
0.011369
0.011369

0.017071
0.018761
0.000000
0.023205
0.006918
0.006918
0.000000
0.000000

0.000000
0.000000
0.000000
0.000000
0.000000
0.000000
0.000000
0.000000

0.000269
0.013179
0.019982
0.000000
0.000000
0.000000
0.000000
0.000000

0.035390
0.008962
0.008962
0.000000
0.000000
0.000000
0.000000
0.000000

0.000000
0.086751
0.034917
0.000000
0.000000
0.000000
0.000000
0.000000

0.040751
0.031416
0.000000
0.005795
0.000000
0.000000
0.000000
0.000000

0.019295
0.028809
0.000000
0.015646
0.015646
0.000000
0.000000
0.000000

0.029585
0.001933
0.001933
0.001933
0.000000
0.000000
0.000000
0.000000

0.000000
0.000000
0.000000
0.021656
0.000000
0.000000
0.000000
0.000000

0.015961
0.019453
0.015961
0.017117
0.000000
0.007913
0.007913
0.007913

0.011750
0.040335
0.014007
0.000000
0.000000
0.000000
0.000000
0.000000

0.030748
0.002021
0.000143
0.007426
0.002021
0.002021
0.002021
0.002021

0.017496
0.027824
0.013037
0.010904
0.010904
0.000000
0.000000
0.000000

0.035830
0.035830
0.000000
0.000000
0.000000
0.022838
0.007132
0.007132

0.014259
0.013796
0.014259
0.000000
0.000000
0.004862
0.004862
0.004862

0.000000
0.047348
0.000000
0.000000
0.000000
0.000000
0.000000
0.000000

0.030139
0.021558
0.000000
0.014826
0.000000
0.000000
0.000000
0.000000

0.017693
0.017693
0.021335
0.016700
0.000000
0.000000
0.000000
0.000000

0.047920
0.000000
0.000000
0.017733
0.000000
0.000000
0.000000
0.000000

0.047893
0.004126
0.004126
0.003809
0.004126
0.003809
0.004126
0.004126

0.026636
0.028569
0.021433
0.000000
0.004505
0.000000
0.005853
0.005853

0.000000
0.000000
0.022200
0.000000
0.000000
0.000000
0.000000
0.000000

0.036657
0.020281
0.051605
0.000000
0.024380
0.009572
0.000000
0.000000

0.018857
0.008501
0.016640
0.016640
0.010925
0.010925
0.000672
0.000672

0.008961
0.000000
0.008961
0.031079
0.000000
0.008961
0.010494
0.010494

0.028741
0.000000
0.000000
0.021622
0.000000
0.000000
0.000000
0.000000

