0.001924
0.002081
0.001924
0.003097
0.001924
0.003097
0.000000
0.000000

0.001201
0.001201
0.000079
0.005015
0.000079
0.000000
0.000079
0.000079

0.004659
0.004659
0.004659
0.000586
0.000586
0.000586
0.004659
0.004659

0.002660
0.002708
0.002627
0.002663
0.002663
0.002516
0.000036
0.000036

0.000000
0.009867
0.000000
0.000000
0.007383
0.007383
0.007008
0.007008

0.044942
0.045354
0.000000
0.001182
0.000000
0.000000
0.001182
0.001182

0.001916
0.006580
0.000001
0.001005
0.002334
0.001005
0.001005
0.001005

0.066057
0.000128
0.008948
0.000000
0.000128
0.000128
0.000128
0.000128

0.003146
0.001377
0.009483
0.001306
0.003146
0.003146
0.003146
0.003146

0.006425
0.006425
0.002259
0.006425
0.004478
0.000000
0.004478
0.004478

0.065960
0.008945
0.000000
0.008945
0.008945
0.000000
0.000000
0.000000

0.007421
0.010802
0.010632
0.000675
0.000675
0.000675
0.000675
0.000675

0.006275
0.000563
0.000000
0.000563
0.000563
0.000563
0.000563
0.000563

0.000000
0.000582
0.000339
0.003757
0.000582
0.000000
0.007304
0.007304

0.000000
0.000000
0.021968
0.012393
0.006914
0.021968
0.012393
0.012393

0.027283
0.000118
0.000118
0.000027
0.000201
0.000027
0.000201
0.000201

0.041755
0.029987
0.021486
0.016358
0.000000
0.000000
0.000000
0.000000

0.000000
0.000000
0.000000
0.000000
0.000000
0.006357
0.000000
0.000000

0.026697
0.026697
0.008791
0.000000
0.000000
0.008791
0.000000
0.000000

0.001675
0.000063
0.000212
0.000557
0.000255
0.000009
0.000009
0.000009

0.000000
0.000000
0.000000
0.000000
0.000000
0.000000
0.000000
0.000000

0.012972
0.005131
0.008513
0.000123
0.003065
0.000177
0.000177
0.000177

0.117391
0.000000
0.000000
0.000000
0.000000
0.000000
0.000000
0.000000

0.000000
0.002448
0.002448
0.000332
0.000000
0.000000
0.000000
0.000000

0.000000
0.001175
0.001136
0.001175
0.001136
0.000000
0.000000
0.000000

0.020330
0.000255
0.000000
0.013038
0.009716
0.000255
0.003596
0.003596

0.064031
0.000200
0.004102
0.000004
0.000072
0.000311
0.000311
0.000311

0.000000
0.000000
0.000000
0.000000
0.000000
0.000000
0.007384
0.007384

0.018864
0.025169
0.000000
0.000653
0.000653
0.000653
0.000653
0.000653

0.003849
0.007726
0.000000
0.000956
0.000956
0.000002
0.000956
0.000956

0.000000
0.003492
0.003492
0.003492
0.000000
0.000000
0.003492
0.003492

0.000750
0.000007
0.000686
0.000080
0.000000
0.000007
0.000007
0.000007

0.000000
0.022555
0.022555
0.000000
0.000000
0.000000
0.000000
0.000000

0.010083
0.012783
0.000000
0.000000
0.000000
0.012067
0.000000
0.000000

0.012635
0.012635
0.000000
0.000000
0.000000
0.000000
0.000000
0.000000

0.000000
0.000757
0.002561
0.003124
0.000816
0.001050
0.000816
0.000816

0.007206
0.007206
0.000014
0.000000
0.007206
0.000000
0.000000
0.000000

0.000178
0.000178
0.000000
0.000178
0.000000
0.000178
0.000064
0.000064

0.008150
0.013858
0.013858
0.002140
0.004587
0.002140
0.002140
0.002140

0.028370
0.000000
0.028370
0.000000
0.000000
0.000000
0.000000
0.000000

0.006978
0.001061
0.000000
0.000000
0.000000
0.000000
0.000000
0.000000

0.011421
0.011421
0.009170
0.001761
0.001761
0.000000
0.000000
0.000000

0.004760
0.007164
0.010035
0.010035
0.007190
0.007190
0.007190
0.007190

0.000184
0.000851
0.000184
0.001655
0.000166
0.000002
0.000166
0.000166

0.008346
0.025506
0.030109
0.000000
0.004746
0.000000
0.000000
0.000000

0.000000
0.000000
0.000000
0.006674
0.000000
0.000000
0.000000
0.000000

0.009407
0.002811
0.005320
0.005320
0.005320
0.005320
0.001623
0.001623

0.000000
0.000000
0.000001
0.000063
0.000000
0.000000
0.000000
0.000000

0.000377
0.008139
0.008139
0.000622
0.008139
0.000622
0.000622
0.000622

0.023605
0.000000
0.000000
0.001090
0.005104
0.000000
0.001090
0.001090

