0.055734
0.000000
0.000000
0.000000
0.028579
0.028579
0.000000
0.000000
0.000000
0.000000

0.039189
0.054229
0.000000
0.000000
0.004552
0.000000
0.000000
0.000000
0.000000
0.000000

0.046874
0.010473
0.031666
0.000000
0.013073
0.000000
0.000000
0.000000
0.000000
0.000000

0.032759
0.000000
0.039999
0.000000
0.000000
0.016953
0.020259
0.000000
0.000000
0.000000

0.103111
0.041763
0.056241
0.000000
0.005942
0.015482
0.015482
0.000000
0.000000
0.000000

0.000000
0.010786
0.000000
0.000000
0.017614
0.000000
0.000000
0.000000
0.000000
0.000000

0.045164
0.021586
0.000000
0.000000
0.018591
0.000000
0.000000
0.000000
0.000000
0.000000

0.071431
0.011261
0.034492
0.022999
0.018719
0.018719
0.015624
0.002234
0.002234
0.002234

0.019785
0.042030
0.020106
0.001617
0.000000
0.007356
0.002442
0.013674
0.002442
0.002442

0.005920
0.062938
0.015248
0.042785
0.020317
0.013205
0.000000
0.000000
0.000000
0.000000

0.051400
0.018676
0.000000
0.000000
0.000000
0.000000
0.000000
0.000000
0.000000
0.000000

0.048026
0.022058
0.036476
0.000000
0.000000
0.000000
0.000000
0.000000
0.000000
0.000000

0.076294
0.000000
0.021043
0.010708
0.021043
0.000000
0.000000
0.000000
0.000000
0.000000

0.025645
0.028836
0.076740
0.052243
0.000000
0.000000
0.000000
0.000000
0.000000
0.000000

0.072608
0.050894
0.000000
0.000000
0.009804
0.000000
0.000000
0.000000
0.000000
0.000000

0.013780
0.000000
0.000000
0.000000
0.000000
0.000000
0.000000
0.004925
0.000000
0.000000

0.062705
0.029845
0.041394
0.008381
0.028771
0.006541
0.006541
0.006541
0.006541
0.006541

0.000000
0.000000
0.024821
0.023603
0.000000
0.000000
0.000000
0.000000
0.000000
0.000000

0.022728
0.019625
0.000000
0.004685
0.000000
0.000000
0.000000
0.000000
0.000000
0.000000

0.025919
0.031442
0.022118
0.014481
0.000000
0.018226
0.000000
0.000000
0.000000
0.000000

0.053379
0.048005
0.053379
0.048005
0.026525
0.000000
0.000000
0.000000
0.000000
0.000000

0.000000
0.022563
0.050803
0.019094
0.000000
0.000000
0.000000
0.000000
0.000000
0.000000

0.000000
0.015644
0.006212
0.017394
0.000000
0.000000
0.000000
0.000000
0.000000
0.000000

0.011711
0.072211
0.022738
0.017109
0.000000
0.033468
0.017328
0.019653
0.017328
0.017328

0.124694
0.052642
0.006433
0.024836
0.000000
0.000000
0.006433
0.008435
0.008435
0.008435

0.028291
0.007869
0.009650
0.041601
0.025473
0.009650
0.009650
0.004714
0.004714
0.004714

0.068913
0.050435
0.019846
0.028486
0.000000
0.027083
0.000000
0.000000
0.000000
0.000000

0.005200
0.049651
0.036820
0.005200
0.000000
0.005200
0.000000
0.000000
0.000000
0.000000

0.092623
0.016935
0.000000
0.016935
0.022019
0.022019
0.016935
0.000000
0.000000
0.000000

0.026246
0.147048
0.026411
0.066934
0.000000
0.000000
0.000000
0.000000
0.000000
0.000000

0.042291
0.072346
0.015651
0.000000
0.015651
0.000000
0.005901
0.005901
0.007798
0.007798

0.038767
0.030304
0.026434
0.030304
0.005672
0.000000
0.000000
0.005672
0.000000
0.000000

0.023967
0.000000
0.018466
0.000000
0.028614
0.028614
0.000000
0.000000
0.000000
0.000000

0.053809
0.000000
0.020448
0.039692
0.013921
0.011068
0.006432
0.011068
0.011068
0.011068

0.031724
0.022076
0.048527
0.011903
0.022076
0.000000
0.000000
0.000000
0.000000
0.000000

0.035565
0.000000
0.004633
0.011726
0.020103
0.016901
0.004633
0.020103
0.004633
0.004633

0.055803
0.022035
0.008156
0.022035
0.018119
0.000000
0.000000
0.000000
0.000000
0.000000

0.024415
0.003152
0.044809
0.000000
0.028557
0.000000
0.000000
0.000000
0.000000
0.000000

0.054738
0.044579
0.000000
0.018970
0.039216
0.025484
0.000000
0.000000
0.000000
0.000000

0.069080
0.000000
0.012381
0.000000
0.053423
0.000000
0.000000
0.000000
0.000000
0.000000

0.041476
0.034531
0.028135
0.014217
0.014217
0.014256
0.000000
0.014217
0.000000
0.000000

0.005200
0.024687
0.000000
0.004361
0.000000
0.000000
0.000000
0.000000
0.000000
0.000000

0.137978
0.042372
0.000000
0.021857
0.041216
0.000000
0.000000
0.000000
0.000000
0.000000

0.061903
0.008321
0.032805
0.022925
0.000000
0.009688
0.000000
0.000000
0.000000
0.000000

0.028115
0.010573
0.005185
0.023083
0.020215
0.000000
0.000000
0.000000
0.000000
0.000000

0.069863
0.021251
0.022888
0.022888
0.000000
0.000000
0.000000
0.000000
0.000000
0.000000

0.060780
0.000000
0.000000
0.000000
0.023831
0.000000
0.000000
0.000000
0.000000
0.000000

0.055773
0.000000
0.036819
0.000000
0.019975
0.000000
0.018805
0.000000
0.000000
0.000000

0.000000
0.000000
0.046664
0.035055
0.011860
0.000000
0.000000
0.000000
0.000000
0.000000

0.021537
0.041017
0.014053
0.027094
0.011145
0.000000
0.000000
0.000000
0.000000
0.000000

