0.012062
0.051372
0.024188
0.000696
0.000696
0.000696
0.000000
0.000000

0.007620
0.035625
0.021983
0.000000
0.012559
0.007620
0.008089
0.008089

0.048145
0.017926
0.006765
0.000000
0.005701
0.006765
0.006765
0.006765

0.000043
0.008589
0.000043
0.002811
0.000000
0.000000
0.000000
0.000000

0.025901
0.038922
0.001454
0.001454
0.000000
0.000000
0.004333
0.004333

0.008361
0.008361
0.001065
0.025364
0.000419
0.002511
0.000000
0.000000

0.036767
0.000000
0.011496
0.004331
0.016321
0.009271
0.009271
0.009271

0.000000
0.011504
0.016801
0.017205
0.000000
0.000000
0.000000
0.000000

0.020588
0.008029
0.000321
0.000321
0.000321
0.004801
0.002084
0.002084

0.000000
0.001620
0.006300
0.004793
0.004793
0.004793
0.004793
0.004793

0.020333
0.010395
0.001008
0.002226
0.001390
0.001008
0.001008
0.001008

0.016986
0.015237
0.000000
0.012494
0.000000
0.000000
0.000000
0.000000

0.048672
0.013438
0.016248
0.010027
0.000000
0.000000
0.000000
0.000000

0.028381
0.005711
0.011620
0.000000
0.004470
0.009109
0.000000
0.000000

0.040017
0.030817
0.018312
0.008977
0.007415
0.000000
0.000000
0.000000

0.021884
0.033265
0.010052
0.000000
0.000000
0.000000
0.000000
0.000000

0.044606
0.020737
0.003567
0.014193
0.000174
0.001234
0.001234
0.001234

0.048141
0.030272
0.004333
0.000000
0.004950
0.000000
0.000000
0.000000

0.035857
0.000000
0.009472
0.001688
0.004726
0.001688
0.004726
0.004726

0.021583
0.000606
0.005420
0.006866
0.000606
0.000606
0.000000
0.000000

0.038172
0.002615
0.003984
0.002615
0.003984
0.003984
0.003984
0.003984

0.005004
0.018430
0.015156
0.007516
0.002675
0.007516
0.002675
0.002675

0.030010
0.045343
0.000776
0.007553
0.007553
0.005986
0.000776
0.000776

0.015397
0.013604
0.006596
0.001323
0.000000
0.001323
0.000000
0.000000

0.000000
0.000672
0.000672
0.000000
0.000672
0.000672
0.000000
0.000000

0.036333
0.037976
0.019954
0.002522
0.002522
0.002522
0.002522
0.002522

0.011153
0.003132
0.005842
0.000000
0.011931
0.000000
0.000000
0.000000

0.022140
0.000000
0.000000
0.009554
0.004235
0.004235
0.000000
0.000000

0.008018
0.013415
0.011119
0.006679
0.009110
0.009110
0.009110
0.009110

0.002939
0.029318
0.015662
0.015614
0.007767
0.007767
0.007767
0.007767

0.022699
0.002376
0.010080
0.002376
0.002376
0.003512
0.003512
0.003512

0.025158
0.014734
0.007900
0.003663
0.000000
0.000000
0.000000
0.000000

0.017638
0.017511
0.013881
0.000000
0.000000
0.000000
0.000000
0.000000

0.000982
0.016424
0.008787
0.005157
0.000000
0.001766
0.001766
0.001766

0.003816
0.023723
0.008032
0.003816
0.003816
0.011817
0.008032
0.008032

0.009230
0.002737
0.000000
0.002661
0.000000
0.000000
0.000000
0.000000

0.017849
0.023218
0.009831
0.006546
0.009831
0.003912
0.009905
0.009905

0.025772
0.000000
0.006982
0.023909
0.023909
0.006982
0.006982
0.006982

0.035523
0.000229
0.000000
0.000000
0.000000
0.000000
0.006266
0.006266

0.015014
0.015309
0.002398
0.003648
0.000000
0.000000
0.006608
0.006608

0.020605
0.018598
0.007364
0.013112
0.001389
0.009301
0.001389
0.001389

0.003302
0.009640
0.009640
0.009640
0.000000
0.010250
0.004054
0.004054

0.017939
0.015927
0.024799
0.005324
0.015927
0.000000
0.000000
0.000000

0.018025
0.012033
0.011635
0.012033
0.004880
0.012033
0.004880
0.004880

0.056808
0.007911
0.004823
0.004823
0.015773
0.000000
0.000000
0.000000

0.012229
0.006501
0.002079
0.000000
0.000000
0.000000
0.002079
0.002079

0.000000
0.000000
0.000000
0.004080
0.003556
0.000841
0.000841
0.000841

0.021573
0.012778
0.015214
0.009477
0.000877
0.000000
0.000000
0.000000

0.014856
0.024400
0.024900
0.003504
0.000000
0.007656
0.000000
0.000000

0.025019
0.006190
0.006190
0.007770
0.006190
0.002920
0.002920
0.002920

