0.2699106
0.13706144
0.2239796
0.38802176
0.25242098
0.13795986
0.2257747
0.3947202
0.26124698
0.14187048
0.24885354
0.41509836
0.23637214
0.14333478
0.25761398
0.43673388
0.23036622
0.1421099
0.24625258
0.4385619
0.1896549
0.13940258
0.24419428
0.4470752
0.1840199
0.13210784
0.2217525
0.41735326
0.16679164
0.1301415
0.23082194
0.4334063
0.1572283
0.12552712
0.20905006
0.38310562
0.1462861
0.12361178
0.21056104
0.40167726
0.3288221
0.13589568
0.2507477
0.35250376
0.29831796
0.13431964
0.25193554
0.36455004
0.29689592
0.14102568
0.26891076
0.37503958
0.24295088
0.13785306
0.26145376
0.37743648
0.24285986
0.13976756
0.27572092
0.36863642
0.2155155
0.13642044
0.272762
0.37800724
0.2122276
0.13493246
0.2675551
0.35720642
0.1865502
0.13245036
0.26639414
0.3655848
0.1858512
0.12986192
0.2349399
0.31125286
0.17434112
0.12731762
0.2405634
0.35830556
0.3134793
0.13011412
0.2311536
0.29595384
0.27650786
0.12555162
0.22779652
0.29848968
0.29372534
0.13295966
0.25319856
0.29800362
0.26308728
0.12781218
0.2553121
0.29740382
0.25279396
0.13096932
0.24992594
0.29546714
0.21981914
0.12675928
0.2525583
0.29329856
0.23186898
0.12654074
0.23561678
0.25866858
0.21658998
0.12235716
0.2453884
0.28230784
0.21532712
0.12025938
0.22549318
0.23490016
0.20088466
0.11676038
0.22177344
0.24638498
