0.49055662
0.45437782
0.53977264
0.58515404
0.48014542
0.44995914
0.53573908
0.58593466
0.49271592
0.46216112
0.55176542
0.60312538
0.48291392
0.45823612
0.54833192
0.6044849
0.48520056
0.46047654
0.55209166
0.60814578
0.47615846
0.45715994
0.5493055
0.61015126
0.47112184
0.45063348
0.54300868
0.60048776
0.46274022
0.44770258
0.5406252
0.60271478
0.4464896
0.42806474
0.51768188
0.57259664
0.43877056
0.42544558
0.5156458
0.57488298
0.50367194
0.45317262
0.54756342
0.57472946
0.49275402
0.44853914
0.54336294
0.57555756
0.50614938
0.46083314
0.55988632
0.59237148
0.49584582
0.45669934
0.55630306
0.5937929
0.49834804
0.45878398
0.56006712
0.59698064
0.48881486
0.45525442
0.55713194
0.59903112
0.4839667
0.44892532
0.55104518
0.58964122
0.47512508
0.44580388
0.54853712
0.59193386
0.45870182
0.42634724
0.52541104
0.56218238
0.45055214
0.42354658
0.52326306
0.56452744
0.49030638
0.4312017
0.52543854
0.5383815
0.47875522
0.4259804
0.52017588
0.5382252
0.49338078
0.43863882
0.53733882
0.55478956
0.48234452
0.43384368
0.5325959
0.55514526
0.48597618
0.43656846
0.53742896
0.55889958
0.47565258
0.43232822
0.5332728
0.55982298
0.47204354
0.42709044
0.52875536
0.55195218
0.46239034
0.42324648
0.5250107
0.55310938
0.4474367
0.40559456
0.50410052
0.5262165
0.43849456
0.40209258
0.50075336
0.52746518
