0.49186524
0.44949882
0.55269968
0.58577256
0.48151164
0.44444874
0.548229
0.58496208
0.4907773
0.45464072
0.56313256
0.60162472
0.48101168
0.4499398
0.55903038
0.60102986
0.48227048
0.45089212
0.56179892
0.60289796
0.47305762
0.44647806
0.55795934
0.60238302
0.4672092
0.43916888
0.55035176
0.59155694
0.45847734
0.43489162
0.54663106
0.59085792
0.44147272
0.41581608
0.52310378
0.56197496
0.43348114
0.41197346
0.51983666
0.56152492
0.50443444
0.44697144
0.56097364
0.57396178
0.49365948
0.44179244
0.5564322
0.57331316
0.50336854
0.45171532
0.57157714
0.58922082
0.49319724
0.44690178
0.56742276
0.58880986
0.49465722
0.44769156
0.57021634
0.59022424
0.48505308
0.4431742
0.56633144
0.58989932
0.4793516
0.43600078
0.55881242
0.57920572
0.47025798
0.43164736
0.55507252
0.57872834
0.4530669
0.41290162
0.53140018
0.55050768
0.44474192
0.40899136
0.5281245
0.55027252
0.49511552
0.42770386
0.541285
0.53956802
0.48346334
0.42188494
0.53553458
0.53800404
0.49412028
0.4319866
0.55143006
0.55370916
0.4830166
0.42649936
0.54600228
0.55234318
0.48568726
0.4280467
0.55022562
0.55467338
0.47512842
0.42284622
0.54504502
0.55338766
0.47076492
0.41684408
0.53934762
0.54439672
0.4607248
0.4118258
0.53433038
0.54299262
0.4448461
0.3946839
0.51279804
0.51742264
0.4356096
0.39013192
0.508291
0.51629256
