0.49063374
0.44631882
0.53912518
0.57252106
0.48028456
0.4411372
0.53510558
0.57186784
0.49372284
0.4556148
0.55275526
0.59327686
0.48383396
0.45082938
0.54910412
0.59305272
0.48805196
0.4565269
0.5549618
0.6019772
0.47864964
0.45203506
0.55156246
0.60191644
0.47468474
0.44788706
0.5449733
0.59514834
0.46584892
0.44384454
0.54193334
0.59550244
0.45067804
0.42706436
0.52044444
0.56974818
0.44236936
0.42318628
0.51752326
0.56991732
0.50699664
0.44644312
0.54908082
0.56224346
0.49607766
0.44104744
0.54496964
0.56174958
0.51005158
0.45522154
0.56265824
0.58212324
0.49959226
0.4502216
0.5589116
0.58205488
0.50381308
0.45546192
0.56434066
0.58993426
0.49386178
0.45077282
0.5608578
0.59004306
0.48984582
0.4465172
0.55389954
0.58290764
0.48046932
0.44227028
0.55075938
0.58339966
0.465013
0.42568402
0.52896492
0.55808274
0.45621192
0.42163824
0.52597474
0.55842236
0.4966903
0.42688944
0.52774324
0.52725884
0.48495526
0.4208918
0.52250748
0.52590166
0.50024114
0.43528048
0.54103384
0.54580892
0.48888014
0.42961474
0.53607334
0.54480208
0.4942723
0.43528784
0.54259012
0.5528583
0.48338594
0.4299114
0.5378633
0.55200714
0.48085846
0.42672382
0.53271716
0.54622724
0.47053052
0.42176808
0.52831918
0.54573062
0.45646074
0.40673008
0.5086922
0.52291324
0.4467506
0.40201454
0.50450464
0.5223242
