0.28044764
0.18372544
0.25383186
0.42220832
0.26166646
0.17479132
0.24720856
0.44519364
0.25862418
0.18460126
0.28653834
0.4525547
0.23897312
0.1763716
0.26062574
0.45581514
0.23608004
0.18257086
0.26799306
0.44007422
0.21730522
0.17432592
0.25818514
0.44462602
0.22254732
0.17051628
0.23821404
0.42517652
0.20654368
0.16474818
0.23660036
0.42348412
0.20917882
0.15384126
0.21266184
0.3761935
0.19829732
0.151006
0.201617
0.37716728
0.33611392
0.18711902
0.30035324
0.41801854
0.29581052
0.1810843
0.2832261
0.38974996
0.30224708
0.18650666
0.30749424
0.39450128
0.26498892
0.17994394
0.29188306
0.41150452
0.25685074
0.18225978
0.30678006
0.39577816
0.2256042
0.17807526
0.29138152
0.40242272
0.23357468
0.16993242
0.28105194
0.37915418
0.22423508
0.16782658
0.26788594
0.3620183
0.22006892
0.15457526
0.2391806
0.35402978
0.21159922
0.15396754
0.242397
0.3521097
0.31917908
0.1768173
0.29105844
0.29816032
0.29185508
0.17021136
0.2858459
0.30101288
0.30217518
0.17454624
0.30433996
0.3187658
0.27150358
0.1689828
0.29384126
0.31263902
0.26088386
0.16867932
0.30038532
0.29949258
0.24064868
0.16486662
0.29090682
0.3042971
0.23483362
0.15862068
0.27707934
0.29943976
0.21827766
0.15572058
0.26948122
0.31719568
0.2109706
0.14538188
0.2366022
0.29016168
0.20592316
0.14342352
0.22647576
0.30068298
