0.4968196
0.45616576
0.5495188
0.58672764
0.48650696
0.4511251
0.54531728
0.58623866
0.49579992
0.4619489
0.55748898
0.60184848
0.48595012
0.45724188
0.55356322
0.6016256
0.48662748
0.4566599
0.55279552
0.5993614
0.47711114
0.45212562
0.54890436
0.59911726
0.47402614
0.44797158
0.54365048
0.5920794
0.46499402
0.44377736
0.53999314
0.59205692
0.45070712
0.42681404
0.51906092
0.56553676
0.44231648
0.42304476
0.5157947
0.56580924
0.509618
0.4541048
0.5573016
0.57525278
0.49887832
0.44893892
0.55304836
0.57495076
0.50849168
0.45947168
0.56508144
0.58969172
0.49821476
0.4546443
0.56110146
0.58966206
0.49930002
0.45418788
0.56046424
0.58727778
0.48935204
0.44953454
0.55650412
0.58722376
0.48645598
0.44543422
0.55121214
0.58006236
0.47699082
0.44111396
0.54746688
0.5802084
0.46275236
0.42459412
0.52658778
0.55441276
0.45394368
0.42069784
0.5232297
0.55483426
0.49902784
0.43393244
0.53609092
0.53973978
0.48747318
0.42814742
0.53069412
0.53853176
0.49830068
0.43899426
0.54371466
0.55319692
0.48715246
0.43350726
0.5385384
0.55221786
0.48998484
0.43422028
0.53992254
0.55125184
0.47913456
0.42889056
0.53474452
0.55023908
0.47780646
0.42596284
0.53140046
0.54463258
0.46741984
0.42095068
0.52642336
0.5438045
0.45474172
0.40613526
0.50783474
0.52066584
0.4450276
0.40155424
0.50327034
0.52012506
