0.163773
0.197453
0.109915
0.063406
0.172947
0.200372
0.112543
0.060689
0.163470
0.190860
0.098628
0.045964
0.172107
0.193357
0.100888
0.042857
0.170428
0.194119
0.100272
0.045124
0.178681
0.196311
0.102367
0.041790
0.185006
0.205636
0.114049
0.057634
0.192751
0.207453
0.115780
0.053950
0.211776
0.228951
0.142458
0.086555
0.218784
0.230389
0.143736
0.082705
0.145503
0.195488
0.098600
0.071716
0.155485
0.198840
0.101642
0.069152
0.145545
0.189498
0.087402
0.054967
0.154971
0.192413
0.090068
0.052004
0.152839
0.193085
0.089209
0.054430
0.161883
0.195702
0.091732
0.051263
0.168029
0.204878
0.103521
0.067101
0.176557
0.207129
0.105692
0.063617
0.196098
0.228637
0.132940
0.096063
0.203838
0.230490
0.134632
0.092418
0.152298
0.213764
0.116736
0.106075
0.163334
0.217997
0.121166
0.104753
0.152247
0.208307
0.105907
0.090520
0.162789
0.212149
0.110035
0.088861
0.158850
0.211588
0.107085
0.089810
0.169048
0.215163
0.111109
0.087983
0.173492
0.222834
0.120843
0.101801
0.183183
0.226054
0.124512
0.099668
0.201571
0.245945
0.149827
0.129411
0.210417
0.248726
0.152943
0.127061