0.003826
0.002788
0.001167
0.000463
0.003822
0.002806
0.001206
0.000444
0.003399
0.002446
0.001004
0.000275
0.003377
0.002439
0.001024
0.000234
0.003341
0.002535
0.000912
0.000209
0.003384
0.002537
0.000955
0.000216
0.003712
0.003015
0.001106
0.000406
0.003799
0.003031
0.001173
0.000475
0.004644
0.004115
0.001635
0.000829
0.004795
0.004151
0.001721
0.000934
0.003187
0.002534
0.001132
0.000395
0.003147
0.002579
0.001180
0.000401
0.002842
0.002237
0.001029
0.000259
0.002831
0.002256
0.001063
0.000239
0.002853
0.002346
0.000947
0.000204
0.002892
0.002375
0.001003
0.000230
0.003231
0.002838
0.001134
0.000361
0.003308
0.002878
0.001207
0.000445
0.004081
0.003950
0.001621
0.000730
0.004224
0.004009
0.001714
0.000847
0.003371
0.003236
0.001230
0.000449
0.003366
0.003321
0.001273
0.000452
0.003097
0.002939
0.001113
0.000266
0.003087
0.002997
0.001134
0.000250
0.003132
0.003067
0.001068
0.000226
0.003180
0.003133
0.001104
0.000244
0.003569
0.003629
0.001364
0.000458
0.003648
0.003703
0.001410
0.000517
0.004492
0.004886
0.002031
0.000985
0.004654
0.004981
0.002089
0.001060
