0.028210
0.015986
0.054020
0.070987
0.024898
0.014853
0.052111
0.071206
0.028361
0.018029
0.060384
0.082745
0.025284
0.017001
0.058691
0.083419
0.026445
0.018552
0.062140
0.089564
0.023702
0.017643
0.060695
0.090543
0.021121
0.015245
0.054444
0.081719
0.018843
0.014489
0.053231
0.082713
0.015336
0.011375
0.043677
0.069853
0.013519
0.010741
0.042625
0.070684
0.033850
0.015959
0.059350
0.065913
0.029995
0.014760
0.057225
0.066119
0.033929
0.017867
0.066041
0.076906
0.030347
0.016775
0.064148
0.077558
0.031616
0.018222
0.067660
0.083070
0.028427
0.017263
0.066053
0.084043
0.025555
0.014922
0.059425
0.075628
0.022892
0.014130
0.058080
0.076632
0.018810
0.011014
0.047663
0.064136
0.016668
0.010360
0.046503
0.064993
0.031432
0.011819
0.050895
0.049634
0.027374
0.010627
0.048310
0.049303
0.031394
0.013240
0.056686
0.058353
0.027584
0.012114
0.054237
0.058328
0.029014
0.013358
0.057743
0.062978
0.025606
0.012344
0.055542
0.063194
0.023300
0.010649
0.050287
0.056735
0.020451
0.009811
0.048395
0.057016
0.017010
0.007557
0.039786
0.047286
0.014734
0.006885
0.038178
0.047513
