0.031715
0.017413
0.057728
0.075142
0.028051
0.016092
0.055593
0.074731
0.031245
0.018727
0.062909
0.084282
0.027815
0.017446
0.060862
0.083964
0.028295
0.017731
0.062297
0.084974
0.025231
0.016559
0.060394
0.084679
0.023429
0.014799
0.056658
0.078471
0.020801
0.013742
0.054878
0.077992
0.016171
0.009681
0.044139
0.062332
0.014227
0.008940
0.042804
0.062060
0.036739
0.016751
0.062065
0.068444
0.032614
0.015412
0.059810
0.068135
0.036257
0.017947
0.067549
0.076866
0.032390
0.016654
0.065397
0.076665
0.032982
0.016901
0.066901
0.077371
0.029514
0.015721
0.064902
0.077193
0.027611
0.014048
0.061069
0.071335
0.024621
0.012995
0.059213
0.071005
0.019478
0.009128
0.047951
0.056430
0.017230
0.008391
0.046556
0.056279
0.033296
0.012068
0.052163
0.050791
0.029055
0.010799
0.049517
0.050087
0.032863
0.012975
0.056973
0.057528
0.028848
0.011727
0.054358
0.056866
0.029830
0.012118
0.056446
0.057962
0.026209
0.010976
0.053962
0.057316
0.024853
0.009846
0.051345
0.053116
0.021729
0.008844
0.049036
0.052380
0.017286
0.006026
0.039739
0.041122
0.014946
0.005348
0.037955
0.040612
