0.032931
0.017528
0.056237
0.065388
0.029138
0.018873
0.051415
0.065708
0.037715
0.019826
0.059099
0.081041
0.030850
0.019007
0.062440
0.076239
0.031890
0.023913
0.059974
0.081105
0.032595
0.018584
0.058517
0.086199
0.026765
0.017477
0.058978
0.076001
0.024189
0.019611
0.054455
0.077085
0.022598
0.013027
0.044336
0.067105
0.018646
0.012250
0.047115
0.064319
0.038860
0.020560
0.058563
0.061168
0.038779
0.016594
0.056251
0.065129
0.040512
0.020048
0.068676
0.070595
0.036273
0.021890
0.062399
0.070120
0.040354
0.019325
0.064327
0.078011
0.034033
0.017885
0.064870
0.074153
0.031441
0.018515
0.060179
0.070002
0.031093
0.016316
0.057670
0.073221
0.024826
0.012507
0.051142
0.058484
0.021550
0.013724
0.047668
0.058055
0.037522
0.013245
0.047572
0.047675
0.030923
0.011426
0.047752
0.044004
0.035553
0.016449
0.048612
0.047522
0.028588
0.011189
0.046628
0.047156
0.029893
0.012152
0.048966
0.050231
0.026479
0.011026
0.047055
0.049864
0.025561
0.010401
0.044793
0.047339
0.022585
0.009441
0.043096
0.047136
0.018719
0.006977
0.035590
0.038140
0.016355
0.006225
0.034144
0.037881
