0.005077
0.026722
0.009878
0.021508
0.006502
0.026643
0.009872
0.022932
0.006126
0.024916
0.007946
0.027174
0.006750
0.024294
0.008094
0.033503
0.006981
0.025016
0.007514
0.034459
0.013506
0.025748
0.008088
0.036171
0.015575
0.028828
0.010455
0.027542
0.019154
0.029363
0.009311
0.033143
0.021649
0.031574
0.012540
0.021048
0.024350
0.032136
0.012388
0.025225
0.006934
0.026783
0.008527
0.014734
0.004995
0.027290
0.008773
0.017429
0.005757
0.025055
0.007914
0.019616
0.008780
0.025866
0.008027
0.019766
0.009214
0.025861
0.008219
0.018161
0.011157
0.026670
0.007742
0.019217
0.011321
0.027595
0.008551
0.015535
0.015490
0.028198
0.007293
0.017403
0.015942
0.029398
0.008936
0.009645
0.017729
0.030177
0.008131
0.015940
0.005822
0.028760
0.009676
0.006947
0.005965
0.030121
0.009883
0.007679
0.005581
0.027701
0.008448
0.007986
0.006023
0.029193
0.008484
0.008101
0.007299
0.028681
0.009290
0.009032
0.010804
0.029846
0.008829
0.009723
0.009265
0.030235
0.010268
0.008434
0.011277
0.031481
0.009338
0.007883
0.010953
0.032359
0.010949
0.009587
0.013128
0.033551
0.010772
0.008645
