0.001807
0.000726
0.001061
0.000458
0.001740
0.000666
0.001079
0.000438
0.001795
0.000652
0.000972
0.000274
0.001725
0.000580
0.000982
0.000233
0.001815
0.000645
0.000872
0.000208
0.001748
0.000585
0.000903
0.000216
0.001898
0.000689
0.000958
0.000352
0.001826
0.000646
0.001004
0.000428
0.001859
0.000740
0.001096
0.000613
0.001802
0.000724
0.001160
0.000739
0.001791
0.000669
0.001078
0.000392
0.001737
0.000621
0.001109
0.000395
0.001799
0.000609
0.001019
0.000252
0.001743
0.000549
0.001044
0.000237
0.001850
0.000614
0.000925
0.000201
0.001795
0.000564
0.000968
0.000229
0.001979
0.000676
0.001021
0.000338
0.001914
0.000638
0.001074
0.000419
0.001961
0.000724
0.001169
0.000568
0.001909
0.000707
0.001236
0.000689
0.001768
0.000682
0.001000
0.000343
0.001697
0.000619
0.001010
0.000334
0.001799
0.000642
0.000972
0.000238
0.001726
0.000570
0.000977
0.000215
0.001878
0.000658
0.000899
0.000192
0.001804
0.000594
0.000920
0.000208
0.002056
0.000740
0.001006
0.000329
0.001968
0.000683
0.001034
0.000386
0.002061
0.000797
0.001153
0.000548
0.001984
0.000759
0.001194
0.000637
