0.001817
0.000745
0.001089
0.000461
0.001757
0.000699
0.001092
0.000438
0.001810
0.000668
0.000993
0.000280
0.001747
0.000609
0.000991
0.000233
0.001850
0.000669
0.000878
0.000211
0.001793
0.000625
0.000904
0.000216
0.001969
0.000742
0.000958
0.000354
0.001910
0.000724
0.001007
0.000446
0.001919
0.000786
0.001097
0.000615
0.001876
0.000794
0.001162
0.000756
0.001828
0.000707
0.001097
0.000394
0.001782
0.000673
0.001118
0.000395
0.001843
0.000642
0.001032
0.000256
0.001796
0.000598
0.001049
0.000237
0.001927
0.000660
0.000927
0.000202
0.001882
0.000628
0.000968
0.000231
0.002107
0.000759
0.001022
0.000344
0.002053
0.000746
0.001080
0.000442
0.002069
0.000796
0.001169
0.000572
0.002029
0.000804
0.001240
0.000709
0.001860
0.000750
0.001008
0.000343
0.001797
0.000703
0.001012
0.000337
0.001900
0.000704
0.000975
0.000238
0.001836
0.000648
0.000978
0.000217
0.002029
0.000737
0.000899
0.000192
0.001964
0.000693
0.000923
0.000214
0.002273
0.000863
0.001014
0.000340
0.002193
0.000831
0.001050
0.000416
0.002243
0.000902
0.001156
0.000556
0.002176
0.000888
0.001204
0.000662
