0.002076
0.000859
0.001352
0.000800
0.001980
0.000816
0.001275
0.000692
0.001933
0.000725
0.001316
0.000534
0.001895
0.000665
0.001272
0.000348
0.001962
0.000740
0.001271
0.000319
0.001920
0.000692
0.001206
0.000350
0.002130
0.000901
0.001183
0.000451
0.002090
0.000876
0.001193
0.000443
0.002457
0.001340
0.001120
0.000670
0.002441
0.001351
0.001167
0.000753
0.002146
0.000795
0.001319
0.001093
0.002106
0.000764
0.001323
0.000859
0.001944
0.000672
0.001391
0.000751
0.001819
0.000627
0.001368
0.000567
0.001921
0.000698
0.001255
0.000639
0.001891
0.000665
0.001233
0.000467
0.002146
0.000877
0.001210
0.000738
0.002105
0.000861
0.001185
0.000710
0.002488
0.001306
0.001179
0.000718
0.002447
0.001325
0.001238
0.000891
0.002511
0.001018
0.001122
0.000837
0.002365
0.001012
0.001064
0.000808
0.002320
0.000886
0.001126
0.000739
0.002265
0.000862
0.001083
0.000487
0.002408
0.000942
0.001099
0.000725
0.002070
0.000929
0.001044
0.000615
0.002404
0.001219
0.001080
0.000616
0.002329
0.001223
0.001082
0.000701
0.002881
0.001808
0.001157
0.000593
0.002839
0.001851
0.001216
0.000673
