0.004401
0.002727
0.007460
0.010449
0.003947
0.002573
0.007213
0.010500
0.004391
0.003035
0.008104
0.012013
0.003905
0.002887
0.007864
0.012146
0.003882
0.002906
0.007961
0.012277
0.003458
0.002775
0.007743
0.012520
0.003238
0.002516
0.007312
0.011654
0.002889
0.002420
0.007143
0.011733
0.002235
0.001729
0.005686
0.009390
0.001971
0.001656
0.005553
0.009558
0.005235
0.002758
0.008174
0.009846
0.004703
0.002593
0.007842
0.009937
0.005197
0.003043
0.008816
0.011334
0.004634
0.002885
0.008543
0.011413
0.004606
0.002890
0.008633
0.011585
0.004114
0.002752
0.008385
0.011692
0.003880
0.002495
0.007946
0.010892
0.003469
0.002391
0.007726
0.011028
0.002741
0.001709
0.006213
0.008763
0.002427
0.001631
0.006026
0.008902
0.004817
0.002102
0.006976
0.007474
0.004311
0.001933
0.006669
0.007484
0.004800
0.002320
0.007544
0.008657
0.004242
0.002154
0.007225
0.008687
0.004251
0.002176
0.007368
0.008835
0.003738
0.002028
0.007065
0.008874
0.003552
0.001846
0.006719
0.008263
0.003132
0.001731
0.006501
0.008336
0.002478
0.001209
0.005197
0.006521
0.002161
0.001125
0.005004
0.006581
