0.250114
0.229393
0.147283
0.037514
0.253303
0.220836
0.143035
0.017847
0.252247
0.224553
0.135047
0.020368
0.254733
0.215273
0.130464
0.000000
0.273777
0.253378
0.155811
0.059124
0.276725
0.245187
0.152740
0.040990
0.292413
0.279271
0.172917
0.093709
0.295854
0.272125
0.171351
0.077703
0.324515
0.311871
0.214304
0.140578
0.327629
0.305234
0.212786
0.125753
0.227469
0.221951
0.130495
0.037222
0.232404
0.214712
0.128055
0.019090
0.232010
0.220147
0.120454
0.024029
0.236275
0.212287
0.117825
0.005416
0.253681
0.248499
0.139827
0.061060
0.258347
0.241664
0.138694
0.044626
0.272304
0.273872
0.155413
0.093914
0.277414
0.268026
0.155783
0.079563
0.306089
0.306979
0.198307
0.140881
0.310738
0.301539
0.198570
0.127581
0.256125
0.257703
0.155837
0.083177
0.261420
0.251633
0.155112
0.067628
0.258617
0.255115
0.144075
0.069657
0.263391
0.248531
0.143317
0.053752
0.276499
0.279769
0.158728
0.101499
0.281726
0.274166
0.159476
0.087655
0.291479
0.301643
0.169701
0.129412
0.297207
0.296993
0.171973
0.117550
0.323800
0.332628
0.211586
0.173713
0.329020
0.328292
0.213602
0.162709

0.168202
0.231927
0.035025
0.078567
0.169128
0.226793
0.030521
0.065963
0.169963
0.224712
0.025881
0.058512
0.170710
0.218957
0.021465
0.045143
0.185236
0.224614
0.040294
0.051006
0.184984
0.217711
0.034562
0.035970
0.197976
0.222052
0.051173
0.039872
0.196719
0.213953
0.044093
0.023076
0.230648
0.254005
0.095576
0.086153
0.229526
0.246559
0.089014
0.070636
0.143876
0.226643
0.010323
0.080346
0.145966
0.222789
0.007267
0.069533
0.147215
0.221408
0.002801
0.062898
0.149209
0.217030
0.000000
0.051498
0.165742
0.224355
0.021719
0.059830
0.166738
0.218880
0.017628
0.046865
0.181657
0.224868
0.037024
0.053219
0.181656
0.218257
0.031624
0.038609
0.215302
0.256410
0.082267
0.098299
0.215341
0.250338
0.077251
0.084797
0.167564
0.252643
0.033267
0.112359
0.170561
0.249822
0.032221
0.103599
0.169198
0.247115
0.023852
0.095055
0.172194
0.243870
0.023189
0.085854
0.188068
0.251061
0.044268
0.094264
0.190068
0.246768
0.042288
0.083559
0.204414
0.252708
0.061156
0.090114
0.205424
0.247335
0.057854
0.077839
0.236646
0.282331
0.104886
0.132577
0.237614
0.277398
0.101805
0.121230

0.254927
0.244743
0.159529
0.062641
0.258787
0.237633
0.156080
0.044749
0.247367
0.224289
0.132871
0.020004
0.250067
0.215666
0.128176
0.000000
0.259417
0.237348
0.139276
0.032605
0.262088
0.228980
0.135122
0.013330
0.283927
0.257216
0.165799
0.056077
0.285923
0.248618
0.161128
0.036736
0.315661
0.291611
0.206397
0.106158
0.317562
0.283739
0.202187
0.088418
0.234576
0.238979
0.145942
0.064314
0.240071
0.233167
0.144127
0.047868
0.228396
0.219812
0.120002
0.022775
0.232707
0.212494
0.116972
0.004263
0.239612
0.230706
0.123630
0.030907
0.243777
0.223486
0.121011
0.012900
0.264557
0.249250
0.149440
0.051265
0.267876
0.241608
0.146087
0.032911
0.297789
0.284358
0.191321
0.101898
0.300920
0.277381
0.188341
0.085088
0.260418
0.271482
0.169903
0.107147
0.266232
0.266792
0.169578
0.093164
0.253458
0.253301
0.144328
0.068285
0.258264
0.247292
0.143001
0.052500
0.262185
0.262331
0.145425
0.074389
0.266927
0.256460
0.144577
0.059139
0.286334
0.280221
0.171248
0.094565
0.290252
0.273936
0.169645
0.078953
0.317744
0.312794
0.211215
0.141609
0.321429
0.307066
0.209851
0.127323

0.083996
0.144988
0.056390
0.036995
0.100234
0.161729
0.069210
0.055885
0.064386
0.121900
0.026945
0.000000
0.081036
0.139407
0.040250
0.020068
0.065115
0.134507
0.032739
0.022708
0.081147
0.151026
0.044754
0.041023
0.105972
0.170657
0.075702
0.067162
0.120760
0.185906
0.086749
0.084051
0.143825
0.204129
0.115531
0.108326
0.157467
0.218207
0.125688
0.123899
0.057897
0.141692
0.045078
0.051167
0.074511
0.158015
0.057125
0.068515
0.038302
0.119764
0.016218
0.016341
0.055280
0.136766
0.028637
0.034707
0.036683
0.129892
0.018916
0.035366
0.053104
0.145990
0.030103
0.052098
0.079564
0.166293
0.062747
0.078734
0.094708
0.181153
0.073024
0.094156
0.119294
0.200004
0.103390
0.118900
0.133261
0.213721
0.112831
0.133116
0.045514
0.146175
0.057577
0.078851
0.063500
0.162779
0.070260
0.095663
0.027051
0.126042
0.031088
0.047195
0.045418
0.143285
0.044127
0.064936
0.024477
0.134703
0.032935
0.064163
0.042410
0.151163
0.044891
0.080438
0.068332
0.170760
0.075805
0.105402
0.084879
0.185957
0.086800
0.120408
0.108959
0.204150
0.115552
0.143598
0.124226
0.218182
0.125662
0.157433

0.292996
0.246225
0.155675
0.023100
0.293184
0.235218
0.149831
0.000000
0.311342
0.275544
0.176075
0.065806
0.312416
0.265964
0.172167
0.045429
0.327120
0.301893
0.192627
0.103813
0.329072
0.293657
0.190621
0.086004
0.356941
0.334632
0.235163
0.153914
0.358829
0.327144
0.233347
0.137596
0.384462
0.364789
0.274239
0.199933
0.386286
0.357984
0.272598
0.184984
0.277088
0.242971
0.141139
0.025952
0.278640
0.233166
0.137140
0.004547
0.294814
0.271480
0.159618
0.066724
0.297247
0.263066
0.157582
0.048006
0.309878
0.297005
0.174124
0.102795
0.313192
0.289905
0.174032
0.086622
0.340942
0.330041
0.218179
0.153004
0.344087
0.323604
0.218120
0.138192
0.369610
0.360476
0.258643
0.199117
0.372595
0.354642
0.258616
0.185553
0.270772
0.258908
0.144387
0.062996
0.274465
0.251542
0.143551
0.045415
0.286826
0.284839
0.159038
0.098703
0.291342
0.278730
0.160102
0.083606
0.300194
0.307911
0.169719
0.129954
0.305547
0.302999
0.172688
0.117225
0.331839
0.339888
0.214087
0.177868
0.336861
0.335463
0.216835
0.166216
0.361051
0.369358
0.254837
0.221876
0.365764
0.365375
0.257385
0.211212

0.260387
0.249381
0.161158
0.073813
0.274345
0.260310
0.176393
0.087140
0.251910
0.229669
0.134090
0.032531
0.265838
0.240782
0.149869
0.046542
0.250822
0.224013
0.120465
0.015574
0.265349
0.236295
0.137803
0.031904
0.262956
0.225025
0.129446
0.010052
0.277397
0.238088
0.147175
0.028037
0.272468
0.223054
0.134831
0.000000
0.286914
0.236983
0.153067
0.019763
0.238801
0.240303
0.142792
0.069794
0.253124
0.250552
0.157801
0.081445
0.231141
0.221485
0.115843
0.029246
0.245341
0.231780
0.131295
0.041384
0.231861
0.218558
0.104108
0.016183
0.246626
0.229979
0.121117
0.030601
0.247371
0.223294
0.117653
0.016253
0.261934
0.235395
0.134911
0.032188
0.260171
0.225051
0.127539
0.011854
0.274625
0.237911
0.145160
0.029415
0.225806
0.248500
0.140722
0.096044
0.241323
0.259337
0.156821
0.108109
0.219982
0.232251
0.115487
0.058979
0.235342
0.243100
0.132036
0.071512
0.221378
0.230113
0.103613
0.046460
0.237215
0.241954
0.121631
0.061085
0.239369
0.236860
0.120095
0.049157
0.254833
0.249195
0.138131
0.065022
0.254619
0.240739
0.132961
0.047633
0.269808
0.253649
0.151133
0.064844

0.054484
0.124138
0.047154
0.044475
0.058888
0.120618
0.040256
0.030899
0.039447
0.105500
0.023041
0.014931
0.043114
0.101079
0.015002
0.000000
0.043515
0.117988
0.029665
0.033641
0.047436
0.114097
0.021898
0.019468
0.044437
0.127927
0.033322
0.049569
0.048660
0.124566
0.025811
0.036102
0.070080
0.151593
0.050260
0.072243
0.073188
0.147912
0.042134
0.058935
0.027129
0.118520
0.034633
0.053510
0.033281
0.116525
0.028957
0.041382
0.012400
0.100881
0.011028
0.025454
0.017836
0.098027
0.004232
0.012030
0.014812
0.111616
0.015372
0.041592
0.020459
0.109228
0.008762
0.028821
0.013880
0.119730
0.016642
0.054957
0.019796
0.117818
0.010207
0.042793
0.040639
0.143344
0.032925
0.076144
0.045252
0.140969
0.025705
0.063989
0.048442
0.142966
0.065982
0.089319
0.055441
0.141906
0.061545
0.078615
0.032345
0.125248
0.042789
0.062643
0.038819
0.123477
0.037400
0.050793
0.031813
0.133519
0.045196
0.076564
0.038626
0.132261
0.040063
0.065364
0.027975
0.139245
0.044641
0.087857
0.035194
0.138518
0.039763
0.077270
0.055394
0.162600
0.061267
0.108309
0.061267
0.161361
0.055582
0.097683

0.187350
0.193489
0.193489
0.075260
0.205009
0.206670
0.206670
0.088138
0.174001
0.170740
0.170740
0.036672
0.191931
0.184330
0.184330
0.050262
0.167424
0.161125
0.161125
0.020424
0.186263
0.176032
0.176032
0.036115
0.157332
0.148146
0.148146
0.000000
0.177234
0.164487
0.164487
0.017914
0.197289
0.187756
0.187756
0.050534
0.215485
0.202712
0.202712
0.066950
0.159249
0.182959
0.182959
0.079032
0.177830
0.195751
0.195751
0.090173
0.146275
0.161017
0.161017
0.041865
0.165069
0.174106
0.174106
0.053524
0.140866
0.153767
0.153767
0.029708
0.160573
0.168138
0.168138
0.043391
0.131726
0.143090
0.143090
0.013441
0.152505
0.158858
0.158858
0.029258
0.173921
0.183178
0.183178
0.062893
0.192908
0.197596
0.197596
0.077369
0.138615
0.188351
0.188351
0.110566
0.158983
0.201932
0.201932
0.121746
0.126868
0.168622
0.168622
0.077087
0.147448
0.182474
0.182474
0.088728
0.121485
0.161968
0.161968
0.066198
0.142941
0.177001
0.177001
0.079679
0.112184
0.151905
0.151905
0.051417
0.134690
0.168240
0.168240
0.066845
0.156236
0.191501
0.191501
0.098032
0.176800
0.206436
0.206436
0.112150

0.027696
0.102192
0.020497
0.014859
0.032516
0.098305
0.013134
0.000000
0.035964
0.117052
0.029726
0.035299
0.040813
0.113587
0.022547
0.021183
0.040975
0.129263
0.035919
0.052863
0.045906
0.126224
0.028909
0.039437
0.042747
0.138880
0.039103
0.067632
0.047813
0.136271
0.032250
0.054844
0.083962
0.172286
0.078942
0.104749
0.088497
0.169728
0.072414
0.092727
0.037521
0.120351
0.031558
0.039956
0.042385
0.116992
0.024422
0.026018
0.041722
0.131909
0.036997
0.056814
0.046681
0.128976
0.030027
0.043552
0.042684
0.140884
0.039431
0.070895
0.047793
0.138383
0.032614
0.058260
0.040401
0.147311
0.038866
0.082262
0.045715
0.145249
0.032192
0.070207
0.081874
0.180219
0.078766
0.118441
0.086633
0.178170
0.072401
0.107101
0.059541
0.145783
0.064088
0.077867
0.065267
0.143442
0.058272
0.065502
0.060884
0.154903
0.067578
0.092455
0.066824
0.153029
0.061989
0.080755
0.059059
0.161537
0.068193
0.104424
0.065273
0.160140
0.062825
0.093347
0.054043
0.165704
0.065927
0.113824
0.060592
0.164798
0.060777
0.103332
0.094789
0.197502
0.104158
0.147993
0.100695
0.196528
0.099214
0.138110

0.254116
0.234380
0.135945
0.031338
0.270690
0.248370
0.154199
0.048411
0.258334
0.220704
0.129002
0.000000
0.274275
0.234563
0.146834
0.017195
0.283333
0.242307
0.156877
0.026673
0.297607
0.254278
0.172548
0.041091
0.315577
0.278253
0.198667
0.079352
0.328833
0.289398
0.213259
0.092818
0.345379
0.311429
0.237287
0.127954
0.357690
0.321804
0.250873
0.140527
0.234580
0.229121
0.121571
0.032655
0.251477
0.242331
0.139440
0.047856
0.241320
0.217491
0.117297
0.003699
0.257412
0.230379
0.134526
0.018743
0.266540
0.237533
0.144192
0.026928
0.280897
0.248504
0.159207
0.039180
0.300074
0.273933
0.186977
0.079753
0.313413
0.284163
0.200973
0.091230
0.331065
0.307521
0.226513
0.128475
0.343458
0.317057
0.239558
0.139223
0.222051
0.239366
0.121856
0.062771
0.240086
0.253075
0.140655
0.078265
0.232441
0.231547
0.122075
0.039209
0.249553
0.244849
0.140119
0.054459
0.259288
0.252271
0.150287
0.062817
0.274649
0.263729
0.166162
0.075442
0.293248
0.287409
0.192401
0.112669
0.307514
0.298082
0.207189
0.124481
0.324643
0.319842
0.231332
0.158664
0.337891
0.329783
0.245107
0.169713

0.227574
0.293616
0.107419
0.142573
0.230270
0.289081
0.101979
0.127977
0.217595
0.278023
0.073820
0.104696
0.219066
0.272111
0.066892
0.088061
0.204340
0.259460
0.035509
0.062196
0.204571
0.252102
0.027008
0.043359
0.221624
0.256818
0.052615
0.048648
0.220759
0.248010
0.042791
0.027594
0.257468
0.290580
0.104382
0.101667
0.256812
0.282650
0.095549
0.082582
0.200300
0.289333
0.080363
0.148620
0.204353
0.286357
0.076340
0.136204
0.190828
0.275308
0.046128
0.112616
0.193640
0.271018
0.040662
0.098320
0.177900
0.258327
0.006982
0.072092
0.179467
0.252665
0.000000
0.055771
0.199488
0.259626
0.030446
0.064794
0.199989
0.252617
0.022261
0.046482
0.237044
0.292953
0.083982
0.116206
0.237644
0.286667
0.076650
0.099621
0.226669
0.315788
0.106825
0.183316
0.231533
0.313875
0.105255
0.173436
0.216703
0.302463
0.073348
0.149602
0.220552
0.299432
0.070665
0.138148
0.203471
0.286400
0.035188
0.111690
0.206312
0.282206
0.031344
0.098543
0.224937
0.288873
0.059758
0.107343
0.226708
0.283412
0.054644
0.092313
0.260387
0.319676
0.110713
0.154949
0.262133
0.314793
0.106173
0.141347

0.049540
0.137240
0.025567
0.038706
0.066188
0.153481
0.035705
0.055168
0.052393
0.128362
0.025803
0.021206
0.069784
0.145543
0.037379
0.039356
0.051528
0.116404
0.022216
0.000000
0.069780
0.134638
0.035302
0.019950
0.070495
0.139767
0.053266
0.037790
0.088606
0.157331
0.066103
0.056657
0.085840
0.160112
0.080671
0.071983
0.103934
0.177123
0.093340
0.089884
0.056363
0.154256
0.030044
0.062071
0.071585
0.169036
0.038035
0.076279
0.058366
0.145899
0.031823
0.047145
0.074477
0.161655
0.041346
0.063015
0.056656
0.134552
0.029787
0.028656
0.073767
0.151389
0.040899
0.046286
0.072579
0.155026
0.058811
0.063453
0.089785
0.171385
0.069912
0.080226
0.084856
0.172555
0.084193
0.094792
0.102277
0.188546
0.095354
0.110814
0.081125
0.180638
0.068965
0.103756
0.096383
0.194870
0.077094
0.117143
0.080350
0.171577
0.069018
0.089329
0.096547
0.186771
0.078607
0.104264
0.075987
0.159680
0.065492
0.071604
0.093235
0.175936
0.076601
0.088180
0.087363
0.176490
0.089989
0.102110
0.104858
0.192405
0.101176
0.117960
0.095165
0.190477
0.111036
0.129397
0.113030
0.206158
0.122375
0.144620

0.163714
0.191578
0.191578
0.087833
0.172416
0.187273
0.187273
0.069533
0.176984
0.184069
0.184069
0.057790
0.183527
0.177683
0.177683
0.036915
0.186817
0.173219
0.173219
0.023588
0.191252
0.164713
0.164713
0.000000
0.225666
0.212873
0.212873
0.074835
0.229720
0.205014
0.205014
0.053088
0.261422
0.249389
0.249389
0.122043
0.265128
0.242129
0.242129
0.101994
0.131712
0.178240
0.178240
0.088449
0.142614
0.175479
0.175479
0.071421
0.148461
0.173180
0.173180
0.060437
0.157066
0.168272
0.168272
0.040818
0.161555
0.164678
0.164678
0.028242
0.167928
0.157593
0.157593
0.005902
0.202531
0.205172
0.205172
0.079367
0.208371
0.198628
0.198628
0.058781
0.240234
0.242448
0.242448
0.126443
0.245587
0.236405
0.236405
0.107473
0.148330
0.204879
0.204879
0.132574
0.159983
0.203474
0.203474
0.117860
0.166304
0.202025
0.202025
0.108324
0.175741
0.198597
0.198597
0.091221
0.180754
0.195929
0.195929
0.080219
0.188045
0.190458
0.190458
0.060614
0.220165
0.233929
0.233929
0.127224
0.226854
0.228873
0.228873
0.109157
0.256432
0.268911
0.268911
0.170507
0.262568
0.264239
0.264239
0.153858

0.083088
0.142791
0.054606
0.020408
0.085901
0.136579
0.044541
0.000000
0.087115
0.157544
0.063115
0.046652
0.090280
0.152209
0.053655
0.027802
0.088023
0.169296
0.068180
0.068920
0.091542
0.164782
0.059249
0.051475
0.127279
0.204184
0.109755
0.112807
0.130618
0.200134
0.101580
0.096852
0.163663
0.236398
0.148212
0.153218
0.166829
0.232767
0.140729
0.138625
0.056631
0.140411
0.044353
0.039228
0.061163
0.136126
0.035871
0.021294
0.058782
0.152755
0.049895
0.061404
0.063586
0.149222
0.041869
0.044803
0.057700
0.162134
0.051991
0.079790
0.062790
0.159309
0.044354
0.064388
0.098885
0.197203
0.094343
0.122347
0.103672
0.194704
0.087351
0.108259
0.137079
0.229611
0.133552
0.161570
0.141578
0.227405
0.127151
0.148683
0.077475
0.167543
0.079357
0.085010
0.083165
0.164722
0.072685
0.069536
0.076908
0.177056
0.082627
0.103797
0.082945
0.174971
0.076416
0.089547
0.073203
0.183765
0.082649
0.119092
0.079609
0.182381
0.076849
0.105951
0.113353
0.217178
0.122749
0.158528
0.119349
0.216001
0.117447
0.146514
0.150582
0.248061
0.159875
0.194881
0.156193
0.247067
0.155029
0.183897

0.083983
0.160186
0.055352
0.063835
0.098032
0.174694
0.064921
0.079389
0.082422
0.149941
0.052553
0.046052
0.097398
0.165492
0.063514
0.063276
0.077767
0.136936
0.046464
0.024826
0.093766
0.153630
0.058894
0.043835
0.069954
0.121066
0.037018
0.000000
0.087080
0.139010
0.051002
0.020920
0.109762
0.157435
0.079357
0.045783
0.125565
0.173991
0.092234
0.065065
0.055123
0.153562
0.038617
0.072154
0.069495
0.167700
0.047339
0.086240
0.055042
0.145269
0.038487
0.057674
0.070351
0.160404
0.048591
0.073343
0.051716
0.134203
0.035004
0.039845
0.068059
0.150434
0.046561
0.057203
0.045086
0.120270
0.028116
0.018532
0.062568
0.137701
0.041205
0.037694
0.086691
0.156611
0.071001
0.062779
0.102823
0.172694
0.083051
0.080438
0.043475
0.156754
0.051920
0.097649
0.059361
0.171323
0.061550
0.111462
0.043239
0.149294
0.051905
0.084711
0.060006
0.164780
0.062803
0.099964
0.039685
0.139093
0.048620
0.068600
0.057440
0.155595
0.060860
0.085392
0.032754
0.126060
0.042013
0.049189
0.051610
0.143685
0.055678
0.067633
0.075291
0.161929
0.083850
0.091069
0.092695
0.178195
0.096438
0.108071

0.212238
0.194502
0.104881
0.016430
0.215239
0.186935
0.102052
0.000000
0.225188
0.208387
0.110629
0.028883
0.228175
0.201043
0.108453
0.013166
0.235389
0.219613
0.112979
0.037686
0.238400
0.212466
0.111469
0.022609
0.259158
0.237675
0.139917
0.059115
0.261371
0.230198
0.137608
0.043750
0.280376
0.253220
0.163599
0.077007
0.281823
0.245382
0.160500
0.061281
0.193869
0.191261
0.091356
0.019492
0.198605
0.185001
0.090378
0.004552
0.206142
0.203457
0.094480
0.028346
0.210770
0.197304
0.094088
0.013980
0.215499
0.212914
0.094042
0.033476
0.220070
0.206847
0.094260
0.019620
0.240120
0.230202
0.121225
0.053005
0.243724
0.223645
0.120429
0.038638
0.262028
0.244881
0.144975
0.068894
0.264704
0.237808
0.143184
0.053946
0.180887
0.200518
0.089147
0.045023
0.187971
0.196432
0.090949
0.032975
0.193446
0.212560
0.091076
0.052736
0.200374
0.208541
0.093480
0.041257
0.202968
0.221883
0.089369
0.056827
0.209805
0.217924
0.092416
0.045871
0.229716
0.240267
0.118784
0.077498
0.235457
0.235740
0.120680
0.065951
0.253647
0.256074
0.144703
0.094640
0.258348
0.250966
0.145484
0.082450

0.252747
0.269348
0.179513
0.124563
0.259387
0.265068
0.180054
0.111522
0.249132
0.254098
0.155975
0.089317
0.254684
0.248511
0.155653
0.074680
0.242509
0.236010
0.128833
0.050211
0.247023
0.229091
0.127665
0.033899
0.249169
0.224381
0.126258
0.023328
0.251815
0.215593
0.122735
0.004376
0.262962
0.226588
0.136753
0.020230
0.264302
0.216767
0.131753
0.000000
0.268436
0.283186
0.182873
0.133669
0.274736
0.278899
0.183969
0.121251
0.262698
0.267020
0.157452
0.097831
0.268053
0.261524
0.157836
0.083926
0.254031
0.248087
0.128410
0.058158
0.258491
0.241357
0.128103
0.042692
0.260616
0.236774
0.127206
0.032633
0.263247
0.228216
0.124528
0.014543
0.275482
0.241169
0.140856
0.033930
0.276903
0.231714
0.136785
0.014741
0.290564
0.311110
0.199098
0.167544
0.297184
0.307746
0.201744
0.157237
0.283582
0.295427
0.173080
0.133340
0.289441
0.291021
0.175240
0.121778
0.273799
0.277151
0.143516
0.095510
0.278950
0.271686
0.145223
0.082631
0.281511
0.267897
0.145550
0.074168
0.284910
0.260720
0.144940
0.058815
0.296544
0.272732
0.160720
0.076882
0.298758
0.264690
0.158689
0.060437

0.058789
0.146447
0.060989
0.057796
0.077683
0.164374
0.074573
0.077118
0.068481
0.140862
0.048349
0.030873
0.086223
0.158679
0.061463
0.050898
0.074588
0.132120
0.031968
0.000000
0.091302
0.149952
0.044709
0.020873
0.100685
0.160067
0.051646
0.032640
0.115277
0.175986
0.062054
0.051029
0.140092
0.195144
0.094993
0.078021
0.153511
0.209780
0.104537
0.094908
0.025099
0.139042
0.044676
0.069747
0.044782
0.156775
0.057611
0.087548
0.038005
0.136517
0.034359
0.046137
0.056302
0.153941
0.046590
0.064401
0.047132
0.130819
0.020226
0.018702
0.064171
0.148055
0.031841
0.037558
0.073717
0.157814
0.038090
0.048141
0.088528
0.173137
0.047327
0.064596
0.115181
0.192996
0.082403
0.092186
0.128802
0.207084
0.090869
0.107294
0.043237
0.161961
0.076504
0.108868
0.062922
0.179085
0.089284
0.125560
0.057960
0.161530
0.069017
0.088686
0.076235
0.178279
0.081063
0.105735
0.069025
0.158090
0.057938
0.064969
0.086018
0.174581
0.069338
0.082496
0.095561
0.183926
0.075505
0.092340
0.110410
0.198614
0.084681
0.107655
0.135373
0.217064
0.116912
0.132880
0.149028
0.230567
0.125325
0.146942

0.134867
0.174125
0.174125
0.101342
0.144049
0.171875
0.171875
0.087678
0.148971
0.169998
0.169998
0.078884
0.156211
0.165990
0.165990
0.063217
0.159987
0.163056
0.163056
0.053198
0.165345
0.157278
0.157278
0.035448
0.168006
0.153277
0.153277
0.024152
0.171530
0.145709
0.145709
0.004226
0.183132
0.157689
0.157689
0.020624
0.185404
0.149230
0.149230
0.000000
0.103001
0.158787
0.158787
0.096907
0.114182
0.157834
0.157834
0.084117
0.120260
0.156710
0.156710
0.075831
0.129361
0.153917
0.153917
0.060985
0.134214
0.151688
0.151688
0.051444
0.141305
0.147050
0.147050
0.034464
0.144970
0.143711
0.143711
0.023617
0.150109
0.137213
0.137213
0.004414
0.163773
0.151728
0.151728
0.024488
0.167615
0.144378
0.144378
0.004719
0.117092
0.181663
0.181663
0.133498
0.128995
0.181818
0.181818
0.122460
0.135521
0.181383
0.181383
0.115266
0.145392
0.179780
0.179780
0.102309
0.150723
0.178292
0.178292
0.093944
0.158637
0.174934
0.174934
0.079000
0.162814
0.172392
0.172392
0.069421
0.168834
0.167271
0.167271
0.052413
0.181921
0.180730
0.180730
0.070599
0.186646
0.174758
0.174758
0.053019

0.237842
0.229935
0.147787
0.067852
0.241837
0.223406
0.145593
0.052563
0.241367
0.228153
0.138564
0.056744
0.244778
0.221132
0.136270
0.041152
0.242077
0.223712
0.126005
0.042046
0.244951
0.216176
0.123625
0.026079
0.239998
0.216599
0.110041
0.023679
0.242380
0.208523
0.107586
0.007261
0.251399
0.216247
0.118540
0.017802
0.252472
0.207101
0.114550
0.000000
0.213723
0.219287
0.127733
0.061089
0.219350
0.213827
0.127104
0.046906
0.219413
0.220017
0.120169
0.052972
0.224464
0.214133
0.119553
0.038650
0.222098
0.218000
0.109106
0.041203
0.226634
0.211677
0.108528
0.026677
0.221819
0.213241
0.094481
0.025719
0.225897
0.206461
0.093967
0.010925
0.236718
0.216267
0.107373
0.024559
0.239433
0.208453
0.105304
0.008475
0.198848
0.226963
0.124926
0.085243
0.206898
0.223665
0.127012
0.073860
0.205763
0.228571
0.117290
0.077358
0.213188
0.224829
0.119419
0.065867
0.209527
0.227439
0.106076
0.065923
0.216404
0.223253
0.108294
0.054277
0.210188
0.223580
0.091221
0.050876
0.216591
0.218946
0.093571
0.039028
0.227971
0.228732
0.107369
0.052331
0.232904
0.223024
0.108065
0.039169

0.088299
0.172437
0.070542
0.095878
0.091697
0.169525
0.062175
0.081921
0.072492
0.154038
0.043276
0.064437
0.074987
0.150100
0.033409
0.048769
0.070652
0.143064
0.041168
0.046551
0.073142
0.138595
0.031245
0.029961
0.089676
0.144660
0.050922
0.034929
0.091113
0.138947
0.040190
0.016863
0.105782
0.143519
0.057285
0.019677
0.106152
0.136506
0.045655
0.000000
0.058605
0.163740
0.050643
0.100577
0.063212
0.162160
0.043009
0.088026
0.042777
0.146234
0.023296
0.070606
0.046474
0.143673
0.014154
0.056421
0.042629
0.137241
0.024144
0.056121
0.046423
0.134262
0.015111
0.041198
0.065430
0.142239
0.038196
0.048902
0.068182
0.138074
0.028461
0.032660
0.085197
0.144517
0.048802
0.038171
0.086898
0.139119
0.038281
0.020486
0.045835
0.163934
0.062039
0.122045
0.052814
0.164328
0.056978
0.111905
0.031692
0.148247
0.037485
0.095102
0.037850
0.147755
0.031063
0.083487
0.031350
0.140018
0.038123
0.081975
0.037605
0.139156
0.031806
0.069699
0.056372
0.147398
0.053659
0.077316
0.061493
0.145342
0.046585
0.063772
0.078353
0.152129
0.065895
0.069368
0.082348
0.148847
0.057996
0.054449

0.171191
0.252219
0.172659
0.174459
0.177054
0.249743
0.165692
0.159589
0.160702
0.236182
0.149314
0.143045
0.165489
0.232494
0.140722
0.126138
0.146831
0.217192
0.122345
0.107726
0.150566
0.212244
0.112041
0.088619
0.129470
0.195084
0.091524
0.068184
0.132167
0.188817
0.079410
0.046698
0.108485
0.169668
0.056595
0.024070
0.110147
0.162011
0.042554
0.000000
0.140413
0.245125
0.156328
0.184832
0.148013
0.244342
0.150531
0.171887
0.130590
0.230550
0.133596
0.155779
0.137096
0.228614
0.126185
0.140929
0.117180
0.213013
0.107153
0.122974
0.122628
0.209891
0.098054
0.106078
0.100081
0.192365
0.076781
0.086128
0.104498
0.188015
0.065904
0.067025
0.079163
0.168431
0.042229
0.044916
0.082568
0.162797
0.029469
0.023424
0.121072
0.243374
0.163814
0.206674
0.131440
0.244801
0.160749
0.196413
0.113357
0.230962
0.144095
0.181135
0.122683
0.231330
0.139558
0.169164
0.101947
0.215626
0.120778
0.152090
0.110291
0.214920
0.114718
0.138292
0.086760
0.197234
0.093674
0.119285
0.094172
0.195433
0.086026
0.103527
0.067683
0.175635
0.062562
0.082433
0.074204
0.172703
0.053246
0.064561

0.268132
0.254396
0.155372
0.055712
0.284129
0.267906
0.174409
0.073854
0.258690
0.232546
0.123991
0.008005
0.274860
0.246494
0.143998
0.027370
0.272741
0.233506
0.134482
0.000000
0.288816
0.248387
0.154891
0.021363
0.307183
0.272293
0.181964
0.059485
0.321982
0.285938
0.200651
0.078989
0.338885
0.307904
0.225506
0.113972
0.352511
0.320416
0.242618
0.131779
0.280227
0.269609
0.158531
0.071320
0.295110
0.281300
0.176423
0.086808
0.269277
0.247540
0.125769
0.024100
0.284344
0.259574
0.144601
0.040616
0.284973
0.251377
0.140299
0.021867
0.299898
0.264275
0.159397
0.040219
0.318604
0.288728
0.187403
0.079457
0.332338
0.300550
0.204881
0.096200
0.349549
0.323021
0.230593
0.132215
0.362190
0.333858
0.246589
0.147490
0.300682
0.301600
0.177000
0.115886
0.315297
0.312770
0.195125
0.130880
0.289143
0.280885
0.144291
0.071722
0.304021
0.292412
0.163443
0.087734
0.305497
0.285706
0.161106
0.071997
0.320127
0.297936
0.180291
0.089537
0.337657
0.320317
0.206657
0.125464
0.351112
0.331525
0.224210
0.141466
0.367238
0.352090
0.248410
0.174440
0.379614
0.362364
0.264471
0.189040

0.203917
0.215635
0.215635
0.115792
0.209907
0.210893
0.210893
0.098891
0.193405
0.195120
0.195120
0.080230
0.198543
0.189151
0.189151
0.061414
0.180031
0.171676
0.171676
0.040964
0.184339
0.164437
0.164437
0.020111
0.173960
0.160909
0.160909
0.021962
0.177905
0.153040
0.153040
0.000000
0.211630
0.200079
0.200079
0.072085
0.215335
0.192850
0.192850
0.051830
0.177478
0.204685
0.204685
0.119173
0.185178
0.201366
0.201366
0.103790
0.167806
0.185256
0.185256
0.085303
0.174665
0.180752
0.180752
0.068093
0.155150
0.162878
0.162878
0.047816
0.161201
0.157155
0.157155
0.028667
0.150602
0.154579
0.154579
0.032866
0.156364
0.148351
0.148351
0.012815
0.189805
0.193967
0.193967
0.081816
0.195190
0.188250
0.188250
0.063315
0.196701
0.231686
0.231686
0.160700
0.204939
0.229473
0.229473
0.147261
0.185862
0.212759
0.212759
0.129167
0.193430
0.209530
0.209530
0.114109
0.172155
0.191056
0.191056
0.094292
0.179090
0.186785
0.186785
0.077517
0.165747
0.182196
0.182196
0.080072
0.172532
0.177544
0.177544
0.062537
0.203754
0.219459
0.219459
0.125413
0.210087
0.215198
0.215198
0.109236

0.176410
0.172442
0.172442
0.041549
0.195205
0.187603
0.187603
0.057392
0.162958
0.147820
0.147820
0.000000
0.181930
0.163451
0.163451
0.016721
0.169697
0.158593
0.158593
0.017919
0.187841
0.172929
0.172929
0.032553
0.183327
0.182442
0.182442
0.057899
0.201265
0.196370
0.196370
0.071801
0.220922
0.219307
0.219307
0.103651
0.237397
0.232104
0.232104
0.116432
0.151117
0.165504
0.165504
0.050661
0.170705
0.180186
0.180186
0.064687
0.138623
0.142102
0.142102
0.010948
0.158294
0.157124
0.157124
0.025652
0.143908
0.150386
0.150386
0.024759
0.162772
0.164157
0.164157
0.037455
0.156899
0.173286
0.173286
0.063238
0.175632
0.186767
0.186767
0.075393
0.196661
0.210912
0.210912
0.108577
0.213860
0.223289
0.223289
0.119738
0.132439
0.172804
0.172804
0.084609
0.153623
0.188099
0.188099
0.098455
0.121741
0.151912
0.151912
0.048762
0.142960
0.167491
0.167491
0.063207
0.126659
0.159425
0.159425
0.061209
0.147131
0.173863
0.173863
0.073830
0.138129
0.179979
0.179979
0.095967
0.158495
0.194166
0.194166
0.108107
0.179544
0.217249
0.217249
0.138938
0.198243
0.230273
0.230273
0.150085

0.088412
0.148424
0.075113
0.052013
0.092083
0.143672
0.067660
0.035995
0.075171
0.128110
0.050430
0.017748
0.077811
0.122185
0.041642
0.000000
0.081417
0.141717
0.059407
0.040040
0.084178
0.136433
0.051089
0.023478
0.084797
0.152694
0.065476
0.059137
0.087703
0.148022
0.057590
0.043667
0.108099
0.176072
0.083656
0.085004
0.110240
0.171374
0.075552
0.070138
0.063286
0.144833
0.066020
0.066000
0.068716
0.141773
0.060056
0.051902
0.051210
0.126160
0.042649
0.034126
0.055604
0.121978
0.035389
0.018407
0.056405
0.137986
0.049497
0.053332
0.060821
0.134334
0.042584
0.038637
0.058613
0.147182
0.053418
0.069454
0.063086
0.144042
0.046823
0.055703
0.082606
0.170080
0.070727
0.093300
0.086156
0.166770
0.063756
0.079980
0.048845
0.147849
0.074538
0.090632
0.056668
0.146857
0.070845
0.078901
0.038814
0.131325
0.053645
0.061809
0.045619
0.129274
0.048731
0.048583
0.044059
0.142214
0.059903
0.079137
0.050823
0.140611
0.055267
0.066822
0.046228
0.150491
0.063273
0.093523
0.052999
0.149330
0.058899
0.082051
0.072258
0.173903
0.081487
0.116700
0.077978
0.172456
0.076635
0.105532

0.065434
0.129151
0.049740
0.019190
0.069890
0.124235
0.040512
0.000000
0.094132
0.159208
0.072785
0.054532
0.097738
0.154441
0.063325
0.036375
0.119627
0.186289
0.092235
0.085933
0.122382
0.181615
0.082453
0.068658
0.142073
0.210575
0.108216
0.113620
0.143971
0.205941
0.098023
0.097082
0.161602
0.232229
0.120831
0.137794
0.162636
0.227581
0.110134
0.121856
0.037367
0.126327
0.038056
0.037517
0.043641
0.123387
0.030322
0.020722
0.066631
0.155530
0.059466
0.069748
0.071843
0.152540
0.051258
0.053716
0.092550
0.181776
0.077229
0.098189
0.096710
0.178691
0.068466
0.082785
0.115276
0.205237
0.091458
0.123046
0.118388
0.202014
0.082056
0.108138
0.134942
0.226064
0.102239
0.144494
0.137004
0.222662
0.092111
0.129958
0.052548
0.149935
0.070524
0.080830
0.060338
0.148606
0.064882
0.066560
0.082178
0.178145
0.091722
0.110913
0.088844
0.176666
0.085550
0.097265
0.108539
0.203542
0.109488
0.137504
0.114102
0.201884
0.102722
0.124359
0.131789
0.226294
0.123935
0.160792
0.136266
0.224424
0.116506
0.148038
0.152065
0.246549
0.135151
0.180941
0.155466
0.244436
0.126989
0.168469

0.046562
0.132223
0.031624
0.035378
0.065111
0.149853
0.044073
0.053358
0.033932
0.112584
0.003569
0.000000
0.052134
0.130558
0.015929
0.018770
0.057775
0.137515
0.036917
0.037698
0.075537
0.154746
0.048966
0.055481
0.078001
0.159469
0.066636
0.071916
0.095439
0.176061
0.078448
0.088814
0.119533
0.194135
0.108469
0.112618
0.135631
0.209484
0.119406
0.128285
0.057472
0.150788
0.039561
0.060248
0.074357
0.166869
0.049914
0.076044
0.042216
0.130598
0.010067
0.025622
0.058807
0.147006
0.020268
0.042096
0.063180
0.152809
0.041583
0.060621
0.079559
0.168656
0.051702
0.076318
0.080591
0.172147
0.069507
0.092272
0.096862
0.187529
0.079603
0.107282
0.121770
0.205803
0.111087
0.131480
0.136800
0.220037
0.120443
0.145402
0.084045
0.177719
0.077120
0.101222
0.100543
0.193073
0.087294
0.116077
0.067860
0.157908
0.048893
0.068839
0.084202
0.173629
0.059001
0.084356
0.084405
0.176548
0.075949
0.099685
0.100665
0.191828
0.086049
0.114537
0.097561
0.192474
0.099641
0.127425
0.113843
0.207406
0.109793
0.141696
0.137276
0.224524
0.138858
0.163984
0.152324
0.238345
0.148267
0.177221

0.164001
0.203575
0.018213
0.004137
0.180872
0.221199
0.038550
0.029582
0.190376
0.231198
0.049945
0.044009
0.205223
0.246945
0.067638
0.066706
0.213552
0.255859
0.077497
0.079542
0.226505
0.269860
0.092708
0.099682
0.233734
0.277764
0.101122
0.111037
0.244909
0.290138
0.113995
0.128793
0.251104
0.297099
0.121045
0.138765
0.260604
0.307953
0.131705
0.154290
0.140608
0.205636
0.000244
0.020887
0.157997
0.222668
0.020429
0.044705
0.167781
0.232318
0.031712
0.058181
0.183048
0.247487
0.049182
0.079333
0.191601
0.256059
0.058886
0.091266
0.204881
0.269494
0.073804
0.109933
0.212279
0.277061
0.082022
0.120425
0.223691
0.288877
0.094531
0.136771
0.230002
0.295504
0.101342
0.145914
0.239655
0.305804
0.111568
0.160082
0.127860
0.213374
0.000000
0.046820
0.146709
0.230498
0.021400
0.070033
0.157347
0.240211
0.033403
0.083176
0.174001
0.255498
0.052063
0.103823
0.183367
0.264148
0.062474
0.115482
0.197971
0.277726
0.078563
0.133741
0.206147
0.285386
0.087479
0.144016
0.218831
0.297372
0.101149
0.160046
0.225891
0.304109
0.108656
0.169026
0.236771
0.314605
0.120040
0.182967

0.250738
0.227935
0.146476
0.036711
0.253463
0.219426
0.141953
0.017345
0.252187
0.222912
0.134645
0.020039
0.254268
0.213724
0.129776
0.000000
0.273220
0.251383
0.155741
0.058500
0.275792
0.243282
0.152319
0.040629
0.291528
0.277015
0.173380
0.092927
0.294609
0.269952
0.171388
0.077116
0.323147
0.309609
0.213966
0.139455
0.325980
0.303070
0.212107
0.124829
0.229237
0.220533
0.130478
0.036037
0.233560
0.213266
0.127616
0.018111
0.232966
0.218452
0.120871
0.023261
0.236685
0.210607
0.117800
0.004874
0.254071
0.246443
0.140707
0.060116
0.258226
0.239626
0.139064
0.043844
0.272324
0.271556
0.156984
0.092936
0.276944
0.265727
0.156761
0.078680
0.305442
0.304607
0.198871
0.139527
0.309697
0.299209
0.198647
0.126338
0.256987
0.255780
0.156221
0.081759
0.261733
0.249695
0.155008
0.066350
0.258897
0.252985
0.145106
0.068691
0.263166
0.246419
0.143818
0.052932
0.276456
0.277403
0.160509
0.100535
0.281197
0.271816
0.160641
0.086769
0.291301
0.299136
0.172473
0.128592
0.296546
0.294493
0.174028
0.116735
0.322985
0.330101
0.213207
0.172497
0.327818
0.325801
0.214626
0.161526

0.164720
0.188578
0.188578
0.073394
0.185031
0.205188
0.205188
0.089977
0.177029
0.180286
0.180286
0.039262
0.196477
0.196656
0.196656
0.056165
0.186131
0.168391
0.168391
0.000000
0.204824
0.184611
0.184611
0.017313
0.215456
0.193654
0.193654
0.026682
0.232228
0.207596
0.207596
0.040621
0.251016
0.233234
0.233234
0.082666
0.266590
0.246191
0.246191
0.095656
0.174775
0.201505
0.201505
0.092460
0.193947
0.216317
0.216317
0.105925
0.187343
0.193960
0.193960
0.059661
0.205578
0.208374
0.208374
0.073145
0.196778
0.182897
0.182897
0.021841
0.214175
0.196986
0.196986
0.035403
0.224041
0.204763
0.204763
0.042537
0.239554
0.216612
0.216612
0.052768
0.258903
0.243530
0.243530
0.097480
0.273334
0.254587
0.254587
0.107103
0.189557
0.227796
0.227796
0.140281
0.208410
0.242200
0.242200
0.153181
0.203491
0.222876
0.222876
0.112304
0.221398
0.236861
0.236861
0.125193
0.214453
0.214711
0.214711
0.079792
0.231510
0.228348
0.228348
0.092728
0.241204
0.235910
0.235910
0.099587
0.256485
0.247493
0.247493
0.109525
0.274419
0.271779
0.271779
0.149276
0.288634
0.282583
0.282583
0.158610

0.023726
0.134834
0.022876
0.049667
0.030760
0.132237
0.014120
0.033520
0.026279
0.125253
0.022489
0.031433
0.032960
0.121912
0.013495
0.014228
0.051901
0.128475
0.034149
0.018861
0.056899
0.123553
0.024038
0.000000
0.095973
0.165695
0.079115
0.064383
0.100505
0.161117
0.069774
0.046986
0.136424
0.199904
0.120434
0.106267
0.140533
0.195646
0.111803
0.090222
0.028668
0.149428
0.024813
0.070807
0.035337
0.147281
0.015810
0.055591
0.029814
0.140081
0.025699
0.055054
0.036405
0.137404
0.016730
0.039028
0.057075
0.145425
0.040435
0.046174
0.062105
0.141294
0.030529
0.028694
0.100666
0.181277
0.084908
0.089559
0.105236
0.177432
0.075763
0.073439
0.140680
0.214228
0.125773
0.129474
0.144832
0.210650
0.117329
0.114608
0.050949
0.173018
0.061060
0.110081
0.058654
0.172078
0.053960
0.096950
0.048783
0.162686
0.059921
0.094708
0.056577
0.161361
0.052943
0.080901
0.076224
0.169186
0.074860
0.087657
0.082460
0.166461
0.066946
0.072483
0.118186
0.203104
0.116524
0.127729
0.123872
0.200557
0.109214
0.113734
0.156711
0.234280
0.154809
0.164595
0.161894
0.231899
0.148057
0.151688

0.046950
0.142253
0.047309
0.065529
0.052834
0.139507
0.040362
0.051638
0.037286
0.125162
0.023408
0.034682
0.041781
0.121181
0.014924
0.019182
0.039933
0.115494
0.020550
0.016478
0.043793
0.110726
0.011581
0.000000
0.061570
0.138056
0.049467
0.049949
0.065866
0.134101
0.041592
0.034933
0.102447
0.172785
0.090125
0.090197
0.106315
0.169032
0.082715
0.076176
0.058598
0.158449
0.054917
0.085969
0.063868
0.155901
0.047788
0.072784
0.046384
0.140646
0.029688
0.055582
0.050413
0.136985
0.021118
0.040903
0.048034
0.131316
0.027785
0.039403
0.051632
0.127035
0.018922
0.023926
0.066866
0.151335
0.054732
0.070336
0.071014
0.147892
0.047015
0.056290
0.106979
0.184911
0.094774
0.109024
0.110728
0.181646
0.087521
0.095912
0.085096
0.183552
0.088608
0.122004
0.090729
0.181783
0.082638
0.110324
0.071770
0.165884
0.064130
0.093309
0.076360
0.163157
0.056900
0.080300
0.071076
0.155931
0.060987
0.077608
0.075369
0.152697
0.053552
0.063910
0.085988
0.172737
0.084147
0.104928
0.090883
0.170335
0.077825
0.092581
0.124447
0.204640
0.121980
0.141122
0.128910
0.202355
0.116037
0.129598

0.193192
0.254759
0.059215
0.100943
0.204600
0.267603
0.071905
0.118330
0.179510
0.237507
0.025745
0.064686
0.190937
0.250829
0.038921
0.083193
0.195641
0.237481
0.041936
0.057124
0.207180
0.251396
0.055697
0.076907
0.209103
0.234864
0.054294
0.045617
0.220822
0.249464
0.068733
0.066816
0.219950
0.229608
0.062866
0.030054
0.231922
0.244990
0.078082
0.052820
0.169018
0.250080
0.034058
0.103638
0.180463
0.262407
0.046241
0.119761
0.155480
0.233940
0.000000
0.068718
0.166863
0.246642
0.012571
0.085812
0.175052
0.237112
0.021090
0.065971
0.186462
0.250300
0.034134
0.084180
0.191861
0.237729
0.038250
0.059381
0.203365
0.251487
0.051857
0.078832
0.205985
0.235763
0.051561
0.048869
0.217652
0.250183
0.065822
0.069701
0.161669
0.254613
0.037266
0.121906
0.174301
0.267189
0.050773
0.137990
0.149793
0.240428
0.005005
0.089628
0.162369
0.253335
0.018945
0.106631
0.171245
0.245734
0.028387
0.089911
0.183681
0.258974
0.042558
0.107795
0.189944
0.248573
0.047912
0.086538
0.202312
0.262229
0.062408
0.105428
0.205977
0.248932
0.063676
0.079456
0.218350
0.263093
0.078593
0.099483

0.093510
0.169644
0.091008
0.093836
0.110102
0.185801
0.103286
0.110860
0.080259
0.151442
0.066508
0.062641
0.096836
0.168064
0.078941
0.080523
0.063951
0.130537
0.038802
0.028163
0.080605
0.147720
0.051461
0.047009
0.068228
0.122062
0.022981
0.000000
0.084026
0.139245
0.035277
0.019496
0.092931
0.149031
0.042016
0.030525
0.106841
0.164493
0.052200
0.047825
0.064958
0.162833
0.076247
0.102695
0.082065
0.178792
0.087937
0.118501
0.052329
0.145899
0.052380
0.073352
0.069327
0.162224
0.064092
0.089864
0.036493
0.126242
0.025235
0.040799
0.053476
0.143025
0.037036
0.058115
0.043291
0.120412
0.011316
0.015553
0.059231
0.137028
0.022551
0.033311
0.068198
0.146474
0.028642
0.043316
0.082168
0.161367
0.037724
0.058933
0.086530
0.185989
0.107352
0.138226
0.103334
0.201292
0.118777
0.153093
0.072930
0.169248
0.084314
0.110714
0.089726
0.184942
0.095819
0.126260
0.056259
0.149934
0.058199
0.080225
0.073141
0.166108
0.069848
0.096540
0.064753
0.146139
0.047058
0.058275
0.080588
0.162096
0.058129
0.074950
0.089517
0.171177
0.064162
0.084353
0.103470
0.185510
0.073217
0.099047

0.150923
0.201762
0.026780
0.041080
0.151405
0.195161
0.018681
0.025474
0.161962
0.218572
0.029311
0.058517
0.162104
0.212242
0.021355
0.043737
0.186637
0.243012
0.055407
0.089241
0.187293
0.237441
0.048936
0.076056
0.208455
0.265060
0.077956
0.116776
0.209639
0.260226
0.072943
0.105122
0.227547
0.284839
0.097088
0.141271
0.229277
0.280725
0.093513
0.131091
0.127113
0.200154
0.007144
0.049051
0.129031
0.194999
0.000331
0.035132
0.137329
0.215564
0.006804
0.063352
0.138775
0.210561
0.000000
0.050115
0.162732
0.239613
0.032690
0.092660
0.164655
0.235310
0.027389
0.080970
0.185108
0.261222
0.054865
0.118765
0.187530
0.257605
0.051044
0.108567
0.204594
0.280517
0.073458
0.141811
0.207540
0.277575
0.071103
0.133056
0.160616
0.231974
0.040894
0.087632
0.163021
0.227662
0.035847
0.075630
0.168604
0.245239
0.038577
0.099480
0.170650
0.241109
0.033647
0.088169
0.190245
0.266258
0.059845
0.124808
0.192796
0.262811
0.056391
0.114975
0.209029
0.284992
0.077559
0.147110
0.212110
0.282218
0.075570
0.138709
0.225071
0.301548
0.091824
0.166505
0.228710
0.299439
0.091296
0.159498

0.255004
0.251053
0.163790
0.092560
0.259173
0.245205
0.162014
0.078735
0.247714
0.232877
0.138678
0.056368
0.250844
0.225831
0.136028
0.041103
0.237689
0.212106
0.110421
0.016769
0.239823
0.203842
0.106903
0.000000
0.262882
0.232406
0.138207
0.041203
0.264286
0.223914
0.134112
0.024369
0.285477
0.250134
0.162870
0.062155
0.286182
0.241385
0.158194
0.045180
0.234106
0.244629
0.148612
0.091801
0.239968
0.239994
0.148459
0.079254
0.228142
0.227543
0.123895
0.056295
0.232925
0.221703
0.122892
0.042343
0.219276
0.207785
0.095900
0.017331
0.223035
0.200726
0.094063
0.001916
0.245233
0.227240
0.123592
0.039708
0.248094
0.219795
0.120984
0.024020
0.268443
0.244050
0.148033
0.058544
0.270445
0.236194
0.144659
0.042514
0.218948
0.250844
0.145196
0.113063
0.227109
0.248246
0.147528
0.103065
0.215152
0.236096
0.122051
0.080167
0.222226
0.232340
0.123618
0.068896
0.208325
0.218681
0.095573
0.043908
0.214380
0.213768
0.096405
0.031321
0.236275
0.239038
0.124993
0.066959
0.241300
0.233652
0.124930
0.054013
0.261377
0.256779
0.151130
0.086586
0.265425
0.250908
0.150191
0.073227

0.140696
0.135479
0.135479
0.000000
0.160733
0.150810
0.150810
0.014648
0.160623
0.163160
0.163160
0.041432
0.180202
0.177975
0.177975
0.055394
0.177110
0.187722
0.187722
0.079281
0.196373
0.202118
0.202118
0.092639
0.190248
0.209297
0.209297
0.113748
0.209333
0.223371
0.223371
0.126582
0.228367
0.244313
0.244313
0.154433
0.245901
0.257286
0.257286
0.166316
0.112920
0.126470
0.126470
0.005637
0.133897
0.141414
0.141414
0.018597
0.132784
0.153645
0.153645
0.046054
0.153346
0.168163
0.168163
0.058482
0.148973
0.177597
0.177597
0.082876
0.169271
0.191788
0.191788
0.094849
0.161578
0.198456
0.198456
0.116300
0.181760
0.212416
0.212416
0.127890
0.202207
0.234540
0.234540
0.157013
0.220736
0.247393
0.247393
0.167731
0.137171
0.159930
0.159930
0.055589
0.157654
0.174357
0.174357
0.067896
0.152457
0.183097
0.183097
0.091544
0.172713
0.197221
0.197221
0.103414
0.164177
0.203200
0.203200
0.124146
0.184354
0.217118
0.217118
0.135652
0.172387
0.220342
0.220342
0.153566
0.192634
0.234150
0.234150
0.164780
0.212331
0.254933
0.254933
0.191689
0.230915
0.267641
0.267641
0.202054

0.251089
0.241956
0.159590
0.078907
0.254900
0.235318
0.157498
0.063274
0.254398
0.239750
0.149550
0.065719
0.257657
0.232532
0.147311
0.049549
0.254929
0.234830
0.136053
0.048733
0.257675
0.227000
0.133675
0.031940
0.252676
0.227153
0.118983
0.027811
0.254945
0.218673
0.116473
0.010304
0.264049
0.225972
0.127195
0.019223
0.264967
0.216286
0.122961
0.000000
0.227366
0.232064
0.139793
0.074565
0.232794
0.226601
0.139423
0.060350
0.232684
0.232371
0.131325
0.064481
0.237586
0.226410
0.130941
0.049915
0.235059
0.229914
0.119259
0.050595
0.239488
0.223432
0.118884
0.035603
0.234499
0.224664
0.103486
0.032784
0.238504
0.217634
0.103143
0.017291
0.249398
0.227009
0.116353
0.029315
0.252009
0.218823
0.114275
0.012223
0.213006
0.239769
0.136402
0.098672
0.220779
0.236452
0.138790
0.087331
0.219409
0.241062
0.127865
0.089183
0.226633
0.237253
0.130304
0.077562
0.222739
0.239615
0.115653
0.076008
0.229483
0.235306
0.118186
0.064054
0.223011
0.235407
0.099656
0.059033
0.229341
0.230586
0.102328
0.046689
0.240838
0.240087
0.116125
0.058742
0.245680
0.234092
0.116972
0.044811

0.199796
0.260513
0.076202
0.101668
0.200679
0.254499
0.070220
0.085884
0.203997
0.253545
0.068224
0.078932
0.204534
0.246657
0.062107
0.061867
0.205380
0.243793
0.056252
0.051841
0.205565
0.235960
0.049950
0.033342
0.203892
0.231121
0.040110
0.020100
0.203715
0.222264
0.033571
0.000000
0.237690
0.264490
0.088463
0.072557
0.237584
0.256479
0.082494
0.054280
0.174986
0.256620
0.053119
0.108701
0.177164
0.252102
0.048772
0.095189
0.181167
0.252132
0.047294
0.089558
0.183085
0.246864
0.043016
0.075021
0.184430
0.244917
0.037401
0.066234
0.186093
0.238842
0.033159
0.050543
0.184731
0.234859
0.023277
0.038467
0.186143
0.227914
0.019039
0.021481
0.219750
0.267542
0.072586
0.088862
0.221092
0.261270
0.068705
0.073411
0.167235
0.262589
0.057209
0.131139
0.171678
0.260110
0.055928
0.120671
0.173908
0.259493
0.051093
0.113781
0.178110
0.256335
0.049984
0.102463
0.177629
0.253758
0.040937
0.092461
0.181610
0.249882
0.039991
0.080191
0.178356
0.245282
0.026580
0.066938
0.182137
0.240640
0.025788
0.053602
0.213803
0.276912
0.075606
0.114740
0.217322
0.272748
0.074884
0.102622

0.275981
0.240382
0.159367
0.044405
0.290499
0.253391
0.176204
0.061349
0.264493
0.217361
0.129822
0.000000
0.279154
0.230772
0.147370
0.017924
0.284223
0.246175
0.151587
0.040074
0.298460
0.258980
0.168862
0.057268
0.301482
0.272231
0.170026
0.076117
0.315375
0.284506
0.187131
0.092689
0.332107
0.305380
0.210792
0.124085
0.344992
0.316741
0.226623
0.139396
0.259344
0.236823
0.147572
0.048894
0.273976
0.249005
0.163973
0.064096
0.248798
0.215039
0.118601
0.005908
0.263489
0.227497
0.135616
0.021910
0.268177
0.243044
0.138841
0.044018
0.282510
0.255009
0.155730
0.059500
0.285010
0.268293
0.155699
0.078144
0.299066
0.279837
0.172563
0.093204
0.316732
0.301617
0.197414
0.125831
0.329771
0.312303
0.213024
0.139742
0.251721
0.249565
0.151243
0.079912
0.267209
0.262006
0.168330
0.095060
0.242992
0.230377
0.124137
0.040432
0.258502
0.243044
0.141824
0.056327
0.261183
0.256244
0.141449
0.074427
0.276351
0.268453
0.159082
0.089888
0.276802
0.279443
0.155404
0.104626
0.291715
0.291265
0.173087
0.119749
0.309039
0.311879
0.197085
0.150311
0.322878
0.322829
0.213459
0.164288

0.081665
0.140428
0.056181
0.034410
0.098455
0.156757
0.068502
0.052120
0.065545
0.119796
0.029045
0.000000
0.082529
0.136722
0.041652
0.018683
0.069474
0.133887
0.036129
0.022397
0.085698
0.149791
0.047381
0.039398
0.069922
0.145108
0.039802
0.041437
0.085510
0.160099
0.049782
0.056864
0.083129
0.163727
0.065969
0.073492
0.098979
0.178396
0.075986
0.088218
0.055106
0.137890
0.045436
0.048754
0.072542
0.153962
0.057108
0.065079
0.039337
0.118539
0.018946
0.016370
0.056901
0.135115
0.030783
0.033516
0.041292
0.130485
0.023202
0.035452
0.058134
0.146103
0.033716
0.051006
0.039537
0.139503
0.023936
0.051230
0.055788
0.154273
0.033208
0.065294
0.051881
0.156842
0.049559
0.081642
0.068524
0.171404
0.059016
0.095157
0.040832
0.142117
0.057870
0.075945
0.059970
0.158636
0.070380
0.091896
0.026611
0.124718
0.033967
0.046668
0.045881
0.141697
0.046628
0.063363
0.028043
0.135531
0.037772
0.064076
0.046697
0.151654
0.049244
0.079328
0.025611
0.143399
0.038093
0.078318
0.043794
0.158782
0.048464
0.092225
0.035527
0.158567
0.060809
0.105734
0.054162
0.173807
0.071397
0.119164

0.238467
0.239362
0.151037
0.079422
0.243441
0.233622
0.149630
0.065049
0.232318
0.221466
0.125736
0.042194
0.236172
0.214431
0.123398
0.026259
0.233451
0.216065
0.112309
0.024122
0.236651
0.208340
0.109675
0.007488
0.247609
0.217492
0.121762
0.018191
0.249416
0.208577
0.117544
0.000000
0.281403
0.252373
0.164047
0.066967
0.282950
0.244013
0.160022
0.050003
0.213086
0.229783
0.132106
0.077346
0.219881
0.225411
0.132527
0.064570
0.208382
0.213197
0.107332
0.041238
0.214024
0.207540
0.106869
0.026975
0.211644
0.210330
0.095589
0.026200
0.216647
0.204054
0.094944
0.011405
0.229461
0.215271
0.109405
0.025010
0.233016
0.207838
0.107167
0.008754
0.264730
0.250332
0.152656
0.073222
0.267882
0.243335
0.150451
0.058040
0.239963
0.260741
0.152723
0.113507
0.246853
0.257164
0.154446
0.102650
0.233857
0.244502
0.127428
0.078919
0.239783
0.239805
0.128476
0.066783
0.235028
0.240887
0.113998
0.063690
0.240470
0.235689
0.115026
0.051164
0.252775
0.246386
0.129312
0.064376
0.256832
0.240097
0.128768
0.050449
0.286259
0.279177
0.171159
0.109813
0.289886
0.273247
0.170529
0.096796

0.192263
0.256166
0.067738
0.130272
0.204144
0.268330
0.077205
0.143225
0.180388
0.242053
0.035568
0.100942
0.191810
0.254242
0.044705
0.114148
0.183349
0.235350
0.032334
0.086419
0.195476
0.248212
0.043229
0.101036
0.183484
0.226493
0.025258
0.068963
0.196357
0.240075
0.037923
0.085028
0.196875
0.225075
0.041166
0.064578
0.209737
0.238946
0.054285
0.081338
0.167391
0.250640
0.039374
0.127296
0.179407
0.262617
0.048204
0.139483
0.155592
0.237206
0.005673
0.097968
0.167034
0.249119
0.014033
0.110303
0.160728
0.232338
0.004906
0.085645
0.172904
0.244917
0.015149
0.099428
0.162824
0.225228
0.000000
0.070273
0.175775
0.238518
0.012132
0.085536
0.179709
0.226513
0.020695
0.069600
0.192592
0.240031
0.033250
0.085499
0.160516
0.253967
0.046914
0.142553
0.174177
0.266602
0.057784
0.155462
0.151010
0.242371
0.015665
0.115317
0.164120
0.254934
0.026190
0.128415
0.156094
0.238096
0.013130
0.102844
0.169828
0.251244
0.025408
0.117291
0.158115
0.231590
0.006525
0.087395
0.172526
0.245372
0.020582
0.103235
0.176813
0.234637
0.028777
0.088633
0.190975
0.248519
0.043005
0.104932

0.080497
0.149919
0.036478
0.000000
0.097711
0.169283
0.049381
0.024486
0.103098
0.177600
0.073781
0.048144
0.120030
0.195921
0.086189
0.070734
0.121879
0.201686
0.106672
0.091211
0.138656
0.219121
0.118696
0.112122
0.136987
0.222390
0.135436
0.129605
0.153731
0.239086
0.147179
0.149036
0.176375
0.256138
0.176559
0.173159
0.191750
0.271383
0.187272
0.190797
0.086533
0.171529
0.044798
0.037758
0.102184
0.188908
0.054958
0.058678
0.106217
0.195804
0.079822
0.081454
0.121847
0.212394
0.089805
0.100850
0.122103
0.216658
0.110513
0.120415
0.137827
0.232599
0.120408
0.138474
0.134316
0.234276
0.137134
0.155004
0.150250
0.249702
0.147027
0.171898
0.173954
0.266905
0.178002
0.196097
0.188589
0.280996
0.187029
0.211433
0.110539
0.201331
0.087890
0.091623
0.126182
0.217745
0.097843
0.110668
0.125496
0.221359
0.117540
0.129459
0.141262
0.237159
0.127427
0.147211
0.136807
0.238194
0.143181
0.163007
0.152812
0.253512
0.153087
0.179636
0.144558
0.251988
0.165034
0.192582
0.160920
0.266951
0.175044
0.208244
0.183344
0.283013
0.203434
0.230216
0.198370
0.296688
0.212576
0.244440

0.192899
0.209984
0.209984
0.111891
0.199439
0.205689
0.205689
0.094646
0.181311
0.190025
0.190025
0.076262
0.187266
0.184545
0.184545
0.056896
0.177052
0.182569
0.182569
0.060192
0.182880
0.176510
0.176510
0.039552
0.169783
0.171916
0.171916
0.039785
0.175501
0.165211
0.165211
0.017690
0.187301
0.174161
0.174161
0.024242
0.191457
0.165881
0.165881
0.000000
0.196484
0.218433
0.218433
0.128666
0.203448
0.214755
0.214755
0.112598
0.183116
0.198047
0.198047
0.094126
0.189636
0.193321
0.193321
0.076118
0.177975
0.191616
0.191616
0.081433
0.184554
0.186516
0.186516
0.062436
0.169822
0.182087
0.182087
0.064648
0.176489
0.176559
0.176559
0.044502
0.189641
0.187428
0.187428
0.054089
0.194787
0.180457
0.180457
0.032065
0.208757
0.242307
0.242307
0.169894
0.216749
0.240026
0.240026
0.156083
0.194301
0.222590
0.222590
0.138092
0.202024
0.219445
0.219445
0.122587
0.187209
0.215618
0.215618
0.126382
0.195142
0.212239
0.212239
0.110066
0.177131
0.205703
0.205703
0.110912
0.185313
0.202049
0.202049
0.093649
0.198596
0.212885
0.212885
0.103224
0.205243
0.207850
0.207850
0.084245

0.065561
0.127929
0.021492
0.000000
0.082873
0.145919
0.032795
0.019925
0.072469
0.143650
0.026315
0.023373
0.088328
0.160250
0.035544
0.041132
0.093164
0.165799
0.059362
0.060381
0.108789
0.181724
0.068601
0.077193
0.110164
0.184944
0.088393
0.093622
0.125658
0.200300
0.097683
0.109588
0.148867
0.216912
0.129328
0.133081
0.163159
0.231071
0.137986
0.147845
0.035633
0.126294
0.006064
0.017196
0.053365
0.143779
0.015996
0.035096
0.041157
0.139952
0.007411
0.036567
0.057363
0.156072
0.015205
0.052371
0.062483
0.161223
0.040993
0.071912
0.078528
0.176769
0.048986
0.086969
0.079849
0.179428
0.070366
0.103529
0.095840
0.194502
0.078588
0.117928
0.121186
0.211959
0.113026
0.142371
0.135936
0.225860
0.120712
0.155699
0.021752
0.131741
0.025304
0.050617
0.041521
0.149682
0.036558
0.068088
0.028312
0.144765
0.027429
0.068495
0.046605
0.161427
0.036720
0.084061
0.048289
0.164185
0.057748
0.100292
0.066345
0.180287
0.067163
0.115159
0.064209
0.180559
0.084008
0.128574
0.082152
0.196209
0.093593
0.142830
0.106766
0.212988
0.125405
0.165338
0.123298
0.227411
0.134326
0.178524

0.298676
0.295070
0.205792
0.146675
0.302309
0.289808
0.205148
0.134114
0.290408
0.278185
0.180989
0.112310
0.293316
0.271865
0.179696
0.098384
0.279756
0.258875
0.153057
0.074511
0.281959
0.251462
0.151118
0.059149
0.282822
0.246531
0.149334
0.049232
0.283499
0.237495
0.145326
0.031516
0.283450
0.231576
0.142298
0.020161
0.282609
0.220868
0.136208
0.000000
0.279149
0.287788
0.188504
0.144139
0.284156
0.283620
0.189472
0.132951
0.271528
0.271747
0.163658
0.110439
0.275825
0.266547
0.164048
0.097960
0.261413
0.253243
0.135567
0.073288
0.265028
0.246984
0.135394
0.059453
0.266719
0.242739
0.134649
0.050453
0.268747
0.234841
0.132342
0.034264
0.269491
0.229601
0.130318
0.023826
0.269947
0.220022
0.125874
0.005198
0.266274
0.293365
0.182954
0.162729
0.273194
0.291034
0.186335
0.154058
0.260000
0.279271
0.159067
0.131376
0.266257
0.275986
0.162000
0.121571
0.251158
0.262752
0.131886
0.096673
0.256794
0.258496
0.134400
0.085686
0.259686
0.255465
0.135261
0.078418
0.263702
0.249609
0.135623
0.065161
0.265631
0.245610
0.135199
0.056512
0.268054
0.238125
0.133425
0.040919

0.135202
0.140880
0.140880
0.020007
0.141175
0.134773
0.134773
0.000000
0.166593
0.167558
0.167558
0.048477
0.171793
0.161336
0.161336
0.029024
0.195048
0.191219
0.191219
0.073135
0.199496
0.184838
0.184838
0.054111
0.220733
0.212011
0.212011
0.094144
0.224448
0.205424
0.205424
0.075428
0.254017
0.246360
0.246360
0.137639
0.257502
0.240301
0.240301
0.120355
0.109373
0.133092
0.133092
0.029403
0.117307
0.128674
0.128674
0.011226
0.141734
0.158927
0.158927
0.054962
0.148712
0.154206
0.154206
0.037101
0.171035
0.181717
0.181717
0.076777
0.177089
0.176658
0.176658
0.059118
0.197443
0.201602
0.201602
0.094992
0.202602
0.196167
0.196167
0.077421
0.232333
0.236599
0.236599
0.138268
0.237155
0.231605
0.231605
0.122039
0.126385
0.161401
0.161401
0.075899
0.135229
0.158433
0.158433
0.060076
0.158284
0.186384
0.186384
0.099982
0.166141
0.183064
0.183064
0.084393
0.187221
0.208490
0.208490
0.120597
0.194128
0.204791
0.204791
0.105142
0.213361
0.227853
0.227853
0.137880
0.219352
0.223746
0.223746
0.122459
0.247077
0.260891
0.260891
0.177941
0.252667
0.257124
0.257124
0.163700

0.246110
0.242647
0.154185
0.074931
0.250594
0.236403
0.152313
0.059267
0.239180
0.223949
0.128016
0.035562
0.242595
0.216342
0.125150
0.018119
0.239406
0.219445
0.115410
0.021294
0.242331
0.211370
0.112476
0.003567
0.252758
0.221665
0.125732
0.018903
0.254431
0.212602
0.121410
0.000000
0.285804
0.256611
0.168149
0.068891
0.287301
0.248191
0.164101
0.051368
0.222305
0.232257
0.134359
0.068374
0.228383
0.227101
0.134042
0.053809
0.216445
0.214410
0.108244
0.029299
0.221424
0.207878
0.106959
0.012977
0.218700
0.212588
0.097456
0.018519
0.223230
0.205687
0.096244
0.002119
0.235628
0.218439
0.112274
0.021253
0.238870
0.210604
0.109685
0.003805
0.270136
0.253827
0.155930
0.071355
0.273086
0.246548
0.153488
0.055187
0.247812
0.263841
0.155501
0.107717
0.254193
0.259693
0.156706
0.095418
0.240864
0.246678
0.129188
0.070713
0.246330
0.241332
0.129647
0.056900
0.241060
0.243819
0.116406
0.058978
0.246200
0.238183
0.117065
0.045168
0.257954
0.249964
0.132474
0.062890
0.261842
0.243424
0.131740
0.048035
0.290767
0.282979
0.174639
0.109885
0.294315
0.276899
0.173912
0.096114

