0.161377
0.197603
0.027065
0.000000
0.177354
0.215723
0.045606
0.026000
0.172070
0.216929
0.033477
0.026436
0.186853
0.233596
0.050591
0.050290
0.195182
0.243058
0.060138
0.063796
0.208190
0.257963
0.074880
0.085012
0.215482
0.266402
0.083039
0.096988
0.226803
0.279657
0.095519
0.115736
0.233108
0.287138
0.102351
0.126278
0.242822
0.298844
0.112666
0.142709
0.139909
0.199838
0.013008
0.018950
0.155991
0.217150
0.030773
0.042914
0.149398
0.217020
0.016042
0.040812
0.164296
0.232960
0.032465
0.062820
0.172678
0.241997
0.041592
0.075252
0.185744
0.256209
0.055619
0.094730
0.193054
0.264242
0.063340
0.105692
0.204376
0.276831
0.075074
0.122795
0.210664
0.283920
0.081447
0.132374
0.220319
0.294981
0.090978
0.147238
0.167842
0.231304
0.042396
0.062155
0.183239
0.247412
0.059738
0.084481
0.174783
0.245659
0.042457
0.079973
0.189178
0.260579
0.058698
0.100615
0.197290
0.269043
0.067754
0.112286
0.209960
0.282364
0.081725
0.130587
0.217063
0.289898
0.089450
0.140897
0.228091
0.301717
0.101251
0.157000
0.234232
0.308378
0.107700
0.166031
0.243693
0.318782
0.117418
0.180062

0.229357
0.222429
0.123329
0.056581
0.233290
0.216168
0.122619
0.042522
0.220110
0.203475
0.094800
0.018386
0.223204
0.196050
0.093462
0.002921
0.246644
0.224000
0.124900
0.041946
0.248915
0.216205
0.122656
0.026081
0.270523
0.241918
0.151550
0.061858
0.272003
0.233725
0.148419
0.045527
0.301904
0.274390
0.191984
0.107314
0.303168
0.266702
0.188913
0.092038
0.208552
0.215376
0.104165
0.052389
0.214115
0.210229
0.105248
0.039522
0.200046
0.197156
0.075199
0.014242
0.204770
0.190844
0.075720
0.000000
0.227465
0.216924
0.105714
0.035983
0.231194
0.210081
0.105101
0.021113
0.252060
0.233983
0.132571
0.053941
0.254835
0.226584
0.130854
0.038380
0.285122
0.267410
0.174934
0.100576
0.287587
0.260468
0.173172
0.086027
0.232201
0.246234
0.121433
0.088585
0.238289
0.242085
0.124275
0.077866
0.222491
0.228481
0.091620
0.051845
0.227918
0.223328
0.094134
0.039975
0.249489
0.247804
0.123003
0.073950
0.253914
0.242123
0.124313
0.061425
0.273749
0.264566
0.150761
0.092443
0.277220
0.258339
0.150909
0.079215
0.305438
0.295925
0.192148
0.136519
0.308542
0.290065
0.192102
0.124126

0.065906
0.163607
0.073703
0.081116
0.083989
0.180609
0.086551
0.099506
0.051027
0.144093
0.047451
0.046469
0.069264
0.161736
0.060630
0.066041
0.059931
0.137514
0.033630
0.017317
0.077039
0.155099
0.046415
0.037739
0.081294
0.137878
0.041236
0.000000
0.098144
0.156013
0.054906
0.022184
0.122579
0.175817
0.085914
0.049658
0.138029
0.192426
0.098369
0.069917
0.069174
0.177878
0.079474
0.105546
0.086254
0.193580
0.090630
0.121734
0.051766
0.157945
0.052167
0.072196
0.069056
0.174261
0.063595
0.089422
0.061223
0.152870
0.039164
0.045628
0.077275
0.168995
0.050036
0.063489
0.084679
0.155833
0.050054
0.032662
0.100429
0.172411
0.061745
0.052120
0.125624
0.192208
0.093804
0.079422
0.140055
0.207385
0.104435
0.097180
0.085971
0.199643
0.109739
0.143478
0.103125
0.214793
0.120736
0.158553
0.067255
0.179960
0.083318
0.112462
0.084745
0.195744
0.094638
0.128512
0.078897
0.177289
0.073405
0.089699
0.095100
0.192798
0.084114
0.106249
0.103115
0.181857
0.085215
0.079332
0.118898
0.197682
0.096575
0.097264
0.142718
0.216160
0.126256
0.122297
0.157183
0.230651
0.136593
0.138664

0.153780
0.204831
0.022756
0.046890
0.156013
0.199743
0.019164
0.034762
0.179083
0.230068
0.050182
0.078309
0.180503
0.224890
0.045821
0.066337
0.201669
0.252992
0.074212
0.106674
0.202298
0.247709
0.069077
0.094813
0.221663
0.273720
0.094978
0.132126
0.221516
0.268316
0.089059
0.120330
0.239173
0.292356
0.112593
0.154792
0.238261
0.286814
0.105876
0.143015
0.130870
0.202602
0.001936
0.052307
0.134638
0.198971
0.000000
0.041967
0.156815
0.227446
0.029267
0.082454
0.159607
0.223589
0.026357
0.072093
0.179898
0.249937
0.053051
0.109531
0.181742
0.245847
0.049172
0.099111
0.200246
0.270190
0.073422
0.133674
0.201164
0.265857
0.068569
0.123158
0.217973
0.288310
0.090492
0.155004
0.217982
0.283723
0.084658
0.144353
0.157267
0.230430
0.024939
0.083923
0.161688
0.227665
0.024827
0.075420
0.182635
0.254184
0.052707
0.113235
0.186088
0.251169
0.051577
0.104637
0.205260
0.275708
0.077020
0.139606
0.207776
0.272440
0.074885
0.130887
0.225268
0.295113
0.098015
0.163171
0.226874
0.291586
0.094882
0.154302
0.242773
0.312500
0.115812
0.184054
0.243489
0.308707
0.111682
0.175002

0.057054
0.129025
0.049869
0.035072
0.076023
0.147040
0.063754
0.054233
0.042485
0.108514
0.022648
0.000000
0.061459
0.127084
0.036737
0.020160
0.047830
0.122956
0.029810
0.022703
0.065832
0.140417
0.042411
0.041107
0.075979
0.150350
0.049308
0.051506
0.091830
0.166029
0.059715
0.067792
0.100720
0.174923
0.065315
0.076950
0.114526
0.188919
0.073593
0.091215
0.026977
0.124391
0.036759
0.048622
0.046707
0.142232
0.050029
0.066408
0.013196
0.105373
0.010313
0.015694
0.032820
0.123655
0.023636
0.034310
0.016959
0.117786
0.014668
0.034996
0.035609
0.135008
0.026509
0.051941
0.046103
0.144787
0.032927
0.061472
0.062466
0.160191
0.042495
0.076325
0.071622
0.168910
0.047567
0.084629
0.085808
0.182595
0.054921
0.097479
0.050755
0.150280
0.071123
0.088390
0.070091
0.167343
0.084057
0.105081
0.035551
0.131384
0.045517
0.057522
0.054928
0.148930
0.058584
0.075017
0.036090
0.140924
0.047778
0.074036
0.054727
0.157595
0.059590
0.090068
0.065239
0.167071
0.066029
0.099096
0.081672
0.182014
0.075701
0.113182
0.090895
0.190483
0.080875
0.121069
0.105234
0.203794
0.088468
0.133295

0.150491
0.228026
0.026665
0.083494
0.154364
0.224595
0.023977
0.072182
0.156099
0.222040
0.021585
0.064698
0.158014
0.216946
0.016295
0.051040
0.158578
0.213383
0.012334
0.042123
0.158546
0.206592
0.004410
0.026033
0.174947
0.212052
0.027617
0.032633
0.173882
0.204061
0.018563
0.014929
0.210740
0.244823
0.075628
0.079672
0.209774
0.237453
0.067261
0.063318
0.158654
0.244698
0.020294
0.098578
0.162313
0.241664
0.018125
0.088460
0.163922
0.239363
0.016028
0.081705
0.165633
0.234721
0.011203
0.069288
0.166077
0.231446
0.007507
0.061132
0.165849
0.225164
0.000000
0.046340
0.184020
0.232063
0.026631
0.055623
0.182869
0.224703
0.018121
0.039382
0.219295
0.263410
0.074955
0.101047
0.218245
0.256621
0.067086
0.086043
0.181871
0.269195
0.041079
0.128010
0.186429
0.267165
0.041238
0.120068
0.188602
0.265493
0.040560
0.114652
0.191295
0.261948
0.038141
0.104529
0.192356
0.259361
0.035916
0.097789
0.193202
0.254279
0.030912
0.085425
0.210162
0.260816
0.055890
0.094324
0.210083
0.254706
0.049826
0.080561
0.243529
0.290021
0.102080
0.136851
0.243460
0.284381
0.096457
0.124128

0.155223
0.217439
0.025432
0.044863
0.158720
0.212297
0.020662
0.029072
0.160194
0.208629
0.016952
0.018729
0.161605
0.201526
0.009336
0.000000
0.183945
0.235518
0.042752
0.056103
0.184541
0.228634
0.034462
0.038227
0.204513
0.259445
0.064158
0.089013
0.204276
0.252711
0.055108
0.071836
0.239309
0.290511
0.111387
0.134991
0.239202
0.284425
0.103203
0.119346
0.166074
0.238393
0.024673
0.069361
0.169449
0.233970
0.020626
0.055416
0.170860
0.230763
0.017349
0.046219
0.172189
0.224482
0.010457
0.029471
0.192133
0.254857
0.040169
0.079534
0.192549
0.248663
0.032370
0.063371
0.210267
0.276132
0.058573
0.108576
0.209754
0.269963
0.049787
0.092856
0.244681
0.305833
0.106282
0.152869
0.244315
0.300259
0.098335
0.138556
0.190310
0.265437
0.049125
0.105619
0.194622
0.262259
0.047551
0.094376
0.196629
0.259840
0.045799
0.086859
0.199009
0.254940
0.041519
0.073014
0.217514
0.282488
0.069145
0.118385
0.218982
0.277609
0.063903
0.104973
0.235443
0.302527
0.088306
0.145951
0.235992
0.297617
0.082041
0.132851
0.267809
0.330029
0.133483
0.187044
0.268410
0.325603
0.127843
0.175125

0.117976
0.201719
0.122547
0.131432
0.134539
0.217271
0.133960
0.147573
0.108702
0.185663
0.099766
0.101349
0.124920
0.201526
0.111139
0.118281
0.096199
0.166857
0.073664
0.067922
0.112177
0.183135
0.085070
0.085756
0.080425
0.145204
0.044095
0.030944
0.096266
0.162002
0.055607
0.049797
0.083450
0.135323
0.025625
0.000000
0.098371
0.152159
0.036727
0.019602
0.087089
0.193754
0.106089
0.139322
0.104352
0.209187
0.116939
0.154231
0.079007
0.179228
0.084116
0.111191
0.095779
0.194845
0.094760
0.126719
0.067503
0.161916
0.058725
0.079789
0.083895
0.177818
0.069233
0.096036
0.052547
0.141733
0.029777
0.044924
0.068664
0.158023
0.040213
0.061997
0.058094
0.134560
0.013093
0.017027
0.073080
0.150703
0.022886
0.034611
0.112454
0.217261
0.138089
0.173842
0.129044
0.231872
0.148562
0.187758
0.103156
0.202829
0.116932
0.147576
0.119386
0.217659
0.127272
0.162085
0.090657
0.185806
0.092613
0.118305
0.106629
0.200950
0.102885
0.133500
0.074920
0.166108
0.064999
0.085852
0.090734
0.181662
0.075267
0.101831
0.081927
0.160975
0.051277
0.061567
0.096642
0.176344
0.060912
0.077972

0.058923
0.158930
0.053160
0.076245
0.076756
0.175498
0.063261
0.092466
0.043034
0.139332
0.023026
0.041788
0.060684
0.156334
0.032917
0.058774
0.068077
0.142374
0.036605
0.030528
0.085323
0.159685
0.047448
0.048967
0.089223
0.142222
0.046034
0.015312
0.106181
0.159957
0.057888
0.035320
0.130222
0.178057
0.090583
0.061135
0.145840
0.194397
0.101574
0.079615
0.021615
0.149438
0.030339
0.083239
0.040255
0.165904
0.039523
0.097984
0.005924
0.130963
0.000000
0.050368
0.024249
0.147740
0.008769
0.065682
0.036140
0.138067
0.018968
0.043991
0.053910
0.155010
0.028628
0.060630
0.062189
0.141914
0.033604
0.033711
0.079525
0.159137
0.044204
0.051777
0.105583
0.177936
0.079437
0.078274
0.121548
0.193802
0.089281
0.094968
0.044717
0.172952
0.067183
0.121703
0.063326
0.188869
0.076632
0.135698
0.027493
0.154463
0.038158
0.091047
0.045991
0.170762
0.047346
0.105621
0.057553
0.162515
0.056746
0.086151
0.075392
0.178871
0.066635
0.101862
0.083627
0.167494
0.071306
0.077662
0.100929
0.184017
0.081948
0.094606
0.125166
0.201418
0.113944
0.118654
0.141095
0.216638
0.123815
0.134308

0.067254
0.158823
0.063240
0.089464
0.083221
0.173356
0.073475
0.103177
0.048706
0.139424
0.036873
0.060259
0.064908
0.154414
0.047251
0.074577
0.070981
0.143964
0.048381
0.053522
0.086736
0.159091
0.059211
0.068736
0.090130
0.145943
0.056855
0.043908
0.105539
0.161295
0.068201
0.060098
0.106287
0.145395
0.062361
0.031385
0.121447
0.161059
0.074291
0.048637
0.035159
0.148946
0.044574
0.092834
0.051865
0.163485
0.054419
0.105638
0.016229
0.130072
0.018090
0.064654
0.033139
0.145014
0.027997
0.077963
0.042631
0.137884
0.033512
0.061495
0.058961
0.152853
0.043788
0.075602
0.065711
0.143071
0.045792
0.055475
0.081568
0.158156
0.056502
0.070458
0.085628
0.145686
0.055017
0.046583
0.101114
0.160974
0.066228
0.062521
0.018038
0.148075
0.052492
0.112202
0.036564
0.163341
0.063460
0.125117
0.000000
0.130500
0.027949
0.086292
0.018770
0.146165
0.039002
0.099682
0.029331
0.140740
0.045157
0.085239
0.047314
0.156276
0.056395
0.099270
0.055215
0.148332
0.059245
0.081420
0.072528
0.163833
0.070740
0.096168
0.077828
0.153344
0.070311
0.074833
0.094585
0.168901
0.082134
0.090380

0.175636
0.239102
0.034189
0.073070
0.190043
0.253869
0.048283
0.091419
0.177844
0.229984
0.023738
0.050389
0.191229
0.244623
0.036845
0.068908
0.193894
0.228200
0.038120
0.041024
0.207265
0.243342
0.051882
0.060738
0.230384
0.261163
0.085979
0.087539
0.242754
0.275194
0.098767
0.105846
0.264044
0.291636
0.130180
0.130583
0.275488
0.304637
0.142062
0.147584
0.148753
0.235213
0.008361
0.076790
0.163501
0.249637
0.021993
0.094006
0.153268
0.228404
0.000000
0.056860
0.166786
0.242535
0.012387
0.074024
0.173337
0.230008
0.019510
0.052148
0.186738
0.244535
0.032464
0.070383
0.211591
0.263012
0.069013
0.098047
0.223985
0.276468
0.081053
0.114982
0.246866
0.293509
0.114714
0.140505
0.258327
0.305975
0.125904
0.156232
0.138280
0.239900
0.012873
0.096636
0.154696
0.254814
0.028167
0.114049
0.147091
0.236490
0.009790
0.081205
0.162160
0.251001
0.023744
0.098448
0.169498
0.240403
0.031406
0.079227
0.184241
0.255145
0.045669
0.097320
0.208146
0.272730
0.080051
0.123181
0.221768
0.286376
0.093288
0.139974
0.243776
0.302593
0.124957
0.163833
0.256363
0.315226
0.137242
0.179420

0.134888
0.220535
0.023189
0.087346
0.139694
0.217932
0.021015
0.077795
0.141971
0.215899
0.018997
0.071470
0.144771
0.211729
0.014443
0.059928
0.145858
0.208756
0.010996
0.052397
0.146690
0.203014
0.004058
0.038822
0.163362
0.209229
0.026885
0.046814
0.163116
0.202425
0.018971
0.032016
0.200141
0.241103
0.072974
0.089517
0.199790
0.234670
0.065511
0.075644
0.145965
0.236980
0.018529
0.099654
0.150247
0.234501
0.016536
0.090867
0.152221
0.232559
0.014615
0.085008
0.154532
0.228562
0.010205
0.074254
0.155334
0.225708
0.006833
0.067203
0.155706
0.220189
0.000000
0.054442
0.173884
0.227624
0.025812
0.064702
0.173295
0.221147
0.018115
0.050836
0.209966
0.258300
0.072219
0.106396
0.209308
0.252181
0.064968
0.093399
0.171753
0.261555
0.040436
0.126833
0.176601
0.259823
0.040321
0.119785
0.178944
0.258354
0.039551
0.114995
0.181920
0.255191
0.037099
0.106069
0.183153
0.252864
0.034929
0.100143
0.184293
0.248270
0.030146
0.089309
0.201191
0.255216
0.054285
0.098984
0.201385
0.249703
0.048590
0.087064
0.235273
0.283966
0.098712
0.138374
0.235347
0.278747
0.093319
0.127187

0.253509
0.235332
0.147116
0.022694
0.257412
0.226283
0.142372
0.000000
0.267648
0.251044
0.155476
0.041086
0.271499
0.242427
0.151522
0.019722
0.288805
0.280108
0.176574
0.082082
0.293139
0.272705
0.174225
0.063292
0.322909
0.315653
0.220085
0.134288
0.326966
0.308928
0.218023
0.117137
0.354287
0.348293
0.260077
0.182181
0.358083
0.342183
0.258272
0.166527
0.270691
0.254438
0.156938
0.044892
0.274531
0.245916
0.153174
0.023833
0.280944
0.265936
0.160310
0.057026
0.284749
0.257750
0.157279
0.037077
0.299395
0.292688
0.178259
0.094855
0.303755
0.285718
0.176872
0.077423
0.332559
0.327057
0.221431
0.145717
0.336634
0.320719
0.220248
0.129800
0.363080
0.358630
0.261130
0.192402
0.366888
0.352867
0.260125
0.177867
0.295973
0.289658
0.181897
0.094556
0.300436
0.282643
0.180140
0.076671
0.303554
0.298893
0.182150
0.103590
0.308056
0.292216
0.181171
0.086764
0.318434
0.321867
0.195395
0.135771
0.323514
0.316329
0.196028
0.121285
0.350020
0.353803
0.237061
0.183158
0.354754
0.348776
0.237731
0.169941
0.379094
0.383146
0.275385
0.226665
0.383505
0.378584
0.276081
0.214606

0.172196
0.221352
0.037337
0.055487
0.186947
0.237001
0.053633
0.076486
0.175279
0.212448
0.029220
0.032349
0.189243
0.228184
0.044769
0.053851
0.175383
0.200793
0.017013
0.005163
0.188642
0.216717
0.031907
0.027307
0.196049
0.225755
0.040071
0.039820
0.207497
0.239983
0.052413
0.059425
0.213838
0.248032
0.059069
0.070454
0.223541
0.260655
0.068929
0.087646
0.148997
0.220045
0.015385
0.063823
0.163988
0.235225
0.031238
0.083515
0.154393
0.213670
0.009807
0.044092
0.168405
0.228767
0.024647
0.064037
0.156674
0.204556
0.000000
0.020392
0.169788
0.219666
0.013914
0.040717
0.177084
0.228220
0.021466
0.052157
0.188309
0.241648
0.032743
0.069995
0.194491
0.249219
0.038733
0.079977
0.203889
0.261049
0.047435
0.095440
0.137849
0.224249
0.016505
0.083127
0.154189
0.239666
0.033754
0.102678
0.147161
0.221218
0.016127
0.068153
0.162410
0.236434
0.032247
0.087801
0.153336
0.215518
0.011595
0.049391
0.167585
0.230627
0.026680
0.069261
0.175564
0.239198
0.034956
0.080467
0.187932
0.252683
0.047480
0.097982
0.194804
0.260305
0.054242
0.107810
0.205362
0.272248
0.064275
0.123081

0.093298
0.161722
0.085232
0.057731
0.098336
0.157018
0.077263
0.039809
0.078866
0.140135
0.058355
0.020007
0.082834
0.134130
0.048860
0.000000
0.083179
0.153760
0.066325
0.044584
0.087360
0.148570
0.057403
0.026077
0.109603
0.180064
0.086583
0.075030
0.112831
0.174909
0.077439
0.057433
0.132832
0.203516
0.103570
0.101887
0.135135
0.198361
0.094150
0.085077
0.064321
0.157766
0.074607
0.074294
0.071412
0.155019
0.068312
0.058656
0.050925
0.137944
0.049035
0.039413
0.056951
0.133972
0.041268
0.021843
0.053803
0.149369
0.054312
0.060140
0.059934
0.146079
0.046965
0.043858
0.081206
0.175070
0.073439
0.087878
0.086168
0.171621
0.065653
0.072264
0.105248
0.197912
0.089254
0.112164
0.109084
0.194283
0.080987
0.097111
0.045900
0.159681
0.083190
0.101348
0.055826
0.159318
0.079563
0.088512
0.034573
0.142172
0.060392
0.070059
0.043473
0.140675
0.055405
0.055470
0.037325
0.152371
0.064936
0.088433
0.046274
0.151465
0.060298
0.074985
0.067324
0.178625
0.085144
0.115101
0.074932
0.177403
0.079932
0.102145
0.093848
0.202042
0.102096
0.138504
0.100176
0.200497
0.096286
0.125950

0.269822
0.258494
0.176156
0.087446
0.283989
0.269209
0.191379
0.100402
0.262633
0.239556
0.149454
0.046870
0.276694
0.250411
0.165244
0.060509
0.262698
0.234568
0.135972
0.030303
0.277291
0.246541
0.153344
0.046233
0.259918
0.226577
0.118686
0.009265
0.275150
0.239755
0.137771
0.027603
0.270669
0.224861
0.126265
0.000000
0.285755
0.238829
0.145631
0.019984
0.247631
0.249816
0.157662
0.084184
0.262317
0.259920
0.172812
0.095546
0.241428
0.231869
0.131027
0.044341
0.255906
0.241974
0.146654
0.056199
0.243420
0.229659
0.119310
0.031574
0.258391
0.240833
0.136526
0.045685
0.242426
0.224408
0.103656
0.014337
0.257999
0.236734
0.122593
0.030807
0.256785
0.226527
0.116178
0.010856
0.272071
0.239523
0.135216
0.028804
0.233730
0.258221
0.155082
0.110750
0.249787
0.268976
0.171484
0.122573
0.229540
0.242924
0.130061
0.074315
0.245345
0.253638
0.146955
0.086617
0.232355
0.241594
0.118090
0.062065
0.248559
0.253243
0.136501
0.076444
0.232093
0.237299
0.102151
0.045546
0.248816
0.249968
0.122221
0.062110
0.249288
0.241702
0.118199
0.045176
0.265531
0.254846
0.138104
0.062924

0.200027
0.256777
0.076208
0.105855
0.209992
0.268673
0.087322
0.122618
0.204311
0.250522
0.070191
0.085716
0.215025
0.263396
0.083063
0.104504
0.205941
0.241675
0.060317
0.061532
0.217484
0.255628
0.075062
0.082510
0.204866
0.230117
0.046437
0.033055
0.217326
0.245262
0.063188
0.056404
0.201016
0.215712
0.028369
0.000000
0.214489
0.232170
0.047275
0.025924
0.176763
0.253166
0.052979
0.111441
0.186700
0.264419
0.063485
0.126684
0.182926
0.249236
0.049120
0.094664
0.193601
0.261396
0.061399
0.111830
0.186337
0.242759
0.041306
0.073972
0.197830
0.255922
0.055471
0.093211
0.186956
0.233633
0.029399
0.049142
0.199352
0.247903
0.045578
0.070623
0.184720
0.221738
0.013230
0.019919
0.198114
0.237228
0.031568
0.043830
0.171613
0.259736
0.059419
0.133583
0.182702
0.271152
0.071173
0.148585
0.178007
0.256992
0.054980
0.118258
0.189758
0.269209
0.068424
0.135029
0.181640
0.251789
0.046628
0.099216
0.194137
0.264901
0.061881
0.117901
0.182469
0.244036
0.034220
0.076249
0.195804
0.258143
0.051416
0.097009
0.180433
0.233620
0.017585
0.049117
0.194705
0.248835
0.036874
0.072132

0.269797
0.283723
0.198742
0.135728
0.286679
0.296894
0.215533
0.150316
0.265782
0.267814
0.176704
0.100157
0.282410
0.281031
0.193802
0.115223
0.259029
0.249127
0.151445
0.060781
0.275497
0.262459
0.168938
0.076395
0.264666
0.237356
0.146246
0.032513
0.280420
0.250455
0.163226
0.048101
0.267561
0.222611
0.137630
0.000000
0.282686
0.235542
0.154182
0.015633
0.286043
0.298373
0.205662
0.147040
0.301611
0.309982
0.221220
0.159609
0.280324
0.281749
0.182351
0.111149
0.295674
0.293362
0.198198
0.124075
0.271962
0.262423
0.155855
0.071498
0.287180
0.274098
0.172069
0.084838
0.277454
0.250977
0.151579
0.044378
0.291917
0.262315
0.167151
0.057482
0.280284
0.236626
0.143915
0.013057
0.294070
0.247681
0.158919
0.025981
0.307934
0.325894
0.224750
0.182295
0.322879
0.336999
0.240164
0.194608
0.301373
0.309967
0.201527
0.148463
0.316184
0.321120
0.217299
0.161170
0.292323
0.291532
0.175270
0.111135
0.307082
0.302789
0.191479
0.124291
0.298781
0.282152
0.173712
0.088120
0.312798
0.293071
0.189250
0.101013
0.302731
0.270081
0.168937
0.061209
0.316082
0.280715
0.183879
0.073893

0.135257
0.206003
0.015906
0.065960
0.148167
0.219814
0.026502
0.081690
0.142369
0.200726
0.014609
0.049794
0.155819
0.215250
0.026812
0.067111
0.146463
0.192923
0.009397
0.030183
0.160515
0.208232
0.023247
0.049165
0.147587
0.182568
0.000278
0.007045
0.162306
0.198738
0.015832
0.027782
0.169217
0.206466
0.024087
0.038179
0.183639
0.221951
0.039781
0.058213
0.145446
0.223825
0.011960
0.081676
0.156705
0.236172
0.020633
0.095532
0.152484
0.219249
0.011964
0.067482
0.164396
0.232340
0.022378
0.082946
0.156525
0.212225
0.007971
0.049897
0.169141
0.226123
0.020155
0.067036
0.157615
0.202732
0.000000
0.028851
0.170993
0.217505
0.013997
0.047744
0.177207
0.224396
0.021709
0.057153
0.190462
0.238630
0.036087
0.075551
0.175339
0.251612
0.045229
0.116660
0.186469
0.263401
0.054583
0.130182
0.180256
0.246515
0.042781
0.102210
0.192032
0.259016
0.053804
0.117250
0.182353
0.239132
0.036548
0.084579
0.194829
0.252404
0.049276
0.101204
0.181664
0.229436
0.026532
0.063694
0.194898
0.243546
0.041014
0.081981
0.197776
0.248141
0.043464
0.087787
0.210967
0.261802
0.058403
0.105690

0.272987
0.246895
0.167425
0.046673
0.288697
0.261373
0.185325
0.066565
0.263868
0.224139
0.138872
0.000000
0.279632
0.239154
0.157558
0.021275
0.275356
0.239059
0.147572
0.019937
0.290014
0.252508
0.164960
0.038891
0.284127
0.250875
0.152715
0.035230
0.297778
0.262862
0.168928
0.052014
0.315711
0.285812
0.194325
0.087271
0.328283
0.296787
0.209239
0.102611
0.254880
0.244809
0.158028
0.057303
0.270851
0.258421
0.175376
0.075110
0.247290
0.223890
0.130779
0.013081
0.263189
0.237871
0.148768
0.032026
0.257765
0.236380
0.136477
0.028103
0.272566
0.248853
0.153251
0.044872
0.265446
0.245800
0.138609
0.038619
0.279249
0.256861
0.154285
0.053348
0.298258
0.280852
0.180949
0.089933
0.310977
0.290983
0.195380
0.103391
0.243541
0.255853
0.161088
0.089651
0.260478
0.269615
0.178930
0.106959
0.238274
0.237928
0.136251
0.049608
0.255057
0.251965
0.154665
0.067931
0.248829
0.249674
0.140580
0.062359
0.264553
0.262315
0.157917
0.078740
0.256558
0.258466
0.141413
0.070878
0.271329
0.269806
0.157792
0.085446
0.289913
0.292389
0.183294
0.119436
0.303536
0.302789
0.198392
0.132768

0.088278
0.146713
0.036760
0.020204
0.089124
0.139720
0.023987
0.000000
0.108179
0.170810
0.069512
0.059227
0.110078
0.165003
0.058379
0.040967
0.124817
0.192061
0.098736
0.094658
0.127780
0.187401
0.089170
0.078222
0.138270
0.210587
0.124607
0.126720
0.142318
0.207044
0.116544
0.111998
0.148592
0.226490
0.147278
0.155613
0.153755
0.224041
0.140664
0.142508
0.061546
0.144580
0.022763
0.035072
0.063915
0.139239
0.011018
0.016707
0.081117
0.167460
0.055231
0.072149
0.084551
0.163251
0.045122
0.055628
0.097244
0.187472
0.084076
0.105718
0.101765
0.184367
0.075536
0.090933
0.109997
0.204726
0.109468
0.135991
0.115637
0.202705
0.102440
0.122842
0.119423
0.219314
0.131554
0.163152
0.126224
0.218366
0.125992
0.151554
0.052655
0.151763
0.041811
0.067467
0.057796
0.148751
0.033018
0.051977
0.070202
0.172526
0.071228
0.101121
0.076338
0.170549
0.063925
0.087299
0.084233
0.190456
0.097130
0.131461
0.091405
0.189500
0.091268
0.119216
0.094800
0.205646
0.119666
0.158674
0.103057
0.205706
0.115206
0.147925
0.101931
0.218173
0.138960
0.182926
0.111333
0.219250
0.135873
0.173601

0.175440
0.176938
0.051140
0.191712
0.190260
0.065364
0.172099
0.169380
0.035481
0.189144
0.184030
0.052028
0.165825
0.158538
0.015255
0.183748
0.174624
0.034268
0.181421
0.159866
0.000000
0.199195
0.176795
0.021197
0.217340
0.199460
0.054540
0.233761
0.214994
0.073866
0.148793
0.165146
0.054060
0.165463
0.177708
0.066033
0.146958
0.160255
0.043049
0.164373
0.174087
0.057230
0.142095
0.152095
0.027623
0.160360
0.167295
0.044134
0.161459
0.157672
0.018315
0.179436
0.173567
0.036809
0.198523
0.196987
0.070806
0.215150
0.211589
0.087670
0.165621
0.193633
0.102522
0.182129
0.205808
0.113710
0.161908
0.188076
0.092120
0.179185
0.201451
0.105323
0.155272
0.179460
0.077683
0.173420
0.194128
0.093013
0.175644
0.186472
0.070811
0.193400
0.201677
0.087860
0.211541
0.223360
0.118832
0.227971
0.237339
0.134389

0.138744
0.190166
0.106621
0.150036
0.188004
0.090173
0.156128
0.186071
0.079522
0.165160
0.181784
0.060432
0.169915
0.178566
0.048152
0.176750
0.172116
0.026268
0.190390
0.184112
0.039074
0.195581
0.176266
0.015551
0.207498
0.186193
0.025350
0.211080
0.176884
0.000000
0.144984
0.198289
0.120764
0.156314
0.196515
0.105227
0.162444
0.194836
0.095156
0.171564
0.191004
0.077088
0.176389
0.188082
0.065459
0.183365
0.182160
0.044720
0.198140
0.196176
0.060978
0.203578
0.189020
0.038872
0.216619
0.200942
0.052090
0.220555
0.192492
0.028441
0.157554
0.220803
0.160471
0.169646
0.220360
0.147224
0.176254
0.219514
0.138588
0.186210
0.217133
0.123018
0.191559
0.215120
0.112954
0.199450
0.210782
0.094941
0.213764
0.224110
0.110182
0.220150
0.218597
0.090915
0.232828
0.229994
0.103390
0.237754
0.223260
0.082716

0.165434
0.233166
0.042406
0.084044
0.168181
0.229006
0.038821
0.072595
0.169299
0.226053
0.036020
0.065114
0.170283
0.220364
0.030263
0.051607
0.170347
0.216486
0.026153
0.042871
0.169583
0.209242
0.018200
0.027235
0.184612
0.214663
0.037790
0.033207
0.182837
0.206296
0.028749
0.016089
0.218614
0.246314
0.081949
0.077734
0.216912
0.238521
0.073514
0.061830
0.139225
0.227550
0.018394
0.085841
0.143423
0.224771
0.016270
0.076089
0.145383
0.222640
0.014321
0.069630
0.147723
0.218315
0.009946
0.057834
0.148576
0.215252
0.006642
0.050131
0.149084
0.209362
0.000000
0.036230
0.166349
0.216552
0.022696
0.044749
0.165838
0.209582
0.015010
0.029470
0.201725
0.248091
0.067946
0.088430
0.201189
0.241591
0.060762
0.074227
0.127277
0.230224
0.018423
0.101607
0.133849
0.229367
0.019112
0.094342
0.137217
0.228392
0.018850
0.089391
0.141885
0.225998
0.017288
0.080142
0.144123
0.224099
0.015677
0.073987
0.146925
0.220162
0.011865
0.062708
0.164063
0.227574
0.033929
0.071329
0.165759
0.222545
0.028999
0.058692
0.199733
0.258390
0.078473
0.113146
0.201241
0.253688
0.073846
0.101394

0.225650
0.213344
0.138488
0.040809
0.243361
0.227368
0.156886
0.057252
0.220297
0.194377
0.111952
0.000000
0.237786
0.208537
0.130928
0.017194
0.235261
0.209655
0.118894
0.014294
0.251591
0.222355
0.136898
0.029666
0.257309
0.238464
0.138525
0.051296
0.273106
0.250612
0.156513
0.066282
0.276381
0.264425
0.154380
0.084323
0.291762
0.276103
0.172488
0.099024
0.245752
0.232517
0.148083
0.058045
0.261971
0.244764
0.165263
0.072326
0.238515
0.213001
0.120028
0.017216
0.254574
0.225350
0.137810
0.032147
0.249616
0.224526
0.122151
0.026309
0.264665
0.235520
0.139127
0.039543
0.268911
0.251343
0.138616
0.060880
0.283621
0.261965
0.155824
0.073979
0.285282
0.275374
0.151247
0.091493
0.299763
0.285697
0.168823
0.104548
0.273117
0.266703
0.171464
0.100881
0.288627
0.278273
0.188599
0.114725
0.264902
0.248041
0.143171
0.062204
0.280362
0.259758
0.161016
0.076732
0.273275
0.257607
0.142132
0.068898
0.287917
0.268147
0.159419
0.081977
0.288927
0.280962
0.153810
0.098546
0.303369
0.291222
0.171499
0.111604
0.301750
0.301691
0.161680
0.124417
0.316105
0.311742
0.179912
0.137548

0.262384
0.224780
0.143178
0.020713
0.263425
0.214953
0.137395
0.000000
0.283429
0.253699
0.165186
0.060181
0.285020
0.244990
0.160862
0.041645
0.301891
0.279844
0.183833
0.095650
0.304040
0.272197
0.180943
0.079179
0.317873
0.303368
0.199223
0.127334
0.320592
0.296736
0.197752
0.112826
0.347447
0.334025
0.238013
0.171407
0.349961
0.327891
0.236637
0.157982
0.244648
0.219510
0.129179
0.020221
0.247108
0.210764
0.124909
0.000705
0.265773
0.248184
0.150201
0.058688
0.268748
0.240524
0.147396
0.041340
0.284191
0.274023
0.167740
0.093098
0.287698
0.267398
0.166381
0.077811
0.300007
0.297179
0.181894
0.123662
0.304066
0.291548
0.181975
0.110339
0.331002
0.328437
0.222155
0.168259
0.334760
0.323236
0.222220
0.155941
0.236410
0.233498
0.133503
0.054272
0.241085
0.227082
0.132042
0.038062
0.256643
0.260200
0.151735
0.088670
0.261740
0.254738
0.151647
0.074451
0.274117
0.284145
0.166492
0.119200
0.279667
0.279600
0.167777
0.106883
0.288931
0.305474
0.177854
0.146047
0.294966
0.301817
0.180522
0.135555
0.320751
0.336096
0.218443
0.188958
0.326336
0.332720
0.220897
0.179256

0.024289
0.127611
0.048153
0.074357
0.044770
0.144775
0.060958
0.089688
0.012844
0.111441
0.024896
0.047099
0.033030
0.128812
0.037519
0.062864
0.024186
0.108449
0.014184
0.026558
0.042887
0.125333
0.025896
0.042353
0.031829
0.102674
0.000000
0.003048
0.049168
0.119166
0.010859
0.018942
0.058914
0.128556
0.016723
0.027916
0.074090
0.143389
0.025421
0.041952
0.033147
0.142463
0.054048
0.092882
0.052345
0.158503
0.065239
0.106679
0.018496
0.125120
0.028819
0.065504
0.037500
0.141399
0.039816
0.079687
0.029516
0.122729
0.017837
0.045933
0.046990
0.138462
0.027817
0.060038
0.036866
0.117614
0.003367
0.023452
0.052920
0.132889
0.012375
0.037540
0.061898
0.141559
0.017121
0.045439
0.075795
0.155207
0.023942
0.057698
0.053071
0.163026
0.083568
0.124075
0.072111
0.178634
0.094817
0.137365
0.036637
0.145285
0.058739
0.097886
0.055664
0.161212
0.069919
0.111597
0.049161
0.144506
0.050241
0.080812
0.066680
0.159871
0.060434
0.094422
0.058148
0.141123
0.038449
0.061008
0.074272
0.156012
0.047705
0.074577
0.083318
0.164474
0.052641
0.082202
0.097373
0.177813
0.059846
0.094062

0.244721
0.240291
0.158554
0.079154
0.259775
0.251623
0.173990
0.092156
0.238497
0.222399
0.133641
0.041247
0.253356
0.233800
0.149498
0.054806
0.239676
0.218200
0.121818
0.026178
0.254940
0.230559
0.139016
0.041699
0.238076
0.211166
0.106505
0.007119
0.253846
0.224563
0.125156
0.024703
0.249735
0.210842
0.114460
0.000000
0.265309
0.224881
0.133337
0.018952
0.221154
0.230385
0.139779
0.074780
0.236798
0.241261
0.155204
0.086464
0.216080
0.213526
0.115138
0.037595
0.231424
0.224343
0.130894
0.049675
0.219286
0.211966
0.105127
0.025921
0.234986
0.223694
0.122218
0.039930
0.219572
0.207523
0.091507
0.010245
0.235733
0.220237
0.110045
0.026275
0.234729
0.210798
0.103959
0.008257
0.250564
0.224048
0.122572
0.025516
0.246962
0.261744
0.161308
0.113440
0.261962
0.272093
0.176699
0.124874
0.240827
0.245525
0.136462
0.078203
0.255631
0.255866
0.152278
0.090070
0.242092
0.243128
0.124697
0.066009
0.257302
0.254345
0.141859
0.079708
0.240577
0.238037
0.109432
0.050049
0.256294
0.250202
0.128054
0.065670
0.255990
0.241999
0.123568
0.049940
0.271328
0.254601
0.142115
0.066592

0.135671
0.190098
0.015039
0.015893
0.138811
0.184547
0.009604
0.000000
0.162475
0.218202
0.043159
0.052703
0.164848
0.212774
0.037276
0.037533
0.186303
0.243552
0.067608
0.085704
0.187913
0.238203
0.061224
0.071146
0.207300
0.266311
0.088535
0.115112
0.208148
0.260998
0.081596
0.101057
0.225595
0.286625
0.106067
0.141117
0.225677
0.281304
0.098517
0.127464
0.149962
0.212515
0.020991
0.042558
0.152921
0.207620
0.016174
0.028328
0.174297
0.238007
0.046420
0.075869
0.176442
0.233146
0.041011
0.062172
0.195753
0.260892
0.068238
0.105556
0.197089
0.256025
0.062187
0.092289
0.214462
0.281318
0.086576
0.131809
0.214986
0.276404
0.079831
0.118875
0.230534
0.299412
0.101543
0.154798
0.230242
0.294413
0.094049
0.142101
0.176218
0.240920
0.048075
0.079915
0.179829
0.237124
0.045133
0.068004
0.199648
0.264878
0.073214
0.111399
0.202460
0.261070
0.069639
0.099903
0.220379
0.286418
0.094941
0.139512
0.222398
0.282564
0.090696
0.128345
0.238533
0.305676
0.113384
0.164434
0.239763
0.301742
0.108426
0.153510
0.254218
0.322773
0.128650
0.186324
0.254656
0.318725
0.122934
0.175559

0.220857
0.212966
0.102113
0.017955
0.225550
0.205452
0.101252
0.000000
0.250205
0.237075
0.136672
0.048501
0.254063
0.229387
0.135009
0.030597
0.276550
0.258145
0.167207
0.074600
0.279605
0.250233
0.164752
0.056640
0.300070
0.276305
0.193939
0.096420
0.302349
0.268120
0.190696
0.078293
0.330884
0.308880
0.234278
0.143840
0.332966
0.301334
0.231209
0.127101
0.236196
0.231382
0.105925
0.034566
0.241103
0.224317
0.106388
0.017910
0.263787
0.252773
0.139142
0.061548
0.267779
0.245408
0.138596
0.044691
0.288407
0.271183
0.168264
0.084103
0.291522
0.263474
0.166731
0.066943
0.310228
0.286729
0.193512
0.102378
0.312493
0.278627
0.191003
0.084810
0.340513
0.318708
0.234278
0.149666
0.342574
0.311237
0.231874
0.133444
0.257287
0.263404
0.121418
0.075897
0.263076
0.257760
0.124294
0.062185
0.284397
0.283977
0.155375
0.102515
0.289236
0.277999
0.157114
0.088505
0.308626
0.301752
0.185273
0.124942
0.312561
0.295406
0.185917
0.110554
0.330146
0.316844
0.211346
0.143328
0.333213
0.310091
0.210923
0.128480
0.359074
0.346561
0.251008
0.187539
0.361861
0.340327
0.250508
0.173810

0.172078
0.184155
0.077626
0.190959
0.199802
0.093963
0.163743
0.163949
0.040770
0.182609
0.179946
0.057911
0.152369
0.140645
0.000000
0.171334
0.157093
0.018056
0.161464
0.153114
0.019632
0.179485
0.168200
0.035549
0.167535
0.162442
0.035238
0.184720
0.176260
0.049121
0.186276
0.199945
0.099687
0.203923
0.214005
0.113668
0.176239
0.179332
0.063671
0.193911
0.193697
0.078313
0.163262
0.155738
0.023905
0.181065
0.170498
0.039305
0.168588
0.164292
0.038525
0.185580
0.177807
0.051914
0.170958
0.169796
0.049261
0.187242
0.182149
0.060727
0.206308
0.227922
0.143040
0.223392
0.241344
0.156114
0.195310
0.208030
0.109638
0.212498
0.221780
0.123341
0.181509
0.185349
0.072783
0.198903
0.199510
0.087205
0.184100
0.191633
0.085032
0.200856
0.204728
0.097672
0.183854
0.195051
0.093696
0.200071
0.207159
0.104637

0.163165
0.194316
0.098582
0.183252
0.210024
0.114017
0.176452
0.187884
0.069972
0.195531
0.203285
0.085730
0.186526
0.178214
0.037194
0.204722
0.193408
0.053379
0.193441
0.165220
0.000000
0.210871
0.180309
0.016720
0.220761
0.188736
0.025891
0.236327
0.201761
0.039767
0.133144
0.182719
0.102595
0.154181
0.198102
0.116298
0.149749
0.178865
0.076495
0.169569
0.193734
0.090258
0.162972
0.171718
0.046276
0.181704
0.186170
0.060188
0.172888
0.161211
0.011706
0.190651
0.175339
0.025859
0.200717
0.183184
0.033501
0.216536
0.195229
0.044845
0.146428
0.206923
0.144462
0.167331
0.221953
0.157518
0.164482
0.205334
0.122130
0.184135
0.219810
0.135186
0.179250
0.200637
0.096008
0.197781
0.214653
0.109150
0.190818
0.192785
0.065896
0.208347
0.206432
0.079209
0.218294
0.214031
0.086420
0.233954
0.225733
0.097166

0.059132
0.151569
0.045103
0.067127
0.074137
0.165916
0.054260
0.081635
0.058391
0.142204
0.043546
0.050886
0.074272
0.157539
0.054071
0.067006
0.054242
0.129985
0.038563
0.031225
0.071114
0.146416
0.050536
0.049073
0.074716
0.131102
0.046383
0.017443
0.091211
0.147881
0.059032
0.036643
0.091868
0.129276
0.050770
0.000000
0.108105
0.146520
0.064187
0.020687
0.025797
0.142270
0.025171
0.072886
0.041425
0.156432
0.033624
0.086048
0.026591
0.134805
0.026293
0.059844
0.043103
0.149912
0.036110
0.074539
0.023764
0.124439
0.023885
0.043450
0.041279
0.140598
0.035142
0.059784
0.048589
0.129246
0.036066
0.034111
0.065573
0.145608
0.047885
0.051640
0.069914
0.131099
0.044751
0.021228
0.086492
0.147779
0.057223
0.040077
0.009427
0.142576
0.036111
0.096160
0.026957
0.157394
0.045738
0.109226
0.010067
0.135879
0.037221
0.084500
0.028417
0.151559
0.048092
0.098955
0.006955
0.126278
0.034855
0.069643
0.026259
0.142931
0.047051
0.085590
0.034970
0.133941
0.049223
0.063218
0.053514
0.150612
0.061763
0.080147
0.059376
0.138672
0.060166
0.053434
0.077294
0.155477
0.073144
0.071466

0.269075
0.244503
0.143816
0.043281
0.271610
0.235735
0.141200
0.023597
0.267332
0.239254
0.127882
0.026552
0.269611
0.230017
0.125450
0.006486
0.279428
0.239772
0.139086
0.021616
0.280444
0.229450
0.134915
0.000000
0.311063
0.275005
0.183979
0.075862
0.312029
0.265566
0.180100
0.056014
0.340139
0.307372
0.225079
0.125590
0.341058
0.298741
0.221475
0.107367
0.248373
0.236674
0.122458
0.038552
0.252399
0.229006
0.121768
0.020298
0.248148
0.234195
0.107859
0.025789
0.252026
0.226214
0.107596
0.007457
0.263862
0.238635
0.124419
0.027017
0.266459
0.229659
0.122421
0.007315
0.296762
0.273985
0.170727
0.081009
0.299181
0.265786
0.168836
0.062920
0.326995
0.306454
0.213102
0.130484
0.329251
0.298966
0.211318
0.113877
0.236823
0.248353
0.118790
0.069406
0.243185
0.243116
0.121468
0.054905
0.236832
0.246455
0.103143
0.056671
0.243087
0.240935
0.106378
0.042179
0.255253
0.252934
0.123372
0.060692
0.260130
0.246386
0.124738
0.044793
0.288790
0.287031
0.169899
0.111942
0.293301
0.281059
0.171083
0.097335
0.319609
0.318353
0.212459
0.158895
0.323784
0.312909
0.213484
0.145476

0.111185
0.172946
0.087014
0.072958
0.126803
0.188901
0.098466
0.090642
0.096633
0.153145
0.059896
0.038315
0.112269
0.169658
0.071522
0.057012
0.078840
0.130449
0.029260
0.000000
0.094593
0.147627
0.041136
0.019832
0.081260
0.143850
0.034045
0.022760
0.096064
0.159867
0.044308
0.040641
0.097186
0.164406
0.063217
0.058592
0.112017
0.179895
0.073404
0.075521
0.084796
0.169481
0.074307
0.086136
0.100807
0.185060
0.084899
0.102275
0.070809
0.151085
0.047807
0.053635
0.086735
0.167107
0.058418
0.070606
0.053420
0.129785
0.017714
0.017565
0.069361
0.146354
0.028410
0.035478
0.053808
0.140806
0.019192
0.036417
0.068812
0.156279
0.028292
0.052484
0.069342
0.160054
0.047982
0.070244
0.084479
0.175115
0.057171
0.085546
0.071495
0.172627
0.086695
0.112335
0.089015
0.188560
0.098126
0.128049
0.059486
0.156380
0.063131
0.083196
0.076898
0.172695
0.074560
0.099651
0.044009
0.137270
0.036081
0.050686
0.061422
0.154072
0.047581
0.067988
0.044203
0.147125
0.037320
0.067655
0.060776
0.162941
0.047382
0.083292
0.057678
0.164166
0.062977
0.097998
0.074397
0.179627
0.073136
0.112954

0.224205
0.209651
0.120671
0.042306
0.237988
0.220224
0.135767
0.054913
0.224943
0.206245
0.109520
0.029069
0.239175
0.217691
0.125883
0.043403
0.223165
0.200297
0.095154
0.012295
0.237933
0.212686
0.112886
0.028444
0.234954
0.201324
0.104600
0.007978
0.249529
0.214244
0.122435
0.025222
0.244281
0.199779
0.110799
0.000000
0.258752
0.213306
0.128849
0.018444
0.202710
0.200257
0.101493
0.036963
0.216917
0.210343
0.116599
0.048388
0.205100
0.199111
0.091751
0.026544
0.219727
0.210035
0.108132
0.039674
0.204852
0.195378
0.078674
0.012565
0.219988
0.207208
0.096434
0.027483
0.219825
0.199638
0.092278
0.012805
0.234655
0.211905
0.110001
0.028695
0.232240
0.201309
0.102545
0.009400
0.246855
0.214088
0.120344
0.026361
0.191094
0.208690
0.099066
0.060251
0.206497
0.219380
0.115328
0.072159
0.194175
0.208278
0.089113
0.050194
0.209929
0.219710
0.106602
0.063694
0.194538
0.205316
0.075778
0.036683
0.210739
0.217560
0.094607
0.051860
0.212008
0.211551
0.092385
0.039464
0.227749
0.224084
0.110975
0.055405
0.226858
0.215249
0.105625
0.038724
0.242235
0.228147
0.124095
0.055529

0.058191
0.156661
0.062950
0.084227
0.064688
0.154719
0.055999
0.070082
0.067938
0.153010
0.051156
0.060935
0.072282
0.149247
0.041946
0.044558
0.074248
0.146435
0.035729
0.034037
0.076460
0.140818
0.024192
0.015312
0.094105
0.146954
0.045100
0.020300
0.095097
0.139978
0.032677
0.000000
0.133044
0.182039
0.088328
0.065699
0.134004
0.175646
0.076925
0.047033
0.023140
0.146499
0.042500
0.090570
0.031419
0.146239
0.036680
0.078115
0.035698
0.145530
0.032493
0.069993
0.041695
0.143421
0.024340
0.055347
0.044616
0.141597
0.018736
0.045880
0.048362
0.137617
0.008188
0.028937
0.068756
0.145840
0.032803
0.036875
0.071274
0.140556
0.021475
0.018522
0.109619
0.180956
0.076957
0.080924
0.111988
0.176124
0.066564
0.064052
0.043004
0.168086
0.074376
0.126280
0.052177
0.168910
0.070189
0.115708
0.057022
0.168881
0.067027
0.108765
0.064011
0.167960
0.060660
0.096169
0.067559
0.166882
0.056175
0.087986
0.072403
0.164203
0.047577
0.073275
0.091628
0.172135
0.070281
0.080749
0.095256
0.168212
0.060912
0.064725
0.130603
0.205117
0.111407
0.121278
0.133997
0.201540
0.102819
0.106551

0.169529
0.174238
0.058745
0.175263
0.168308
0.039786
0.168253
0.168982
0.049745
0.173552
0.162681
0.030397
0.163912
0.160719
0.037005
0.168816
0.154010
0.017148
0.156517
0.149433
0.020492
0.161064
0.142277
0.000000
0.193310
0.186491
0.067156
0.197479
0.179857
0.048206
0.141963
0.161018
0.055000
0.149434
0.156214
0.036801
0.142644
0.158326
0.049906
0.149713
0.153248
0.031504
0.140067
0.152523
0.041024
0.146784
0.147142
0.022301
0.134257
0.143613
0.028344
0.140672
0.137896
0.009181
0.172890
0.181294
0.074679
0.178785
0.175996
0.056969
0.123122
0.166962
0.086981
0.133201
0.164598
0.071712
0.124667
0.164846
0.082313
0.134304
0.162189
0.066828
0.122825
0.159654
0.074063
0.132088
0.156691
0.058264
0.117627
0.151393
0.062224
0.126583
0.148108
0.046010
0.157593
0.188520
0.105996
0.165832
0.185466
0.091008

0.228525
0.198878
0.111493
0.000000
0.245056
0.213551
0.130266
0.018687
0.241009
0.213495
0.119124
0.015682
0.256548
0.226817
0.136875
0.032542
0.250841
0.225300
0.123386
0.027379
0.265477
0.237348
0.140216
0.042508
0.273786
0.244073
0.149702
0.050863
0.286868
0.254459
0.164517
0.063606
0.304415
0.276912
0.189527
0.098061
0.316538
0.286549
0.203264
0.109895
0.211678
0.196993
0.100790
0.006846
0.228501
0.210924
0.119236
0.023839
0.223250
0.209579
0.105687
0.018464
0.239079
0.222184
0.123167
0.033705
0.232058
0.219322
0.107125
0.026101
0.246986
0.230672
0.123740
0.039674
0.255448
0.236969
0.133077
0.047090
0.268749
0.246626
0.147609
0.058257
0.287471
0.270384
0.174182
0.094643
0.299797
0.279347
0.187658
0.105019
0.201444
0.208728
0.102819
0.037299
0.219277
0.222972
0.122032
0.054278
0.213125
0.220902
0.106527
0.047432
0.230000
0.233907
0.124900
0.062843
0.221981
0.230299
0.106782
0.053758
0.237998
0.242141
0.124420
0.067686
0.247103
0.248747
0.134372
0.075347
0.261462
0.258940
0.149932
0.086976
0.279746
0.281281
0.175372
0.120786
0.293049
0.290737
0.189798
0.131586

0.241138
0.236594
0.161267
0.079355
0.257060
0.249417
0.178019
0.095229
0.236054
0.219311
0.137243
0.042181
0.251807
0.232350
0.154563
0.058953
0.238287
0.214130
0.124719
0.023084
0.254381
0.228068
0.143320
0.041741
0.237665
0.206074
0.108662
0.000000
0.254216
0.221014
0.128683
0.020684
0.257736
0.233932
0.127803
0.036830
0.273713
0.248088
0.147494
0.056567
0.257527
0.252788
0.168943
0.095343
0.272124
0.264031
0.184559
0.109284
0.250806
0.235146
0.143799
0.058596
0.265280
0.246574
0.159991
0.073342
0.252318
0.230922
0.131400
0.041809
0.267206
0.243254
0.148923
0.058405
0.251073
0.223950
0.115522
0.021183
0.266485
0.237281
0.134508
0.039759
0.268373
0.249325
0.131194
0.054532
0.283380
0.262040
0.150071
0.072400
0.282590
0.283865
0.190539
0.133703
0.296532
0.294407
0.205948
0.146975
0.274995
0.266917
0.165239
0.098815
0.288895
0.277661
0.181287
0.112879
0.274952
0.262369
0.151593
0.082352
0.289311
0.273985
0.168986
0.098178
0.272274
0.255245
0.134556
0.062264
0.287197
0.267822
0.153428
0.079977
0.286220
0.277295
0.145806
0.090853
0.300875
0.289375
0.164744
0.108028

0.222548
0.212785
0.083314
0.226419
0.205659
0.062453
0.209753
0.189267
0.041936
0.212776
0.180739
0.018725
0.204243
0.179420
0.024267
0.206945
0.170297
0.000000
0.218108
0.204597
0.067958
0.221724
0.196931
0.046123
0.229192
0.226688
0.107433
0.233724
0.220408
0.087860
0.199967
0.204125
0.087939
0.205354
0.198300
0.068506
0.187756
0.181548
0.048149
0.192323
0.174371
0.026454
0.183820
0.174447
0.035180
0.188158
0.166827
0.012687
0.196881
0.198440
0.076913
0.202108
0.192222
0.056745
0.207067
0.219348
0.114536
0.213195
0.214468
0.096535
0.185881
0.212260
0.122173
0.193479
0.208772
0.105810
0.175197
0.192190
0.086569
0.182050
0.187480
0.068167
0.171667
0.185896
0.075063
0.178324
0.180795
0.055951
0.183050
0.207284
0.112493
0.190530
0.203454
0.095477
0.191516
0.225686
0.146094
0.199843
0.223082
0.131039

0.226504
0.233921
0.125516
0.243497
0.247975
0.140073
0.214494
0.212393
0.087869
0.231753
0.226900
0.103199
0.199605
0.187797
0.046134
0.217233
0.202846
0.062333
0.181720
0.159949
0.000000
0.199823
0.175633
0.017174
0.210115
0.184412
0.026608
0.226349
0.198012
0.040908
0.203302
0.225966
0.131398
0.220837
0.239469
0.144093
0.191856
0.205367
0.095270
0.209586
0.219197
0.108522
0.177407
0.181671
0.055113
0.195436
0.195912
0.069004
0.159839
0.154697
0.010627
0.178274
0.169435
0.025244
0.188743
0.177641
0.033157
0.205233
0.190276
0.044936
0.185325
0.230351
0.160756
0.204116
0.244387
0.173370
0.175192
0.211990
0.128422
0.194159
0.226320
0.141537
0.161983
0.190612
0.092323
0.181239
0.205322
0.106020
0.145592
0.166054
0.052189
0.165250
0.181233
0.066554
0.176444
0.189724
0.074375
0.194128
0.202873
0.086103

0.200982
0.264471
0.072312
0.104117
0.202508
0.259250
0.064327
0.088730
0.189512
0.247127
0.037769
0.065408
0.189636
0.240499
0.027999
0.047994
0.192415
0.236533
0.030931
0.040036
0.192204
0.229030
0.021261
0.021537
0.229782
0.270795
0.081896
0.090570
0.229746
0.264002
0.073230
0.073715
0.264180
0.302312
0.128735
0.137006
0.264292
0.296164
0.120975
0.121649
0.174185
0.260692
0.046794
0.110194
0.176935
0.256942
0.039802
0.096650
0.163375
0.244897
0.011815
0.073179
0.164674
0.239774
0.003014
0.057704
0.169021
0.237084
0.008467
0.051817
0.170079
0.231206
0.000000
0.035504
0.208179
0.271213
0.061205
0.101326
0.209325
0.265922
0.053668
0.086492
0.244228
0.302613
0.109673
0.146823
0.245442
0.297853
0.102970
0.133334
0.203862
0.288933
0.079655
0.147421
0.207357
0.286207
0.074924
0.136224
0.192904
0.273938
0.046172
0.112837
0.195163
0.270019
0.039929
0.099977
0.196387
0.265914
0.040520
0.091978
0.198487
0.261355
0.034671
0.078427
0.233175
0.297605
0.090299
0.138000
0.235272
0.293522
0.085160
0.125697
0.267059
0.326774
0.136078
0.180310
0.269140
0.323120
0.131572
0.169143

0.112771
0.122678
0.000000
0.134311
0.140696
0.019146
0.123928
0.136545
0.020813
0.144453
0.153219
0.037940
0.156165
0.162636
0.047506
0.174714
0.177382
0.062292
0.185276
0.185673
0.070483
0.201966
0.198588
0.083027
0.221686
0.221851
0.115039
0.237094
0.233758
0.126582
0.126194
0.139505
0.025402
0.146486
0.155859
0.042044
0.133199
0.149358
0.041368
0.152638
0.164501
0.056132
0.163714
0.173019
0.064305
0.181225
0.186293
0.076810
0.191179
0.193716
0.083655
0.206874
0.205208
0.093988
0.226970
0.229137
0.127054
0.241463
0.239728
0.136551
0.145735
0.169025
0.072495
0.165499
0.184695
0.088078
0.149538
0.176309
0.085867
0.168639
0.190950
0.099789
0.179535
0.199197
0.107507
0.196781
0.212074
0.119336
0.206597
0.219289
0.125824
0.222096
0.230484
0.135640
0.241134
0.252758
0.166081
0.255454
0.263082
0.175107

0.066855
0.161499
0.071320
0.079800
0.073531
0.158688
0.064303
0.064789
0.051324
0.141545
0.044543
0.046447
0.057066
0.137646
0.036120
0.029728
0.059807
0.134724
0.030383
0.019015
0.063216
0.128878
0.019671
0.000000
0.103153
0.171694
0.074692
0.063985
0.106161
0.166205
0.064679
0.046341
0.143078
0.205787
0.115608
0.105532
0.145727
0.200635
0.106250
0.089161
0.031657
0.152559
0.053772
0.088470
0.040459
0.151567
0.048172
0.075237
0.016579
0.133808
0.027547
0.056983
0.024449
0.131778
0.020561
0.042132
0.028422
0.129966
0.015665
0.032553
0.033814
0.125955
0.006323
0.015452
0.074339
0.167407
0.061146
0.076529
0.079163
0.163606
0.052388
0.060647
0.116624
0.201927
0.103140
0.117154
0.120936
0.198325
0.094931
0.102405
0.053024
0.176273
0.086094
0.125769
0.062660
0.176340
0.081955
0.114319
0.036072
0.157358
0.060356
0.096078
0.045030
0.156582
0.055056
0.083217
0.049678
0.155549
0.051208
0.074878
0.056234
0.152886
0.043679
0.059922
0.094037
0.191088
0.094086
0.115706
0.099940
0.188534
0.087008
0.101810
0.134878
0.223846
0.133667
0.153419
0.140190
0.221400
0.127015
0.140508

0.276343
0.276920
0.202117
0.108790
0.281564
0.270590
0.199241
0.090970
0.272597
0.259016
0.178334
0.067911
0.276507
0.251066
0.174110
0.047844
0.265840
0.237928
0.150906
0.022471
0.268459
0.228294
0.145290
0.000000
0.278185
0.252222
0.158361
0.039802
0.280794
0.243049
0.153522
0.018636
0.297784
0.279780
0.178543
0.079011
0.300895
0.271803
0.175241
0.060292
0.294373
0.294559
0.212337
0.127784
0.299290
0.288520
0.210095
0.111195
0.289023
0.276437
0.187753
0.087767
0.292777
0.268912
0.184324
0.069113
0.280807
0.255291
0.159638
0.043392
0.283416
0.246221
0.154985
0.022527
0.289489
0.265600
0.162430
0.054856
0.292102
0.256901
0.158495
0.035094
0.306563
0.290963
0.179685
0.091046
0.309741
0.283457
0.177318
0.073672
0.319124
0.325678
0.235301
0.169489
0.324327
0.320738
0.234535
0.155358
0.313010
0.308574
0.211095
0.132209
0.317227
0.302336
0.209358
0.116282
0.304214
0.288687
0.183547
0.090908
0.307468
0.281100
0.180816
0.073062
0.310405
0.296847
0.183445
0.099417
0.313727
0.289629
0.181464
0.082618
0.324125
0.318640
0.196325
0.130315
0.328032
0.312541
0.195875
0.115739

0.000000
0.116878
0.014514
0.057314
0.007531
0.115750
0.008800
0.045362
0.000716
0.109789
0.014357
0.045030
0.008186
0.108235
0.008527
0.032429
0.026789
0.116328
0.027358
0.039113
0.032670
0.113455
0.020499
0.025300
0.049354
0.120123
0.037176
0.030252
0.053716
0.115940
0.029278
0.015170
0.068585
0.121228
0.043898
0.018421
0.071488
0.115736
0.034942
0.002009
0.001546
0.127595
0.015855
0.072752
0.009078
0.126849
0.010104
0.061405
0.000513
0.120253
0.016079
0.061880
0.008216
0.119251
0.010410
0.050052
0.028310
0.128557
0.031437
0.058572
0.034467
0.126300
0.024829
0.045644
0.052576
0.134162
0.043618
0.052409
0.057260
0.130663
0.036063
0.038330
0.073498
0.137133
0.052720
0.043382
0.076771
0.132398
0.044203
0.028095
0.018972
0.148032
0.045668
0.105494
0.027605
0.148329
0.041379
0.095657
0.014669
0.139406
0.043974
0.094465
0.023645
0.139574
0.039866
0.084249
0.043152
0.148722
0.059751
0.092409
0.050543
0.147646
0.054690
0.081132
0.068137
0.155417
0.072471
0.087654
0.074026
0.153118
0.066456
0.075275
0.089818
0.159565
0.082235
0.080200
0.094275
0.156055
0.075261
0.066670

0.185129
0.257063
0.088452
0.134907
0.189334
0.254349
0.086489
0.125092
0.177649
0.244348
0.061047
0.104928
0.180822
0.240567
0.058122
0.093833
0.167259
0.229187
0.029914
0.071617
0.169425
0.224323
0.026021
0.059184
0.170167
0.220925
0.022946
0.051050
0.170480
0.214451
0.016583
0.036351
0.170114
0.210078
0.012018
0.026834
0.168582
0.201961
0.003158
0.009788
0.196052
0.274084
0.086914
0.150402
0.199978
0.271650
0.085364
0.141575
0.186556
0.260921
0.057441
0.120440
0.189559
0.257526
0.055048
0.110463
0.174178
0.245395
0.024180
0.087211
0.176281
0.241022
0.020943
0.076035
0.176989
0.237933
0.018247
0.068669
0.177250
0.232003
0.012496
0.055273
0.176855
0.227971
0.008287
0.046555
0.175279
0.220453
0.000000
0.030868
0.219351
0.297762
0.107285
0.177856
0.223893
0.296113
0.107548
0.170798
0.209106
0.284859
0.077698
0.148994
0.212897
0.282386
0.077347
0.140979
0.196093
0.269722
0.044413
0.117014
0.199163
0.266415
0.043460
0.108005
0.200472
0.263992
0.042153
0.101969
0.201771
0.259214
0.038752
0.090847
0.202024
0.255902
0.035977
0.083528
0.201568
0.249631
0.030123
0.070237

0.098313
0.115102
0.013964
0.118205
0.129100
0.025257
0.094285
0.108269
0.003844
0.114742
0.123206
0.016618
0.114299
0.114624
0.000000
0.134037
0.129750
0.013821
0.154091
0.152348
0.043966
0.172336
0.166409
0.056904
0.190904
0.187391
0.084939
0.207772
0.200464
0.097051
0.067045
0.100898
0.011132
0.088038
0.114793
0.021211
0.064473
0.096129
0.004078
0.086013
0.110948
0.015624
0.088759
0.106219
0.004299
0.109415
0.121122
0.016820
0.130844
0.144945
0.048381
0.149921
0.158780
0.060095
0.169752
0.180889
0.089433
0.187371
0.193736
0.100392
0.086644
0.129276
0.053665
0.107429
0.142979
0.063560
0.081059
0.122911
0.045884
0.102508
0.137557
0.057181
0.105808
0.133533
0.046753
0.126316
0.148179
0.058901
0.146805
0.170490
0.088069
0.165738
0.184080
0.099424
0.184694
0.204782
0.126535
0.202174
0.217393
0.137151

0.130185
0.139734
0.019973
0.136747
0.133824
0.000000
0.138016
0.152372
0.040991
0.144953
0.147105
0.022146
0.169129
0.177825
0.067769
0.175172
0.172375
0.049457
0.197219
0.200295
0.090881
0.202404
0.194630
0.072990
0.232709
0.235547
0.134292
0.237506
0.230304
0.117736
0.139468
0.155036
0.045637
0.146505
0.149923
0.027054
0.143275
0.163740
0.061848
0.150738
0.159227
0.044247
0.173220
0.187045
0.085010
0.179705
0.182231
0.067755
0.200167
0.207441
0.104647
0.205713
0.202297
0.087635
0.235431
0.242052
0.146796
0.240554
0.237279
0.131039
0.155106
0.182779
0.091756
0.163173
0.179158
0.075520
0.155716
0.188861
0.105205
0.164299
0.185857
0.089896
0.185647
0.211568
0.126997
0.193197
0.208198
0.111939
0.212634
0.231500
0.145511
0.219197
0.227745
0.130613
0.247093
0.264406
0.184681
0.253152
0.260916
0.170879

