0.217020
0.201601
0.113673
0.000000
0.235609
0.218326
0.134629
0.022063
0.232674
0.219497
0.124350
0.020900
0.250080
0.234639
0.144070
0.040743
0.245344
0.234204
0.131245
0.037163
0.261682
0.247867
0.149863
0.054926
0.270960
0.255503
0.160356
0.064759
0.285574
0.267316
0.176748
0.079805
0.293847
0.273868
0.185939
0.088041
0.306833
0.283912
0.200214
0.100477
0.236118
0.223468
0.126425
0.025395
0.253246
0.238231
0.145858
0.044705
0.248057
0.237396
0.132385
0.040521
0.264144
0.250704
0.150747
0.057783
0.257119
0.248265
0.134633
0.051165
0.272271
0.260211
0.152047
0.066502
0.280851
0.266834
0.161823
0.074898
0.294325
0.276985
0.177028
0.087577
0.301926
0.282553
0.185510
0.094407
0.313809
0.290978
0.198605
0.104516
0.260618
0.257257
0.150155
0.071944
0.276997
0.271116
0.169167
0.090226
0.269841
0.268837
0.152941
0.083940
0.285356
0.281432
0.171113
0.100455
0.276341
0.277583
0.152172
0.091773
0.291093
0.289001
0.169625
0.106638
0.299458
0.295346
0.179450
0.114807
0.312615
0.305097
0.194777
0.127197
0.320050
0.310462
0.203359
0.133909
0.331696
0.318612
0.216663
0.143910

0.167407
0.164369
0.164369
0.000000
0.187962
0.182480
0.182480
0.021960
0.174161
0.177729
0.177729
0.025399
0.193889
0.194228
0.194228
0.044421
0.215214
0.220162
0.220162
0.082484
0.233332
0.235206
0.235206
0.099685
0.252962
0.259035
0.259035
0.134612
0.269602
0.272754
0.272754
0.150166
0.287672
0.294652
0.294652
0.182217
0.302957
0.307162
0.307162
0.196283
0.175286
0.180456
0.180456
0.030890
0.194831
0.196576
0.196576
0.049208
0.177545
0.188969
0.188969
0.049533
0.196445
0.203655
0.203655
0.065150
0.218346
0.230286
0.230286
0.104133
0.235700
0.243672
0.243672
0.118229
0.255863
0.268155
0.268155
0.154027
0.271800
0.280358
0.280358
0.166751
0.290364
0.302867
0.302867
0.199625
0.305002
0.313993
0.313993
0.211109
0.190490
0.211867
0.211867
0.088649
0.209915
0.227313
0.227313
0.105429
0.189362
0.217468
0.217468
0.103823
0.208371
0.231729
0.231729
0.118254
0.229283
0.256382
0.256382
0.153694
0.246740
0.269390
0.269390
0.166730
0.265990
0.292055
0.292055
0.199276
0.282023
0.303922
0.303922
0.211051
0.299744
0.324760
0.324760
0.240943
0.314470
0.335587
0.335587
0.251579

0.110357
0.202078
0.115696
0.135801
0.116553
0.200341
0.109283
0.122838
0.100058
0.187279
0.093294
0.107691
0.105236
0.184451
0.085379
0.093040
0.086374
0.169690
0.067433
0.076240
0.090566
0.165750
0.057959
0.059801
0.069197
0.149183
0.037927
0.041231
0.072430
0.144105
0.026826
0.022891
0.065419
0.135661
0.033405
0.019443
0.068635
0.129953
0.022161
0.000000
0.117149
0.216812
0.120825
0.156280
0.123136
0.215474
0.114291
0.144136
0.104323
0.201376
0.096940
0.128745
0.109423
0.199071
0.088982
0.115037
0.088121
0.183232
0.069605
0.098002
0.092365
0.179944
0.060165
0.082636
0.068418
0.162251
0.038623
0.063836
0.071834
0.157955
0.027635
0.046706
0.063982
0.149445
0.035818
0.044925
0.067616
0.144718
0.024940
0.026940
0.137191
0.238334
0.151952
0.190413
0.144025
0.237966
0.146908
0.179953
0.123297
0.223039
0.129054
0.164771
0.129452
0.221870
0.122797
0.152941
0.106143
0.205175
0.102918
0.136160
0.111659
0.203196
0.095404
0.122880
0.085597
0.184612
0.073356
0.104381
0.090510
0.181810
0.064531
0.089560
0.078528
0.171252
0.068996
0.086234
0.083794
0.168152
0.060360
0.070694

0.081902
0.124891
0.048914
0.000000
0.098738
0.142624
0.063490
0.021399
0.088779
0.141206
0.060116
0.026746
0.104777
0.157788
0.073329
0.046265
0.092612
0.154688
0.068141
0.049920
0.107885
0.170235
0.080092
0.067701
0.093428
0.165429
0.073058
0.069692
0.108084
0.180050
0.083841
0.085864
0.091231
0.173505
0.074917
0.086208
0.105377
0.187303
0.084620
0.100890
0.059233
0.125448
0.043027
0.020656
0.076431
0.142637
0.056792
0.040280
0.064506
0.139620
0.051652
0.043836
0.080907
0.155739
0.064117
0.061715
0.066608
0.150973
0.057085
0.063589
0.082326
0.166134
0.068346
0.079854
0.065551
0.159584
0.059378
0.080062
0.080699
0.173894
0.069525
0.094831
0.061330
0.165513
0.058564
0.093379
0.076016
0.179074
0.067681
0.106764
0.047613
0.132137
0.056160
0.051750
0.066025
0.149412
0.070278
0.070486
0.052413
0.145034
0.063944
0.072706
0.070107
0.161339
0.076880
0.089860
0.053956
0.155146
0.068599
0.090419
0.071054
0.170593
0.080451
0.106114
0.052248
0.162540
0.070168
0.105019
0.068870
0.177238
0.081029
0.119370
0.047275
0.167265
0.068678
0.116614
0.063538
0.181317
0.078634
0.129728

0.228637
0.294308
0.131152
0.145649
0.232104
0.289766
0.126881
0.130877
0.221161
0.278821
0.103376
0.108747
0.223416
0.272870
0.097756
0.091911
0.210728
0.260433
0.071769
0.067475
0.211776
0.253006
0.064739
0.048409
0.197261
0.238981
0.036097
0.021481
0.197095
0.229997
0.027584
0.000000
0.233731
0.274292
0.085628
0.075825
0.233642
0.266180
0.077913
0.056346
0.202336
0.289726
0.111066
0.154531
0.207383
0.286870
0.108557
0.142182
0.196097
0.276165
0.084043
0.120275
0.199926
0.271973
0.080266
0.106052
0.186792
0.259759
0.053156
0.081858
0.189419
0.254179
0.048067
0.065621
0.174354
0.240367
0.018185
0.038959
0.175788
0.233334
0.011729
0.020550
0.212249
0.275096
0.068492
0.091097
0.213618
0.268758
0.062645
0.074405
0.229301
0.316725
0.136258
0.189471
0.234712
0.314775
0.135398
0.179377
0.222284
0.303794
0.109644
0.157486
0.226667
0.300692
0.107757
0.145792
0.212391
0.288245
0.079370
0.121669
0.215765
0.283948
0.076425
0.108257
0.199551
0.269946
0.045224
0.081728
0.201930
0.264403
0.041183
0.066464
0.235394
0.302104
0.093228
0.130018
0.237631
0.297122
0.089599
0.116194

0.164122
0.176901
0.176901
0.061859
0.171035
0.171354
0.171354
0.042511
0.148971
0.152515
0.152515
0.021462
0.155189
0.145723
0.145723
0.000000
0.180656
0.178502
0.178502
0.049135
0.185944
0.171554
0.171554
0.028249
0.209119
0.201301
0.201301
0.072786
0.213518
0.194156
0.194156
0.052339
0.234564
0.221077
0.221077
0.092585
0.238109
0.213689
0.213689
0.072442
0.137119
0.169069
0.169069
0.071045
0.146190
0.165241
0.165241
0.053464
0.122463
0.145723
0.145723
0.032498
0.130887
0.140716
0.140716
0.012908
0.155449
0.170880
0.170880
0.057020
0.162722
0.165503
0.165503
0.037740
0.185036
0.192798
0.192798
0.077579
0.191213
0.187021
0.187021
0.058483
0.211436
0.211636
0.211636
0.094324
0.216564
0.205422
0.205422
0.075288
0.114818
0.172915
0.172915
0.101705
0.126671
0.171625
0.171625
0.087112
0.101330
0.151739
0.151739
0.066875
0.112620
0.149394
0.149394
0.050472
0.136897
0.177848
0.177848
0.090983
0.146850
0.174992
0.174992
0.074753
0.168927
0.200755
0.200755
0.111349
0.177615
0.197373
0.197373
0.095186
0.197646
0.220625
0.220625
0.128120
0.205136
0.216700
0.216700
0.111920

0.080824
0.147945
0.033066
0.038352
0.081995
0.142298
0.020642
0.020317
0.081072
0.136665
0.031851
0.019019
0.082053
0.130334
0.019338
0.000000
0.100496
0.159047
0.063416
0.055459
0.102399
0.153810
0.052538
0.038294
0.116796
0.178714
0.091461
0.088454
0.119617
0.174529
0.082131
0.073029
0.130091
0.195795
0.116188
0.118224
0.133835
0.192631
0.108328
0.104432
0.052818
0.143667
0.014836
0.048451
0.055270
0.139473
0.003043
0.031887
0.055384
0.134767
0.017223
0.032887
0.057740
0.129995
0.005519
0.015525
0.074870
0.156116
0.048871
0.067637
0.078144
0.152383
0.038813
0.052049
0.091061
0.174724
0.076876
0.098998
0.095257
0.171997
0.068377
0.085076
0.104078
0.190717
0.101441
0.127181
0.109206
0.188971
0.094429
0.114828
0.043837
0.148732
0.033852
0.077462
0.049008
0.146750
0.025094
0.063629
0.046643
0.140941
0.036127
0.063411
0.051686
0.138411
0.027414
0.048835
0.064458
0.160380
0.064749
0.094881
0.070310
0.158779
0.057507
0.081901
0.078945
0.177122
0.089869
0.123153
0.085626
0.176430
0.084031
0.111679
0.090214
0.191279
0.111671
0.148416
0.097751
0.191485
0.107182
0.138367

0.280777
0.243762
0.168455
0.024911
0.282406
0.233144
0.161861
0.000000
0.293004
0.259610
0.177386
0.046892
0.294783
0.249656
0.171825
0.023725
0.302402
0.272170
0.182394
0.063667
0.304326
0.262779
0.177800
0.042029
0.319225
0.298173
0.200150
0.102523
0.321803
0.290087
0.197303
0.083576
0.333424
0.321231
0.214206
0.136714
0.336660
0.314370
0.213064
0.120284
0.263206
0.243248
0.159198
0.039463
0.266579
0.234395
0.154836
0.017279
0.274366
0.256509
0.164738
0.055888
0.277766
0.248124
0.161258
0.035139
0.282610
0.266531
0.166332
0.067291
0.286044
0.258530
0.163685
0.047787
0.299226
0.291730
0.182327
0.103698
0.303268
0.284952
0.181396
0.086761
0.313113
0.313999
0.194548
0.135548
0.317780
0.308377
0.195310
0.121027
0.252929
0.257032
0.163223
0.077783
0.258657
0.250783
0.161988
0.059606
0.264144
0.269514
0.167089
0.091572
0.269827
0.263629
0.166678
0.074677
0.272400
0.278897
0.167064
0.100669
0.278064
0.273311
0.167455
0.084898
0.287936
0.301876
0.179772
0.132288
0.294119
0.297364
0.181785
0.118856
0.300685
0.322034
0.188714
0.159611
0.307419
0.318545
0.192350
0.148394

0.194750
0.258486
0.066741
0.118059
0.207698
0.271515
0.080160
0.134152
0.182397
0.242793
0.033880
0.085138
0.195220
0.256110
0.047659
0.102025
0.183488
0.234075
0.025614
0.065209
0.195377
0.247245
0.038291
0.082098
0.198567
0.233010
0.041625
0.058707
0.210481
0.246638
0.054767
0.076581
0.210864
0.229519
0.053810
0.048744
0.222872
0.243680
0.067493
0.067701
0.169582
0.253418
0.039978
0.118135
0.182861
0.266206
0.053247
0.133430
0.157472
0.238681
0.006126
0.085865
0.170544
0.251670
0.019682
0.101856
0.160547
0.231968
0.000000
0.068468
0.172501
0.244666
0.012201
0.084254
0.179270
0.233961
0.020997
0.066295
0.191163
0.247027
0.033570
0.082952
0.195062
0.233504
0.037986
0.060656
0.206964
0.247011
0.051005
0.078276
0.159571
0.256524
0.040272
0.133044
0.174351
0.269809
0.055273
0.148724
0.149260
0.243615
0.007912
0.102816
0.163841
0.257072
0.023282
0.119189
0.156220
0.239974
0.007006
0.089678
0.169583
0.253048
0.020913
0.105734
0.176954
0.243974
0.030169
0.090029
0.190072
0.257271
0.044193
0.106749
0.194727
0.245565
0.049345
0.087022
0.207677
0.259160
0.063572
0.104501

0.083855
0.154478
0.067829
0.068640
0.100270
0.171209
0.079765
0.086349
0.069456
0.135739
0.041291
0.036059
0.085892
0.152968
0.053294
0.054606
0.051911
0.114215
0.011266
0.000000
0.068446
0.132031
0.023386
0.019483
0.054637
0.127728
0.015514
0.021454
0.070251
0.144454
0.026030
0.039118
0.096152
0.163967
0.061019
0.066192
0.110724
0.179528
0.070883
0.082629
0.090640
0.171374
0.074869
0.093087
0.105914
0.186840
0.084994
0.108793
0.074297
0.152369
0.047178
0.061345
0.089596
0.168294
0.057283
0.077768
0.054807
0.130657
0.015999
0.026251
0.070202
0.147124
0.026121
0.043475
0.053429
0.140600
0.015623
0.043223
0.067995
0.156085
0.024191
0.058740
0.095209
0.176000
0.061342
0.086493
0.108813
0.190413
0.069410
0.100945
0.111126
0.194992
0.108343
0.131048
0.126391
0.209913
0.118468
0.145897
0.094312
0.176492
0.082044
0.101487
0.109698
0.191892
0.092218
0.117029
0.074470
0.155427
0.052479
0.068819
0.090051
0.171386
0.062741
0.085134
0.070910
0.163020
0.050806
0.083406
0.085855
0.178159
0.059735
0.098218
0.111367
0.196754
0.093805
0.123645
0.125313
0.210840
0.102195
0.137438

0.233778
0.231250
0.141265
0.069622
0.238386
0.225169
0.140066
0.055049
0.226921
0.213171
0.114783
0.031937
0.230502
0.205811
0.112763
0.015846
0.227356
0.208578
0.101004
0.016436
0.230440
0.200694
0.098957
0.000000
0.263557
0.244803
0.146416
0.066060
0.266275
0.237363
0.144314
0.050628
0.297053
0.278422
0.188436
0.112133
0.299441
0.271402
0.186300
0.097648
0.249087
0.245570
0.144962
0.079267
0.253484
0.239523
0.144374
0.065297
0.240287
0.226632
0.116630
0.040932
0.243786
0.219395
0.115362
0.025542
0.239830
0.222821
0.102549
0.027317
0.243007
0.215224
0.101478
0.011804
0.275282
0.258176
0.148174
0.076452
0.278085
0.251004
0.146972
0.061880
0.308070
0.290976
0.190368
0.122051
0.310537
0.284208
0.189059
0.108364
0.273002
0.276502
0.164018
0.116434
0.277881
0.271453
0.165073
0.104557
0.263188
0.258156
0.135169
0.079675
0.267340
0.252073
0.135759
0.066590
0.260822
0.253501
0.119031
0.065275
0.264780
0.247144
0.119970
0.052172
0.294932
0.286811
0.163824
0.111986
0.298457
0.280791
0.164478
0.099648
0.326462
0.317701
0.205217
0.155311
0.329596
0.312004
0.205624
0.143698

0.055853
0.149567
0.055019
0.072389
0.073767
0.165922
0.066114
0.088348
0.065117
0.145036
0.041934
0.048702
0.081682
0.161067
0.052231
0.064945
0.070750
0.137591
0.025163
0.021586
0.086076
0.153401
0.034721
0.038208
0.089968
0.137191
0.034090
0.008043
0.105114
0.153436
0.044601
0.026093
0.129314
0.171812
0.077263
0.051994
0.143281
0.186824
0.087017
0.068726
0.020986
0.140642
0.035284
0.079331
0.039758
0.156965
0.045748
0.094063
0.033275
0.138789
0.023901
0.058106
0.050451
0.154603
0.033326
0.072914
0.041678
0.133947
0.008667
0.033473
0.057375
0.149354
0.017106
0.048443
0.065393
0.137232
0.022344
0.024410
0.080781
0.152950
0.031672
0.040689
0.106889
0.172050
0.066692
0.067338
0.121073
0.186569
0.075352
0.082432
0.000000
0.138740
0.044191
0.101252
0.020950
0.155850
0.056043
0.116013
0.017295
0.140637
0.037536
0.084119
0.036485
0.157104
0.048269
0.098846
0.030571
0.139533
0.027105
0.063727
0.048134
0.155464
0.036784
0.078508
0.057098
0.145426
0.042325
0.057119
0.074109
0.161481
0.052646
0.072995
0.099378
0.179743
0.085194
0.097638
0.115046
0.194564
0.094757
0.112347

0.239016
0.239042
0.163943
0.073090
0.255979
0.251502
0.180022
0.086291
0.235323
0.221187
0.139914
0.033224
0.251866
0.233577
0.156219
0.046800
0.238488
0.217422
0.129466
0.018773
0.255280
0.230780
0.147062
0.034457
0.238594
0.210552
0.115364
0.000000
0.255747
0.224957
0.134356
0.017877
0.259218
0.238538
0.135524
0.038078
0.275744
0.252304
0.154253
0.055385
0.257323
0.253999
0.171104
0.083502
0.272685
0.264620
0.185719
0.094339
0.251599
0.235237
0.145526
0.043099
0.266592
0.245739
0.160351
0.054172
0.253998
0.232627
0.135541
0.031564
0.269344
0.244148
0.151739
0.044782
0.253447
0.227000
0.121931
0.015757
0.269247
0.239605
0.139599
0.031188
0.271369
0.252861
0.139153
0.051286
0.286726
0.265014
0.156785
0.066411
0.283720
0.286383
0.194882
0.125643
0.298357
0.296496
0.209405
0.136328
0.277100
0.268545
0.169521
0.087761
0.291478
0.278601
0.184348
0.098737
0.277642
0.265107
0.157942
0.075628
0.292414
0.276128
0.174127
0.088613
0.275408
0.258874
0.142898
0.059519
0.290671
0.270925
0.160537
0.074580
0.289857
0.281199
0.155687
0.089959
0.304801
0.292886
0.173422
0.104815

0.084844
0.174537
0.069554
0.099228
0.089230
0.171868
0.060655
0.085374
0.071560
0.157356
0.042229
0.068626
0.074728
0.153573
0.031613
0.053080
0.072274
0.147235
0.042252
0.052141
0.075279
0.142895
0.031682
0.035834
0.069579
0.134331
0.038599
0.032241
0.072437
0.129406
0.027993
0.015064
0.088043
0.134074
0.046778
0.018602
0.089664
0.127836
0.035359
0.000000
0.052156
0.165575
0.047762
0.103357
0.058028
0.164312
0.039507
0.090748
0.039307
0.149432
0.020234
0.073990
0.043896
0.147062
0.010197
0.059723
0.042340
0.141470
0.023657
0.060873
0.046835
0.138631
0.013826
0.046011
0.041735
0.130664
0.023232
0.044362
0.046160
0.127337
0.013529
0.028805
0.064442
0.133953
0.035988
0.035101
0.067611
0.129352
0.025573
0.018261
0.036112
0.164890
0.059908
0.124905
0.044857
0.165768
0.054555
0.114732
0.025762
0.150860
0.035732
0.098638
0.033268
0.150696
0.028737
0.086950
0.029076
0.143820
0.038837
0.086657
0.036425
0.143198
0.031985
0.074409
0.028670
0.133951
0.038219
0.071458
0.035909
0.132867
0.031453
0.058568
0.054094
0.139838
0.052542
0.064725
0.059940
0.137446
0.044969
0.050576

0.074860
0.147814
0.047542
0.050359
0.090022
0.164125
0.058738
0.068339
0.055619
0.125646
0.017066
0.013851
0.071011
0.142626
0.028507
0.032880
0.074649
0.126248
0.025976
0.000000
0.090078
0.143807
0.038420
0.020605
0.114193
0.163182
0.070582
0.047673
0.128564
0.179465
0.082142
0.066724
0.150906
0.197398
0.111884
0.091734
0.164294
0.212500
0.122624
0.109349
0.046753
0.141920
0.031157
0.060424
0.062051
0.157742
0.041329
0.076774
0.027416
0.120804
0.000864
0.025838
0.042870
0.137195
0.011137
0.043061
0.050376
0.125040
0.014277
0.016716
0.065770
0.141891
0.025478
0.035371
0.091458
0.161827
0.059539
0.062905
0.105811
0.177466
0.069961
0.080163
0.129612
0.195922
0.101462
0.105609
0.142995
0.210439
0.111160
0.121577
0.065980
0.165690
0.065418
0.100682
0.081445
0.181024
0.075637
0.116102
0.046234
0.145202
0.036622
0.068557
0.061944
0.161115
0.046996
0.084804
0.069780
0.150810
0.050538
0.061463
0.085313
0.167059
0.061672
0.078953
0.109491
0.185681
0.093082
0.104228
0.123969
0.200764
0.103441
0.120413
0.146374
0.218007
0.132493
0.143774
0.159868
0.232008
0.142132
0.158751

0.174981
0.221010
0.028348
0.037276
0.187834
0.235956
0.041934
0.057651
0.177744
0.210542
0.018904
0.010825
0.191368
0.226576
0.034464
0.033456
0.200829
0.237120
0.045086
0.048087
0.214100
0.252280
0.060661
0.069604
0.220855
0.260862
0.066998
0.081092
0.233870
0.275257
0.082706
0.101654
0.254341
0.291282
0.113500
0.126458
0.266298
0.304506
0.127895
0.145324
0.151356
0.221046
0.006599
0.048638
0.164226
0.235269
0.019358
0.067255
0.156654
0.213388
0.000000
0.026073
0.170263
0.228612
0.014747
0.046842
0.179758
0.238757
0.024847
0.060444
0.193106
0.253225
0.039828
0.080338
0.199662
0.261310
0.045279
0.090649
0.212844
0.275125
0.060608
0.109816
0.234826
0.291660
0.093553
0.135231
0.246938
0.304352
0.107596
0.152814
0.145936
0.230513
0.017144
0.076856
0.160208
0.244912
0.031313
0.095176
0.151932
0.224444
0.010155
0.056037
0.166822
0.239712
0.026184
0.076330
0.173568
0.247850
0.031037
0.086171
0.188196
0.262417
0.047370
0.105728
0.191963
0.268508
0.047538
0.112319
0.206432
0.282478
0.064299
0.131285
0.227741
0.298259
0.095698
0.155170
0.241037
0.311094
0.111055
0.172568

0.196406
0.188766
0.188766
0.044673
0.215073
0.203530
0.203530
0.059837
0.181763
0.162866
0.162866
0.000000
0.200718
0.178117
0.178117
0.016001
0.197166
0.189895
0.189895
0.045723
0.215906
0.204663
0.204663
0.060868
0.209089
0.213499
0.213499
0.087082
0.227755
0.227893
0.227893
0.101478
0.246844
0.250301
0.250301
0.133634
0.263947
0.263510
0.263510
0.146867
0.170519
0.181175
0.181175
0.052600
0.189949
0.195302
0.195302
0.065582
0.156491
0.156302
0.156302
0.009596
0.176130
0.170773
0.170773
0.023175
0.171101
0.182281
0.182281
0.053683
0.190627
0.196421
0.196421
0.066648
0.182018
0.204764
0.204764
0.093448
0.201580
0.218677
0.218677
0.105893
0.222107
0.242369
0.242369
0.139564
0.240026
0.255130
0.255130
0.150999
0.151762
0.189842
0.189842
0.090436
0.172877
0.204662
0.204662
0.103352
0.139296
0.167609
0.167609
0.051834
0.160603
0.182739
0.182739
0.065285
0.152115
0.190904
0.190904
0.091545
0.173352
0.205749
0.205749
0.104449
0.161077
0.210744
0.210744
0.127186
0.182408
0.225414
0.225414
0.139636
0.203023
0.247977
0.247977
0.170669
0.222558
0.261427
0.261427
0.182102

0.115426
0.208211
0.009876
0.067747
0.130345
0.222469
0.021807
0.084143
0.125368
0.203796
0.008138
0.050199
0.140508
0.218688
0.021506
0.068250
0.131825
0.196547
0.002310
0.028907
0.147296
0.212176
0.017197
0.048726
0.150331
0.196218
0.016802
0.019201
0.165550
0.212254
0.032209
0.040225
0.165584
0.193046
0.027313
0.005577
0.180660
0.209597
0.043336
0.027939
0.127215
0.225099
0.005789
0.082467
0.140194
0.237731
0.015763
0.096874
0.136377
0.221152
0.004939
0.066929
0.149723
0.234457
0.016473
0.082989
0.142166
0.214508
0.000000
0.047771
0.155972
0.228576
0.013164
0.065584
0.161588
0.215861
0.017730
0.041818
0.175193
0.230308
0.031405
0.060738
0.177868
0.214519
0.031507
0.032109
0.191365
0.229442
0.045775
0.052256
0.157411
0.251708
0.036050
0.115491
0.169912
0.263618
0.046408
0.129365
0.163995
0.247082
0.032787
0.099881
0.176900
0.259647
0.044660
0.115314
0.167440
0.239961
0.025671
0.080899
0.180838
0.253264
0.039129
0.097987
0.186359
0.242061
0.044006
0.076990
0.199511
0.255665
0.057816
0.095010
0.202343
0.241664
0.058608
0.069586
0.215339
0.255661
0.072852
0.088648

0.175485
0.169085
0.169085
0.040222
0.193773
0.183885
0.183885
0.054994
0.162544
0.145613
0.145613
0.000000
0.181055
0.160806
0.160806
0.015403
0.169947
0.156797
0.156797
0.016624
0.187707
0.170711
0.170711
0.029904
0.174176
0.164796
0.164796
0.029199
0.191300
0.177512
0.177512
0.040422
0.185156
0.186921
0.186921
0.067879
0.202322
0.199499
0.199499
0.078813
0.152996
0.163188
0.163188
0.047925
0.171946
0.177437
0.177437
0.060809
0.140775
0.140682
0.140682
0.009041
0.159870
0.155197
0.155197
0.022348
0.146584
0.149321
0.149321
0.021473
0.164955
0.162587
0.162587
0.032695
0.149033
0.154688
0.154688
0.029834
0.166798
0.166781
0.166781
0.039020
0.159196
0.176103
0.176103
0.067782
0.177106
0.188196
0.188196
0.076892
0.136007
0.170889
0.170889
0.081855
0.156418
0.185775
0.185775
0.094792
0.125350
0.150829
0.150829
0.046902
0.145886
0.165954
0.165954
0.060228
0.130660
0.158842
0.158842
0.058475
0.150553
0.172841
0.172841
0.069917
0.132486
0.163634
0.163634
0.066213
0.151868
0.176592
0.176592
0.075825
0.140733
0.182493
0.182493
0.100240
0.160300
0.195473
0.195473
0.109786

0.072137
0.153598
0.076785
0.056091
0.078869
0.149795
0.069645
0.038542
0.061402
0.134381
0.052159
0.019725
0.066898
0.129163
0.043369
0.000000
0.069123
0.150300
0.062289
0.045881
0.074684
0.145808
0.053973
0.027606
0.073183
0.163016
0.068807
0.068093
0.078859
0.159217
0.060915
0.051138
0.100227
0.188634
0.087792
0.096177
0.104751
0.184712
0.079489
0.079944
0.083578
0.173148
0.089515
0.086394
0.090210
0.170064
0.082798
0.070421
0.070478
0.153774
0.064253
0.051795
0.076064
0.149458
0.056047
0.033862
0.073635
0.165709
0.069884
0.073054
0.079347
0.162079
0.062091
0.056409
0.073213
0.174587
0.072015
0.090614
0.079102
0.171621
0.064593
0.075140
0.098669
0.198201
0.088406
0.115286
0.103329
0.195002
0.080438
0.100349
0.105683
0.198562
0.121749
0.127246
0.113010
0.196627
0.116477
0.113378
0.091260
0.179581
0.097359
0.095181
0.097768
0.176613
0.090819
0.079595
0.091174
0.188512
0.100500
0.113068
0.097926
0.186237
0.094402
0.098679
0.087639
0.194558
0.100349
0.127547
0.094689
0.192961
0.094660
0.114253
0.113235
0.217381
0.116539
0.150541
0.119028
0.215483
0.110260
0.137665

0.233911
0.220458
0.135131
0.039031
0.248718
0.232404
0.150759
0.052915
0.235464
0.216867
0.125301
0.025137
0.250744
0.229855
0.142239
0.041095
0.234454
0.210407
0.112145
0.007084
0.250284
0.224505
0.130483
0.025204
0.246101
0.210834
0.119268
0.000000
0.261905
0.225695
0.138080
0.019725
0.278785
0.247277
0.161950
0.052941
0.293489
0.261076
0.179431
0.071232
0.246008
0.232620
0.139424
0.048691
0.259612
0.242876
0.153702
0.060190
0.247297
0.230326
0.130315
0.037708
0.261430
0.241643
0.145948
0.051284
0.246084
0.225236
0.117912
0.022643
0.260815
0.237672
0.134980
0.038366
0.258995
0.228021
0.128011
0.020049
0.273681
0.241181
0.145486
0.037288
0.290761
0.263202
0.170006
0.071457
0.304432
0.275430
0.186256
0.087456
0.268180
0.263935
0.162145
0.091532
0.281429
0.273831
0.176433
0.102835
0.268093
0.261038
0.151805
0.080220
0.281872
0.271927
0.167407
0.093457
0.265629
0.255542
0.138321
0.065112
0.280008
0.267480
0.155317
0.080352
0.278945
0.259104
0.149870
0.064297
0.293211
0.271648
0.167128
0.080838
0.309203
0.291894
0.190103
0.112220
0.322485
0.303552
0.206153
0.127575

0.129409
0.200999
0.121699
0.122342
0.133882
0.197927
0.114402
0.108189
0.115352
0.183080
0.096914
0.091507
0.118972
0.178983
0.088227
0.075675
0.098186
0.162452
0.068826
0.057313
0.100967
0.157297
0.058683
0.039693
0.077787
0.138972
0.037240
0.019527
0.079741
0.132721
0.025569
0.000000
0.102680
0.165640
0.055099
0.049462
0.103695
0.159410
0.042982
0.030652
0.101730
0.195078
0.107104
0.131795
0.107754
0.193536
0.100876
0.119258
0.087948
0.178284
0.082693
0.102761
0.093126
0.175769
0.075087
0.088635
0.070887
0.158756
0.054890
0.070446
0.075244
0.155246
0.045848
0.054632
0.050424
0.136360
0.023501
0.034629
0.053981
0.131827
0.012956
0.017018
0.075686
0.162176
0.039546
0.061665
0.078093
0.157480
0.028318
0.044533
0.085945
0.195102
0.115802
0.153287
0.094466
0.195599
0.112074
0.143128
0.073738
0.180117
0.093951
0.127205
0.081490
0.179731
0.088975
0.115607
0.058177
0.162422
0.068796
0.098012
0.065202
0.161145
0.062532
0.084893
0.039149
0.141895
0.040162
0.065509
0.045484
0.139712
0.032561
0.050778
0.066891
0.168230
0.057689
0.091788
0.071954
0.165756
0.049327
0.077402

0.182776
0.209524
0.209524
0.120417
0.190573
0.205996
0.205996
0.104458
0.170647
0.188676
0.188676
0.085275
0.177752
0.184016
0.184016
0.067455
0.181439
0.180643
0.180643
0.056040
0.186633
0.174050
0.174050
0.035773
0.189183
0.169504
0.169504
0.022849
0.192494
0.160930
0.160930
0.000000
0.216275
0.192826
0.192826
0.048883
0.218915
0.184226
0.184226
0.026691
0.154103
0.198081
0.198081
0.124280
0.163830
0.196101
0.196101
0.109905
0.142531
0.178178
0.178178
0.090755
0.151597
0.175119
0.175119
0.074610
0.156433
0.172700
0.172700
0.064214
0.163499
0.167690
0.167690
0.045674
0.167149
0.164091
0.164091
0.033807
0.172256
0.157095
0.157095
0.012751
0.194882
0.186211
0.186211
0.056457
0.199135
0.178993
0.178993
0.035802
0.169189
0.222326
0.222326
0.163722
0.179640
0.221543
0.221543
0.151336
0.156029
0.202683
0.202683
0.132401
0.166011
0.201002
0.201002
0.118462
0.171413
0.199441
0.199441
0.109442
0.179452
0.195914
0.195914
0.093288
0.183703
0.193238
0.193238
0.082909
0.189844
0.187837
0.187837
0.064433
0.211115
0.214590
0.214590
0.104093
0.216364
0.208913
0.208913
0.085927

0.169316
0.240130
0.053323
0.099128
0.183631
0.254606
0.067063
0.116930
0.174524
0.234658
0.046433
0.080697
0.187882
0.249006
0.059238
0.098680
0.176784
0.226642
0.035701
0.058704
0.189254
0.240942
0.047626
0.076968
0.176085
0.216015
0.021018
0.032987
0.187729
0.230347
0.032111
0.051630
0.189840
0.212520
0.033224
0.020803
0.201746
0.227545
0.045357
0.040958
0.142082
0.234134
0.027242
0.100804
0.156719
0.248336
0.040500
0.117537
0.149393
0.230879
0.022210
0.085036
0.162885
0.244796
0.034287
0.101735
0.153590
0.225051
0.013163
0.065725
0.166005
0.238760
0.024107
0.082477
0.154672
0.216598
0.000000
0.042721
0.166069
0.230175
0.009850
0.059616
0.172183
0.216468
0.017333
0.035420
0.183771
0.230640
0.028172
0.053701
0.167646
0.258648
0.052008
0.130455
0.181957
0.272174
0.065678
0.146655
0.175938
0.256753
0.050085
0.117835
0.189150
0.269981
0.062589
0.133942
0.181312
0.252466
0.044375
0.101909
0.193490
0.265469
0.055764
0.118007
0.183775
0.245743
0.034798
0.082550
0.194979
0.258593
0.045117
0.098725
0.200757
0.246350
0.052224
0.077053
0.212071
0.259697
0.063338
0.094421

0.023366
0.115684
0.009066
0.023845
0.028212
0.111832
0.000000
0.007869
0.045417
0.139095
0.040320
0.058503
0.050935
0.136116
0.032510
0.044000
0.089671
0.175463
0.083953
0.099714
0.094681
0.172602
0.076617
0.086156
0.130639
0.209196
0.124417
0.138010
0.135187
0.206452
0.117527
0.125336
0.168566
0.240487
0.161944
0.173599
0.172691
0.237858
0.155474
0.161751
0.029805
0.131742
0.014441
0.046106
0.034492
0.128357
0.005319
0.030954
0.048947
0.152559
0.043886
0.078382
0.054442
0.150092
0.036104
0.064697
0.092957
0.188020
0.087340
0.118296
0.097953
0.185641
0.080037
0.105505
0.133699
0.220909
0.127635
0.155380
0.138239
0.218618
0.120782
0.143425
0.171416
0.251412
0.164999
0.189836
0.175540
0.249209
0.158569
0.178663
0.053177
0.157326
0.050708
0.085969
0.058881
0.155088
0.043256
0.072640
0.067919
0.174690
0.075915
0.114461
0.074491
0.173372
0.069766
0.102522
0.110554
0.208604
0.117094
0.151876
0.116554
0.207296
0.111311
0.140711
0.150022
0.240055
0.155276
0.186634
0.155498
0.238762
0.149837
0.176194
0.186558
0.269221
0.190679
0.218925
0.191554
0.267949
0.185564
0.209163

0.065151
0.163104
0.071152
0.086624
0.071942
0.160796
0.064271
0.072098
0.075338
0.158857
0.059479
0.062730
0.079882
0.154697
0.050378
0.046003
0.081945
0.151642
0.044240
0.035282
0.084286
0.145612
0.032868
0.016245
0.101581
0.151608
0.052230
0.020648
0.102571
0.144178
0.039858
0.000000
0.140212
0.186120
0.094168
0.065211
0.141059
0.179243
0.082718
0.046169
0.029522
0.153362
0.052036
0.094009
0.038328
0.152815
0.046450
0.081225
0.042888
0.151921
0.042413
0.072915
0.049298
0.149487
0.034534
0.057972
0.052438
0.147460
0.029109
0.048338
0.056510
0.143131
0.018895
0.031142
0.076493
0.151182
0.041675
0.038355
0.079176
0.145496
0.030542
0.019700
0.117159
0.185750
0.084424
0.081490
0.119557
0.180473
0.074108
0.064279
0.007268
0.150907
0.058955
0.115679
0.019180
0.152728
0.056202
0.105484
0.025571
0.153250
0.053873
0.098754
0.034988
0.153175
0.048856
0.086498
0.039908
0.152564
0.045162
0.078509
0.046911
0.150603
0.037859
0.064114
0.066947
0.159042
0.059664
0.071361
0.072422
0.155695
0.051375
0.055561
0.108521
0.193071
0.101118
0.111952
0.113485
0.189946
0.093421
0.097368

0.128463
0.161461
0.161461
0.070638
0.149300
0.176510
0.176510
0.083537
0.117569
0.140524
0.140524
0.035152
0.138416
0.155759
0.155759
0.048417
0.129992
0.132411
0.132411
0.005542
0.149636
0.147118
0.147118
0.018761
0.149105
0.137868
0.137868
0.000000
0.168201
0.153009
0.153009
0.014695
0.188392
0.177014
0.177014
0.048558
0.206024
0.191047
0.191047
0.062240
0.137899
0.171899
0.171899
0.084048
0.157725
0.185553
0.185553
0.094835
0.124346
0.149702
0.149702
0.048268
0.144273
0.163533
0.163533
0.059314
0.137059
0.142110
0.142110
0.019452
0.155723
0.155309
0.155309
0.030279
0.157579
0.149923
0.149923
0.017741
0.175684
0.163536
0.163536
0.030013
0.196286
0.188290
0.188290
0.065187
0.213002
0.200907
0.200907
0.076624
0.153883
0.197345
0.197345
0.124929
0.173522
0.210765
0.210765
0.135403
0.138567
0.175369
0.175369
0.091318
0.158451
0.189045
0.189045
0.102089
0.152831
0.170077
0.170077
0.066073
0.171433
0.183101
0.183101
0.076606
0.173912
0.178554
0.178554
0.065216
0.191882
0.191881
0.191881
0.077019
0.211424
0.214836
0.214836
0.109208
0.228011
0.227183
0.227183
0.120200

0.200614
0.257320
0.084480
0.107386
0.203207
0.252937
0.080589
0.094552
0.189738
0.240821
0.054180
0.071635
0.191332
0.235259
0.049146
0.057133
0.191768
0.231422
0.045418
0.047687
0.191626
0.224175
0.038012
0.030668
0.191018
0.219308
0.032843
0.019672
0.189125
0.210312
0.022999
0.000000
0.209690
0.242763
0.054735
0.053663
0.207268
0.234097
0.044526
0.034906
0.177113
0.253824
0.063564
0.113696
0.181057
0.250914
0.061191
0.102895
0.166923
0.238784
0.033333
0.079762
0.169869
0.234755
0.029878
0.067431
0.171098
0.231843
0.027084
0.059310
0.172248
0.226153
0.021213
0.044541
0.172398
0.222229
0.016953
0.034924
0.171744
0.214825
0.008610
0.017599
0.190736
0.244271
0.037264
0.065842
0.189379
0.237021
0.028310
0.049161
0.165938
0.256744
0.064092
0.131205
0.172075
0.255764
0.064528
0.123122
0.157652
0.243810
0.035786
0.100051
0.162852
0.241798
0.035298
0.090624
0.165429
0.240111
0.034297
0.084281
0.168825
0.236489
0.031440
0.072542
0.170324
0.233826
0.029007
0.064785
0.171923
0.228555
0.023744
0.050636
0.190210
0.255742
0.050709
0.094681
0.191011
0.250504
0.044722
0.081000

0.175376
0.236663
0.068010
0.084566
0.190413
0.252125
0.082729
0.104345
0.167542
0.220808
0.036827
0.047083
0.182242
0.236641
0.051898
0.068039
0.156305
0.201947
0.001239
0.005319
0.170777
0.218266
0.016781
0.027606
0.182026
0.229880
0.029177
0.043348
0.196067
0.245296
0.044769
0.064568
0.204421
0.254858
0.052618
0.077049
0.218138
0.269483
0.068385
0.097359
0.189935
0.258499
0.070472
0.108361
0.203291
0.272283
0.083490
0.125978
0.180020
0.242567
0.037445
0.071748
0.193064
0.256676
0.050773
0.090415
0.166779
0.223776
0.000000
0.031019
0.179609
0.238315
0.013745
0.050876
0.190044
0.249043
0.025152
0.065351
0.202664
0.262871
0.039252
0.084426
0.210026
0.271481
0.045756
0.095499
0.222534
0.284702
0.060327
0.113935
0.219299
0.287913
0.099741
0.146023
0.232185
0.300804
0.112985
0.162736
0.208891
0.272740
0.067351
0.111573
0.221577
0.285970
0.081021
0.129313
0.195342
0.254911
0.030724
0.073272
0.207925
0.268578
0.044931
0.092174
0.214523
0.276667
0.050212
0.102405
0.227019
0.289751
0.064918
0.120705
0.230575
0.295778
0.065294
0.127597
0.243080
0.308377
0.080620
0.145433

0.175368
0.207593
0.019274
0.018516
0.187568
0.222913
0.032151
0.039109
0.200055
0.234809
0.049247
0.056419
0.212012
0.249359
0.062239
0.076073
0.221904
0.259384
0.075180
0.090389
0.233679
0.273249
0.088359
0.109224
0.241040
0.281469
0.097237
0.120642
0.252696
0.294730
0.110677
0.138773
0.257572
0.301195
0.115553
0.147369
0.269174
0.313930
0.129332
0.164908
0.155375
0.209921
0.000000
0.031450
0.167273
0.224378
0.011718
0.050188
0.180252
0.236151
0.029326
0.067092
0.192006
0.249949
0.041373
0.085108
0.202166
0.259753
0.054465
0.098862
0.213836
0.272973
0.066906
0.116264
0.221244
0.280871
0.075576
0.126961
0.232892
0.293589
0.088479
0.143853
0.237593
0.299630
0.092787
0.151564
0.249281
0.311920
0.106225
0.168051
0.154572
0.221793
0.015498
0.062021
0.167615
0.236297
0.028495
0.080432
0.177844
0.246117
0.040972
0.093739
0.190731
0.260005
0.054322
0.111525
0.198171
0.267899
0.062362
0.121773
0.210970
0.281251
0.076139
0.139042
0.215664
0.287268
0.079796
0.146299
0.228444
0.300161
0.094079
0.163156
0.230418
0.304336
0.093377
0.167466
0.243248
0.316845
0.108248
0.184014

0.157545
0.138478
0.138478
0.000000
0.175397
0.154175
0.154175
0.017363
0.164823
0.150524
0.150524
0.019535
0.181979
0.165039
0.165039
0.034984
0.169243
0.159636
0.159636
0.035392
0.185805
0.173059
0.173059
0.049026
0.181063
0.181749
0.181749
0.072298
0.197591
0.194877
0.194877
0.085310
0.216551
0.217055
0.217055
0.115455
0.231841
0.229182
0.229182
0.127454
0.136740
0.134069
0.134069
0.011577
0.155001
0.149118
0.149118
0.027089
0.142442
0.143743
0.143743
0.027362
0.160049
0.157667
0.157667
0.041046
0.145166
0.150459
0.150459
0.039535
0.162225
0.163343
0.163343
0.051481
0.156098
0.171591
0.171591
0.075059
0.173213
0.184295
0.184295
0.086551
0.193375
0.207567
0.207567
0.117894
0.209207
0.219300
0.219300
0.128483
0.123404
0.143797
0.143797
0.046572
0.142787
0.159187
0.159187
0.061697
0.128445
0.152553
0.152553
0.060886
0.147252
0.166926
0.166926
0.074350
0.130424
0.158399
0.158399
0.071777
0.148768
0.171843
0.171843
0.083666
0.139583
0.177247
0.177247
0.103941
0.158033
0.190559
0.190559
0.115437
0.178102
0.212844
0.212844
0.144708
0.195172
0.225143
0.225143
0.155307

0.148962
0.156640
0.156640
0.021976
0.156203
0.149706
0.149706
0.000000
0.162214
0.170881
0.170881
0.042163
0.169344
0.164304
0.164304
0.021104
0.181922
0.197648
0.197648
0.083154
0.189488
0.192133
0.192133
0.064020
0.197987
0.221158
0.221158
0.120329
0.206073
0.216690
0.216690
0.103011
0.210526
0.241565
0.241565
0.153926
0.219218
0.238137
0.238137
0.138327
0.164931
0.173899
0.173899
0.046567
0.172047
0.167408
0.167408
0.025718
0.173465
0.183859
0.183859
0.061678
0.180572
0.177701
0.177701
0.041596
0.189516
0.207948
0.207948
0.100070
0.197204
0.202897
0.202897
0.081876
0.202007
0.228875
0.228875
0.134793
0.210360
0.224921
0.224921
0.118385
0.211023
0.246776
0.246776
0.166066
0.220129
0.243915
0.243915
0.151354
0.188060
0.206151
0.206151
0.096515
0.195770
0.200995
0.200995
0.078044
0.192969
0.213470
0.213470
0.109086
0.200815
0.208695
0.208695
0.091347
0.204584
0.233630
0.233630
0.142927
0.213117
0.229949
0.229949
0.126951
0.212742
0.250792
0.250792
0.173368
0.222051
0.248204
0.248204
0.159067
0.217496
0.265066
0.265066
0.200598
0.227674
0.263574
0.263574
0.187895

0.164179
0.244141
0.057652
0.106103
0.166471
0.240091
0.050190
0.092556
0.173095
0.239592
0.057588
0.089587
0.174863
0.234748
0.050079
0.075180
0.178949
0.232412
0.053740
0.069435
0.180194
0.226733
0.046111
0.054053
0.181806
0.222566
0.046117
0.045526
0.182526
0.216003
0.038293
0.029045
0.181713
0.209999
0.034700
0.017712
0.181902
0.202498
0.026604
0.000000
0.134324
0.236750
0.030716
0.107517
0.137862
0.234026
0.024095
0.095474
0.146213
0.234819
0.033941
0.094428
0.149259
0.231371
0.027424
0.081701
0.154857
0.230231
0.033232
0.077753
0.157421
0.226028
0.026751
0.064237
0.160345
0.222970
0.028623
0.057397
0.162432
0.217973
0.022110
0.042981
0.162745
0.213003
0.020122
0.033239
0.164357
0.207168
0.013507
0.017805
0.166561
0.264307
0.064516
0.142219
0.170459
0.262328
0.059668
0.132115
0.175991
0.261742
0.065519
0.129202
0.179494
0.259144
0.060837
0.118530
0.182424
0.256735
0.062864
0.112880
0.185546
0.253492
0.058292
0.101550
0.185935
0.249269
0.056573
0.093161
0.188684
0.245349
0.052055
0.081077
0.186577
0.239310
0.046643
0.069932
0.188959
0.234675
0.042122
0.056990

0.095055
0.159174
0.079649
0.069126
0.111581
0.175745
0.091782
0.087025
0.082168
0.140766
0.054024
0.036327
0.098647
0.157832
0.066249
0.055136
0.066070
0.119532
0.024916
0.000000
0.082596
0.137193
0.037297
0.019828
0.070219
0.133796
0.030592
0.022691
0.085757
0.150316
0.041353
0.040651
0.071069
0.145182
0.032610
0.041752
0.085705
0.160656
0.041803
0.057945
0.068321
0.155122
0.066474
0.081341
0.085274
0.171391
0.077797
0.097819
0.056101
0.138139
0.041445
0.050570
0.072900
0.154791
0.052701
0.067786
0.040504
0.118308
0.012838
0.016349
0.057243
0.135440
0.024085
0.034400
0.042791
0.130376
0.015332
0.035376
0.058540
0.146419
0.024956
0.051643
0.041600
0.139539
0.014053
0.050838
0.056447
0.154585
0.022097
0.065413
0.092286
0.180569
0.101044
0.120126
0.108913
0.196098
0.112135
0.135575
0.079228
0.163941
0.077198
0.091507
0.095815
0.179878
0.088295
0.107665
0.062951
0.144633
0.050017
0.059703
0.079590
0.161071
0.061176
0.076663
0.062717
0.154140
0.050936
0.076115
0.078575
0.169663
0.060700
0.091505
0.059147
0.160898
0.048327
0.089230
0.074312
0.175596
0.056742
0.103136

0.294207
0.280357
0.199277
0.107399
0.308734
0.292625
0.215394
0.122820
0.286173
0.260916
0.173273
0.066807
0.300724
0.273467
0.189985
0.083071
0.275557
0.238590
0.143854
0.021970
0.290215
0.251503
0.161265
0.039186
0.272422
0.229903
0.127500
0.000000
0.287794
0.244111
0.146569
0.019682
0.305900
0.267475
0.172738
0.055953
0.320130
0.280589
0.190351
0.074085
0.274275
0.273414
0.184049
0.107724
0.289080
0.284985
0.199863
0.121484
0.267210
0.255130
0.158533
0.068362
0.281949
0.266851
0.174839
0.082776
0.257473
0.233953
0.129537
0.024799
0.272230
0.245896
0.146437
0.039962
0.256196
0.228156
0.115289
0.007019
0.271627
0.241334
0.133826
0.024575
0.290735
0.265692
0.161277
0.062228
0.305028
0.277865
0.178407
0.078406
0.297651
0.304583
0.206087
0.148840
0.311945
0.315583
0.221764
0.162095
0.290023
0.287316
0.180848
0.111961
0.304315
0.298486
0.197074
0.125867
0.279855
0.267359
0.152275
0.071170
0.294228
0.278768
0.169147
0.085817
0.277219
0.261253
0.136854
0.053607
0.292273
0.273821
0.155328
0.070491
0.310199
0.296243
0.181159
0.105153
0.324142
0.307854
0.198234
0.120716

0.098149
0.181319
0.079309
0.066291
0.102870
0.176477
0.068986
0.045688
0.082361
0.158568
0.047648
0.023319
0.085787
0.152157
0.035279
0.000000
0.125788
0.197748
0.095738
0.076057
0.129108
0.192072
0.084582
0.054958
0.165711
0.233605
0.139788
0.124139
0.168921
0.228586
0.129729
0.105050
0.202417
0.266424
0.180142
0.167980
0.205512
0.261991
0.171074
0.150711
0.064836
0.175427
0.062162
0.082506
0.071399
0.172622
0.053272
0.064466
0.049797
0.154573
0.031416
0.042814
0.055062
0.150296
0.020522
0.022261
0.095505
0.193657
0.080392
0.093342
0.100514
0.189928
0.070578
0.074753
0.137554
0.229462
0.125294
0.139451
0.142313
0.226220
0.116455
0.122640
0.176240
0.262267
0.166466
0.181530
0.180758
0.259456
0.158507
0.166329
0.088854
0.201847
0.099837
0.128117
0.096339
0.200428
0.092937
0.112774
0.072959
0.181755
0.070836
0.091871
0.079395
0.179098
0.062219
0.074342
0.116493
0.218276
0.116265
0.137882
0.122576
0.216023
0.108533
0.122044
0.156568
0.251756
0.157939
0.179888
0.162314
0.249860
0.151003
0.165582
0.193462
0.282453
0.196171
0.218243
0.198886
0.280870
0.189953
0.205321

0.229820
0.219246
0.140427
0.041557
0.247196
0.234571
0.159037
0.060735
0.223119
0.199329
0.114955
0.000000
0.240422
0.215004
0.134146
0.020196
0.237185
0.215293
0.124971
0.018430
0.253366
0.229513
0.142955
0.036631
0.248548
0.228344
0.131655
0.032768
0.263701
0.241196
0.148537
0.049086
0.272316
0.248391
0.158069
0.058147
0.285902
0.259545
0.172987
0.072059
0.248215
0.238793
0.152969
0.063091
0.264187
0.252375
0.170128
0.079937
0.240275
0.218825
0.126952
0.022394
0.256191
0.232695
0.144651
0.040113
0.250976
0.231163
0.132814
0.035726
0.265886
0.243685
0.149435
0.051590
0.259077
0.240703
0.135422
0.045101
0.273067
0.251955
0.151061
0.059208
0.281000
0.258206
0.159857
0.066960
0.293470
0.267810
0.173560
0.078714
0.272864
0.270646
0.177195
0.105314
0.288078
0.283419
0.193863
0.121279
0.264433
0.251744
0.151706
0.067186
0.279646
0.264808
0.168939
0.083991
0.272771
0.262003
0.154913
0.077840
0.287128
0.273882
0.171256
0.093019
0.278655
0.269663
0.155026
0.084811
0.292238
0.280429
0.170570
0.098457
0.299951
0.286424
0.179335
0.105981
0.312094
0.295657
0.193031
0.117434

0.164469
0.246217
0.070899
0.106505
0.170727
0.243409
0.068499
0.094109
0.159102
0.232298
0.041860
0.071196
0.163914
0.228085
0.038072
0.056991
0.166140
0.224987
0.034984
0.047665
0.168757
0.218863
0.028467
0.030750
0.169675
0.214605
0.023729
0.019759
0.170121
0.206522
0.014432
0.000000
0.191921
0.239678
0.046611
0.054449
0.191465
0.231773
0.036659
0.035517
0.178474
0.265367
0.070950
0.126147
0.184142
0.262907
0.068918
0.115143
0.170622
0.251091
0.039907
0.091532
0.175004
0.247381
0.036640
0.078916
0.176995
0.244616
0.033870
0.070579
0.179255
0.239099
0.027893
0.055376
0.179979
0.235239
0.023483
0.045453
0.180136
0.227874
0.014746
0.027543
0.199456
0.257446
0.043218
0.076097
0.198643
0.250144
0.033619
0.058764
0.204053
0.290155
0.093320
0.156819
0.210124
0.288556
0.093191
0.147989
0.195151
0.276250
0.062482
0.123997
0.200161
0.273586
0.061392
0.113812
0.202568
0.271489
0.059968
0.106986
0.205591
0.267155
0.056305
0.094396
0.206814
0.264047
0.053328
0.086099
0.207872
0.258010
0.047056
0.071003
0.225694
0.284798
0.073432
0.115002
0.225810
0.278772
0.066262
0.100346

0.253095
0.221922
0.140097
0.020724
0.254936
0.212539
0.134859
0.000000
0.265367
0.236267
0.147346
0.036649
0.267281
0.227274
0.142857
0.016987
0.285126
0.264048
0.167415
0.074592
0.287614
0.256178
0.164439
0.057139
0.302274
0.289046
0.184031
0.108480
0.305348
0.282245
0.182549
0.093124
0.332994
0.320977
0.224343
0.154612
0.335854
0.314714
0.222976
0.140439
0.234302
0.218141
0.127352
0.026562
0.237754
0.210194
0.124003
0.007749
0.245579
0.230321
0.131657
0.038093
0.249005
0.222619
0.128953
0.020141
0.265249
0.257546
0.150325
0.074287
0.269209
0.250910
0.149121
0.058482
0.282199
0.281966
0.165445
0.106447
0.286713
0.276351
0.165732
0.092688
0.314369
0.314338
0.207117
0.152619
0.318560
0.309169
0.207379
0.139914
0.260966
0.253786
0.153049
0.073838
0.265018
0.247150
0.151516
0.057708
0.269738
0.263908
0.154434
0.082697
0.273834
0.257532
0.153603
0.067412
0.286022
0.287649
0.168680
0.113880
0.290679
0.282284
0.169341
0.100618
0.299698
0.308764
0.179476
0.141270
0.304943
0.304373
0.181634
0.129948
0.330643
0.339154
0.220185
0.184840
0.335502
0.335110
0.222168
0.174381

0.198636
0.256423
0.079798
0.116159
0.211563
0.270538
0.092522
0.133499
0.187519
0.241015
0.048672
0.082788
0.200273
0.255452
0.061554
0.100934
0.173584
0.223124
0.013660
0.045869
0.186219
0.237954
0.026754
0.064913
0.173997
0.212548
0.004623
0.022449
0.187555
0.228409
0.019699
0.043471
0.210965
0.246517
0.055525
0.071185
0.223638
0.261290
0.069616
0.090750
0.207788
0.274320
0.077833
0.133909
0.219431
0.287129
0.089043
0.149521
0.194961
0.258716
0.044738
0.100744
0.206415
0.271800
0.056038
0.117062
0.179306
0.240696
0.007667
0.064092
0.190619
0.254119
0.019100
0.081196
0.180009
0.231223
0.000000
0.043028
0.192328
0.245682
0.013528
0.062103
0.216848
0.264028
0.051640
0.090518
0.228371
0.277501
0.064300
0.108279
0.232929
0.300235
0.105271
0.166783
0.244518
0.312494
0.117045
0.181941
0.220093
0.285334
0.073102
0.135360
0.231583
0.297888
0.085084
0.151236
0.204568
0.268165
0.037132
0.100651
0.216007
0.281074
0.049372
0.117324
0.203511
0.258529
0.027212
0.079714
0.215936
0.272424
0.041479
0.098254
0.238688
0.289393
0.076832
0.124531
0.250295
0.302333
0.090156
0.141782

0.138702
0.184188
0.184188
0.108923
0.149046
0.182017
0.182017
0.094646
0.131357
0.165663
0.165663
0.076427
0.140612
0.162276
0.162276
0.060466
0.145511
0.159664
0.159664
0.050233
0.152608
0.154341
0.154341
0.032060
0.156234
0.150565
0.150565
0.020474
0.161244
0.143295
0.143295
0.000000
0.186041
0.173457
0.173457
0.042033
0.190050
0.165830
0.165830
0.021682
0.151548
0.195946
0.195946
0.123244
0.161583
0.193882
0.193882
0.109399
0.141429
0.176173
0.176173
0.090559
0.150560
0.173015
0.173015
0.075122
0.155404
0.170555
0.170555
0.065217
0.162441
0.165509
0.165509
0.047616
0.166051
0.161913
0.161913
0.036387
0.171062
0.154968
0.154968
0.016533
0.193953
0.182322
0.182322
0.054225
0.197933
0.174927
0.174927
0.034326
0.169204
0.219889
0.219889
0.160158
0.179591
0.218800
0.218800
0.148048
0.157145
0.200129
0.200129
0.129307
0.166843
0.198125
0.198125
0.115797
0.172055
0.196389
0.196389
0.107094
0.179748
0.192605
0.192605
0.091574
0.183779
0.189798
0.189798
0.081643
0.189536
0.184226
0.184226
0.064034
0.211142
0.209680
0.209680
0.098802
0.215879
0.203649
0.203649
0.081127

0.272473
0.272590
0.193423
0.105539
0.277334
0.266560
0.190749
0.088702
0.267444
0.254421
0.169572
0.065532
0.271104
0.246871
0.165619
0.046582
0.259605
0.233222
0.142284
0.021209
0.262076
0.224089
0.137006
0.000000
0.271324
0.245840
0.148375
0.033305
0.273758
0.236949
0.143616
0.012811
0.305224
0.282591
0.191653
0.086847
0.307559
0.274479
0.187396
0.068084
0.289637
0.288826
0.202494
0.119906
0.294226
0.282911
0.200239
0.103745
0.283081
0.270137
0.177609
0.079883
0.286584
0.262790
0.174184
0.061704
0.273816
0.248507
0.149339
0.035615
0.276241
0.239665
0.144701
0.015275
0.282064
0.257253
0.150968
0.042020
0.284451
0.248562
0.146782
0.022196
0.315123
0.293192
0.194024
0.095011
0.317422
0.285273
0.190309
0.076883
0.313116
0.319244
0.225099
0.160973
0.318076
0.314455
0.224301
0.147227
0.305973
0.301612
0.200710
0.123660
0.310007
0.295568
0.198944
0.108152
0.296290
0.281268
0.173125
0.082430
0.299409
0.273916
0.170357
0.065036
0.302356
0.288351
0.172447
0.086961
0.305508
0.281182
0.170191
0.070109
0.333692
0.321714
0.213571
0.136176
0.336697
0.315196
0.211637
0.120783

0.223723
0.217245
0.131218
0.051461
0.227483
0.211112
0.128898
0.036148
0.226058
0.215332
0.122832
0.041084
0.229376
0.208781
0.120381
0.025484
0.225891
0.210787
0.111326
0.027024
0.228778
0.203773
0.108722
0.011036
0.238620
0.213374
0.120873
0.024610
0.240404
0.205417
0.117017
0.007450
0.248922
0.213328
0.127300
0.018439
0.249607
0.204376
0.122162
0.000000
0.200604
0.205356
0.111163
0.042662
0.205676
0.200154
0.110136
0.028308
0.204841
0.205935
0.104654
0.035579
0.209508
0.200403
0.103612
0.021116
0.206457
0.203822
0.094921
0.024769
0.210737
0.197922
0.093849
0.010103
0.222321
0.209727
0.108446
0.027042
0.225485
0.202942
0.106151
0.011331
0.235668
0.212974
0.118781
0.025565
0.237727
0.205258
0.115240
0.008708
0.224372
0.235930
0.132796
0.081757
0.229853
0.231773
0.133211
0.069598
0.226816
0.235520
0.124626
0.073816
0.231987
0.231099
0.125120
0.061614
0.226771
0.232598
0.113360
0.062387
0.231654
0.227879
0.113927
0.050061
0.242698
0.238884
0.127989
0.065874
0.246496
0.233314
0.127336
0.052526
0.256230
0.242688
0.139554
0.065850
0.258958
0.236229
0.137667
0.051392

0.063952
0.149647
0.072432
0.067612
0.083446
0.167165
0.086514
0.085805
0.053523
0.131904
0.049119
0.035541
0.072845
0.149835
0.063369
0.054648
0.039437
0.111121
0.022367
0.000000
0.058730
0.129592
0.036890
0.020147
0.045193
0.125379
0.030224
0.022696
0.063490
0.142714
0.043327
0.041097
0.073806
0.152564
0.050548
0.051499
0.089933
0.168094
0.061540
0.067800
0.075585
0.167913
0.083676
0.093322
0.093696
0.184038
0.096054
0.109548
0.062605
0.149644
0.059331
0.062214
0.080628
0.166184
0.071854
0.079262
0.046061
0.128465
0.031639
0.027816
0.064129
0.145535
0.044402
0.045800
0.047265
0.138933
0.035125
0.046137
0.064506
0.155016
0.046590
0.062526
0.074196
0.164132
0.052838
0.071748
0.089289
0.178466
0.062221
0.086127
0.098068
0.192353
0.115137
0.130502
0.115736
0.207733
0.127083
0.145659
0.083642
0.174178
0.091394
0.101270
0.101356
0.190011
0.103544
0.117217
0.065793
0.153248
0.064494
0.068979
0.083683
0.169642
0.076940
0.085823
0.063851
0.160926
0.065771
0.084474
0.081133
0.176510
0.077123
0.099920
0.090869
0.185352
0.083335
0.108617
0.106069
0.199268
0.092713
0.122187

0.172960
0.236413
0.044849
0.076174
0.176414
0.231681
0.040993
0.062970
0.177868
0.228323
0.037912
0.054333
0.179271
0.221854
0.031492
0.038724
0.179503
0.217446
0.026865
0.028616
0.178881
0.209209
0.017851
0.010507
0.200316
0.240785
0.048712
0.060135
0.198836
0.232646
0.038967
0.042573
0.234940
0.271543
0.094796
0.104721
0.233499
0.263991
0.085757
0.088490
0.145623
0.232792
0.020177
0.081720
0.150832
0.229684
0.018055
0.070544
0.153299
0.227293
0.015979
0.063129
0.156326
0.222426
0.011180
0.049568
0.157497
0.218974
0.007494
0.040699
0.158383
0.212329
0.000000
0.024672
0.178547
0.241313
0.028200
0.069702
0.178359
0.234583
0.019701
0.053969
0.215058
0.272147
0.076039
0.113646
0.214800
0.265889
0.068144
0.099099
0.131009
0.235726
0.019399
0.099722
0.139024
0.234806
0.020627
0.091439
0.143152
0.233729
0.020558
0.085781
0.148914
0.231059
0.019104
0.075191
0.151709
0.228931
0.017430
0.068132
0.155277
0.224505
0.013301
0.055174
0.175100
0.251626
0.040324
0.096778
0.177464
0.246990
0.035069
0.083960
0.212066
0.281769
0.087349
0.138699
0.214149
0.277436
0.082436
0.126835

0.150771
0.191021
0.022762
0.032012
0.150101
0.183902
0.015732
0.017001
0.160092
0.207199
0.025718
0.049634
0.159414
0.200480
0.019187
0.035576
0.182298
0.231306
0.048660
0.079562
0.182269
0.225392
0.043600
0.067049
0.202015
0.253215
0.068314
0.106462
0.202647
0.248083
0.064721
0.095447
0.219314
0.273018
0.084733
0.130443
0.220624
0.268650
0.082614
0.120886
0.130970
0.190516
0.005567
0.040189
0.131572
0.184734
0.000000
0.026910
0.139106
0.205156
0.005646
0.054754
0.139626
0.199687
0.000509
0.042322
0.161341
0.228590
0.027594
0.082965
0.162500
0.223882
0.023953
0.072038
0.180972
0.249805
0.046118
0.108148
0.182788
0.245841
0.043979
0.098687
0.198063
0.268888
0.061263
0.130401
0.200559
0.265657
0.060642
0.122374
0.160369
0.221458
0.034806
0.077552
0.161698
0.216612
0.031026
0.066151
0.166490
0.234099
0.032544
0.089540
0.167812
0.229577
0.029277
0.078983
0.185480
0.254773
0.050220
0.113983
0.187464
0.250993
0.048459
0.104883
0.201946
0.273334
0.064525
0.135516
0.204616
0.270286
0.064287
0.127844
0.215936
0.289855
0.075479
0.154216
0.219322
0.287532
0.076791
0.147951

0.215324
0.237944
0.237944
0.148396
0.222671
0.234133
0.234133
0.132766
0.207094
0.219785
0.219785
0.115905
0.213568
0.214789
0.214789
0.098473
0.195768
0.198704
0.198704
0.079895
0.201421
0.192497
0.192497
0.060557
0.181279
0.174570
0.174570
0.040143
0.186158
0.167120
0.167120
0.018780
0.173761
0.163501
0.163501
0.022286
0.178395
0.155544
0.155544
0.000000
0.186801
0.225995
0.225995
0.149898
0.196069
0.223603
0.223603
0.135593
0.179476
0.208826
0.208826
0.118779
0.187867
0.205271
0.205271
0.102731
0.168864
0.188662
0.188662
0.084172
0.176445
0.183932
0.183932
0.066286
0.154905
0.165383
0.165383
0.045863
0.161736
0.159455
0.159455
0.026031
0.148732
0.156696
0.156696
0.032022
0.155402
0.150390
0.150390
0.011477
0.206644
0.252324
0.252324
0.189396
0.216314
0.250910
0.250910
0.176881
0.197617
0.235345
0.235345
0.160355
0.206614
0.232950
0.232950
0.146303
0.185421
0.215541
0.215541
0.128085
0.193814
0.212158
0.212158
0.112414
0.169982
0.192789
0.192789
0.092387
0.177837
0.188405
0.188405
0.075003
0.161428
0.183216
0.183216
0.078926
0.169293
0.178585
0.178585
0.060957

0.030799
0.131792
0.027657
0.041948
0.050032
0.149702
0.039571
0.060171
0.040844
0.126395
0.012502
0.014350
0.058605
0.144038
0.023587
0.033060
0.064157
0.127585
0.023449
0.000000
0.081574
0.145653
0.035522
0.020316
0.107163
0.164949
0.069736
0.047591
0.123178
0.181584
0.080889
0.066325
0.146628
0.199294
0.112238
0.091355
0.161357
0.214611
0.122543
0.108631
0.028237
0.145445
0.028973
0.065819
0.046819
0.162223
0.039044
0.081827
0.039173
0.141520
0.014133
0.040190
0.056103
0.157878
0.023156
0.056469
0.065312
0.145395
0.028923
0.029993
0.081833
0.162088
0.038909
0.047768
0.108745
0.181643
0.075150
0.075422
0.123914
0.197000
0.084375
0.091812
0.148558
0.214935
0.117565
0.117177
0.162488
0.229064
0.126089
0.132291
0.041153
0.166675
0.062540
0.105965
0.060585
0.183238
0.073107
0.121200
0.055216
0.165382
0.051489
0.084103
0.072911
0.181436
0.060984
0.099516
0.082451
0.170832
0.066697
0.075902
0.099547
0.187065
0.076934
0.092595
0.124936
0.205295
0.110082
0.117779
0.140603
0.220211
0.119516
0.133161
0.163838
0.236923
0.149867
0.156256
0.178200
0.250631
0.158563
0.170431

0.064953
0.135721
0.026969
0.040079
0.066508
0.130789
0.016469
0.024537
0.086201
0.158312
0.057910
0.073272
0.088508
0.154225
0.048683
0.059091
0.104521
0.178477
0.085786
0.103675
0.107594
0.175221
0.077784
0.090790
0.120007
0.196312
0.110738
0.131432
0.123862
0.193876
0.103920
0.119784
0.157061
0.227321
0.148318
0.166451
0.160635
0.225012
0.141963
0.155553
0.037375
0.129937
0.009764
0.046828
0.040235
0.126326
0.000000
0.032492
0.058848
0.151934
0.040988
0.079087
0.062460
0.149137
0.032511
0.066074
0.077227
0.171446
0.069019
0.108547
0.081610
0.169454
0.061783
0.096795
0.092605
0.188565
0.094004
0.135347
0.097782
0.187374
0.087970
0.124804
0.131708
0.220267
0.132966
0.170327
0.136519
0.219122
0.127351
0.160467
0.063729
0.157041
0.048289
0.086709
0.067532
0.154446
0.040126
0.074016
0.081349
0.175947
0.075545
0.115491
0.085929
0.174155
0.068613
0.104046
0.095990
0.192481
0.099789
0.141646
0.101370
0.191489
0.094051
0.131398
0.107725
0.206721
0.121147
0.165301
0.113933
0.206529
0.116573
0.156201
0.145804
0.237239
0.158236
0.198298
0.151573
0.237025
0.153976
0.189784

0.163366
0.178604
0.178604
0.075763
0.182889
0.193878
0.193878
0.090542
0.153580
0.157778
0.157778
0.039719
0.173076
0.173328
0.173328
0.055089
0.140564
0.133884
0.133884
0.000000
0.160161
0.149804
0.149804
0.016047
0.147774
0.144221
0.144221
0.015966
0.166528
0.158906
0.158906
0.030071
0.177196
0.167145
0.167145
0.037832
0.194033
0.179945
0.179945
0.049616
0.136664
0.169686
0.169686
0.081192
0.157114
0.184697
0.184697
0.094506
0.128084
0.150027
0.150027
0.046584
0.148401
0.165189
0.165189
0.060312
0.116082
0.127222
0.127222
0.008310
0.136400
0.142629
0.142629
0.022531
0.122033
0.135253
0.135253
0.020446
0.141511
0.149448
0.149448
0.032770
0.152579
0.157377
0.157377
0.039460
0.170027
0.169634
0.169634
0.049451
0.158646
0.198174
0.198174
0.123656
0.178427
0.212585
0.212585
0.136275
0.148418
0.178811
0.178811
0.091282
0.168195
0.193434
0.193434
0.104326
0.134919
0.156490
0.156490
0.055514
0.154823
0.171414
0.171414
0.069057
0.137611
0.162164
0.162164
0.065619
0.156882
0.176068
0.176068
0.077489
0.167847
0.183854
0.183854
0.083957
0.185159
0.195926
0.195926
0.093665

