0.068979
0.132368
0.047952
0.033907
0.086003
0.149209
0.060742
0.051966
0.055034
0.112588
0.021597
0.000000
0.072033
0.129914
0.034556
0.018953
0.061336
0.127306
0.029228
0.022023
0.077349
0.143528
0.040744
0.039292
0.064426
0.139263
0.033546
0.040751
0.079550
0.154476
0.043686
0.056434
0.080648
0.158742
0.060664
0.072614
0.095761
0.173526
0.070741
0.087584
0.042147
0.128600
0.035887
0.046576
0.059681
0.145169
0.048007
0.063299
0.029000
0.110267
0.010332
0.014693
0.046407
0.127215
0.022485
0.032156
0.033853
0.123100
0.015383
0.033560
0.050271
0.138987
0.026100
0.049414
0.035319
0.133135
0.017028
0.049186
0.050849
0.148054
0.026375
0.063522
0.051340
0.151648
0.043931
0.079589
0.066938
0.166226
0.053339
0.093350
0.067963
0.155975
0.071558
0.086934
0.085089
0.171782
0.083314
0.102614
0.053838
0.137948
0.046956
0.057068
0.070951
0.154163
0.058806
0.073461
0.055963
0.148233
0.050155
0.073401
0.072285
0.163548
0.060764
0.088370
0.054829
0.155861
0.050144
0.086717
0.070459
0.170367
0.059577
0.100346
0.066757
0.171092
0.073014
0.113413
0.082576
0.185364
0.082579
0.126565

0.293815
0.290301
0.207893
0.141069
0.297695
0.284720
0.206934
0.127094
0.287070
0.273880
0.183498
0.105527
0.290141
0.267101
0.181788
0.089950
0.277807
0.254839
0.155712
0.066164
0.280086
0.246817
0.153250
0.048890
0.265934
0.233037
0.124320
0.022707
0.267437
0.223721
0.121101
0.003630
0.277865
0.234632
0.135505
0.020339
0.278225
0.224371
0.130804
0.000000
0.273454
0.282014
0.189521
0.136748
0.278723
0.277468
0.190163
0.124001
0.267378
0.266380
0.164938
0.101632
0.271848
0.260651
0.164898
0.087338
0.258653
0.248067
0.136810
0.062634
0.262351
0.241115
0.136098
0.046705
0.247185
0.226935
0.104913
0.019479
0.250134
0.218715
0.103537
0.001819
0.262530
0.232184
0.120927
0.022613
0.264320
0.223094
0.118077
0.003834
0.294988
0.310770
0.206958
0.172628
0.300777
0.307239
0.209250
0.162063
0.288047
0.295827
0.181971
0.139326
0.293196
0.291272
0.183802
0.127449
0.278543
0.278367
0.153495
0.102356
0.283086
0.272758
0.154890
0.089095
0.266379
0.258256
0.121302
0.061451
0.270347
0.251557
0.122284
0.046730
0.282246
0.264062
0.139190
0.066089
0.285049
0.256506
0.138638
0.050237

0.069175
0.175735
0.096164
0.114069
0.089133
0.192717
0.108629
0.130641
0.055096
0.158878
0.071959
0.084438
0.075237
0.176397
0.084545
0.101864
0.068164
0.155534
0.060588
0.060117
0.086744
0.172706
0.072372
0.077977
0.077177
0.148988
0.045276
0.032032
0.094347
0.165944
0.056346
0.050452
0.082234
0.139219
0.025929
0.000000
0.098132
0.156084
0.036365
0.019106
0.072122
0.189643
0.100783
0.135851
0.091270
0.205536
0.111633
0.150528
0.054601
0.171806
0.074741
0.106776
0.074048
0.188253
0.085679
0.122207
0.068344
0.169768
0.063740
0.084329
0.086089
0.185741
0.073696
0.100008
0.077963
0.164588
0.048769
0.058257
0.094154
0.180212
0.057820
0.074294
0.083565
0.156254
0.029740
0.028389
0.098338
0.171648
0.037954
0.044897
0.085615
0.208612
0.129041
0.169470
0.105163
0.224164
0.140076
0.183378
0.065933
0.190455
0.103536
0.142171
0.085992
0.206635
0.114782
0.156829
0.082283
0.190726
0.095781
0.123082
0.100572
0.206354
0.106020
0.137899
0.094544
0.187967
0.084254
0.100622
0.111220
0.203166
0.093568
0.115704
0.102850
0.182185
0.068896
0.074645
0.118054
0.197075
0.077356
0.090101

0.190802
0.262755
0.087457
0.113001
0.193579
0.258159
0.082272
0.098111
0.182300
0.247052
0.058778
0.075982
0.183867
0.241047
0.052160
0.059009
0.186701
0.238711
0.050638
0.050423
0.187746
0.231679
0.043593
0.031902
0.188180
0.227371
0.038533
0.020251
0.188687
0.219228
0.030981
0.000000
0.223966
0.262514
0.086747
0.073606
0.224571
0.255212
0.079977
0.055273
0.200106
0.279988
0.088322
0.134345
0.202639
0.275945
0.083659
0.121080
0.190032
0.264445
0.058591
0.098777
0.191468
0.259136
0.052637
0.083652
0.194380
0.257365
0.051690
0.076368
0.195474
0.251223
0.045559
0.060001
0.195898
0.247474
0.040921
0.049646
0.196636
0.240425
0.034544
0.031875
0.230838
0.280676
0.088421
0.099974
0.231638
0.274357
0.082709
0.083886
0.225248
0.306235
0.114662
0.169877
0.228426
0.303238
0.111810
0.158927
0.214921
0.291575
0.085779
0.136754
0.217166
0.287482
0.081863
0.124205
0.217747
0.284660
0.077723
0.115682
0.219759
0.279872
0.073772
0.102108
0.217904
0.275151
0.066004
0.090638
0.219676
0.269607
0.061967
0.075904
0.251085
0.305976
0.111345
0.137289
0.252832
0.301029
0.107781
0.123975

0.153986
0.157910
0.039508
0.173233
0.174318
0.057356
0.142230
0.135103
0.000000
0.161687
0.152040
0.018866
0.150904
0.148131
0.021136
0.169532
0.163787
0.037966
0.156498
0.158038
0.038372
0.174412
0.172516
0.053284
0.194851
0.196339
0.085579
0.211402
0.209676
0.099271
0.165995
0.173956
0.064143
0.184185
0.188825
0.079609
0.152590
0.150897
0.025805
0.171028
0.166249
0.042145
0.157420
0.160036
0.042087
0.175173
0.174235
0.056537
0.159218
0.166147
0.054630
0.176397
0.179288
0.067296
0.197312
0.203718
0.100406
0.213180
0.215816
0.112016
0.184709
0.202791
0.109775
0.202512
0.217033
0.124192
0.170323
0.180488
0.074128
0.188453
0.195227
0.089367
0.172226
0.187167
0.087770
0.189846
0.200928
0.101337
0.171177
0.190973
0.097943
0.188398
0.203849
0.109935
0.208437
0.226748
0.140547
0.224347
0.238605
0.151543

0.246890
0.223087
0.120680
0.019817
0.249284
0.214677
0.117132
0.001211
0.272636
0.244377
0.149638
0.044831
0.274396
0.235728
0.145487
0.026057
0.305711
0.280167
0.192522
0.096093
0.307407
0.272219
0.188736
0.078781
0.336407
0.313329
0.232247
0.143520
0.338039
0.306025
0.228794
0.127555
0.364898
0.344057
0.269048
0.187401
0.366465
0.337345
0.265897
0.172677
0.227640
0.216671
0.103799
0.017342
0.231482
0.209381
0.101869
0.000000
0.253736
0.236677
0.132258
0.039538
0.256786
0.228972
0.129511
0.021765
0.288219
0.273174
0.176574
0.091507
0.291121
0.266115
0.174101
0.075142
0.320217
0.306978
0.217611
0.139562
0.322977
0.300510
0.215387
0.124493
0.349911
0.338290
0.255615
0.184001
0.352533
0.332364
0.253615
0.170125
0.250750
0.250039
0.125633
0.061569
0.255366
0.244136
0.125638
0.046946
0.276330
0.269504
0.154414
0.083761
0.280151
0.263184
0.153559
0.068686
0.309242
0.303592
0.197121
0.132392
0.312850
0.297808
0.196392
0.118514
0.339780
0.335167
0.236669
0.177364
0.343186
0.329873
0.236051
0.164588
0.368117
0.364416
0.273293
0.218956
0.371330
0.359570
0.272774
0.207194

0.217500
0.283033
0.124904
0.152314
0.231949
0.297313
0.137932
0.169495
0.210724
0.269214
0.098312
0.120606
0.224736
0.283718
0.111379
0.138597
0.200973
0.252844
0.068119
0.085462
0.214634
0.267663
0.081292
0.104368
0.188202
0.233830
0.034143
0.046666
0.201592
0.249053
0.047487
0.066595
0.187296
0.221878
0.018948
0.018930
0.199877
0.237193
0.031589
0.039381
0.191374
0.278040
0.103785
0.156961
0.206267
0.292082
0.116339
0.173043
0.185828
0.265801
0.077447
0.126822
0.200138
0.279941
0.089884
0.143556
0.177133
0.250982
0.047366
0.093285
0.190946
0.265305
0.059747
0.110764
0.165253
0.233499
0.013362
0.056142
0.178650
0.248094
0.025747
0.074466
0.166392
0.223933
0.000000
0.031430
0.178780
0.238446
0.011424
0.050031
0.220284
0.304044
0.131516
0.188216
0.234475
0.317223
0.144037
0.203531
0.213960
0.292112
0.105809
0.159706
0.227684
0.305418
0.118313
0.175667
0.204714
0.277795
0.076598
0.128040
0.218053
0.291311
0.089145
0.144738
0.192505
0.261017
0.043710
0.093028
0.205537
0.274821
0.056361
0.110555
0.194967
0.253296
0.033893
0.072147
0.207035
0.266993
0.045595
0.089872

0.150374
0.221879
0.034597
0.087043
0.162547
0.234585
0.045013
0.101348
0.156086
0.216849
0.032383
0.072510
0.168704
0.230178
0.044074
0.088136
0.159144
0.209579
0.026906
0.055049
0.172265
0.223591
0.039916
0.072062
0.159589
0.200051
0.018171
0.034599
0.173273
0.214810
0.032551
0.053072
0.172426
0.198052
0.029020
0.026061
0.186116
0.213220
0.043882
0.045454
0.124127
0.214999
0.009408
0.085870
0.136452
0.227424
0.019249
0.099240
0.132163
0.212063
0.009673
0.073862
0.144910
0.225067
0.020809
0.088524
0.137402
0.206843
0.006531
0.058909
0.150628
0.220485
0.019004
0.074923
0.139894
0.199332
0.000000
0.040961
0.153660
0.213675
0.013858
0.058395
0.155979
0.200194
0.014951
0.036254
0.169672
0.214861
0.029219
0.054509
0.154112
0.242093
0.040326
0.117926
0.166128
0.253960
0.050503
0.130950
0.160087
0.238482
0.038517
0.105560
0.172538
0.250913
0.049951
0.119814
0.163429
0.232729
0.033474
0.090418
0.176371
0.245781
0.046209
0.105963
0.164177
0.224825
0.025203
0.072450
0.177669
0.238557
0.039289
0.089352
0.180096
0.226372
0.040758
0.069325
0.193467
0.240366
0.055131
0.086923

0.066428
0.156741
0.046595
0.056992
0.070858
0.152572
0.036610
0.039334
0.064775
0.144768
0.043326
0.036083
0.069087
0.139913
0.033115
0.017226
0.086539
0.145690
0.052265
0.020684
0.089382
0.139290
0.040932
0.000000
0.126985
0.181767
0.095725
0.067294
0.129621
0.175920
0.085335
0.048336
0.164164
0.214896
0.135653
0.110070
0.166608
0.209554
0.126128
0.092694
0.032121
0.148820
0.026735
0.066684
0.038323
0.146402
0.017871
0.050895
0.032352
0.139108
0.026671
0.049650
0.038539
0.136129
0.017755
0.032877
0.058763
0.144037
0.040485
0.039296
0.063445
0.139561
0.030542
0.020873
0.101375
0.180159
0.084791
0.084269
0.105701
0.176078
0.075675
0.067383
0.140551
0.213338
0.125506
0.125550
0.144547
0.209616
0.117147
0.110072
0.015121
0.149973
0.039826
0.093862
0.024394
0.150009
0.034046
0.080992
0.015377
0.141294
0.039852
0.078638
0.024638
0.140828
0.034030
0.064889
0.045005
0.149245
0.055819
0.071481
0.052621
0.147261
0.048903
0.056148
0.088685
0.184884
0.098841
0.113763
0.095708
0.183091
0.092506
0.099714
0.128846
0.217623
0.138380
0.152578
0.135322
0.216004
0.132577
0.139705

0.199743
0.204094
0.092722
0.205287
0.198342
0.074514
0.188476
0.182825
0.056131
0.193181
0.175831
0.035966
0.184354
0.174616
0.041069
0.188735
0.167087
0.019997
0.177103
0.163304
0.022110
0.181199
0.155199
0.000000
0.189044
0.186218
0.061672
0.194071
0.179466
0.041687
0.173187
0.193484
0.095587
0.180560
0.189123
0.078746
0.162622
0.173140
0.060434
0.169168
0.167573
0.041709
0.159999
0.167327
0.049258
0.166291
0.161343
0.029820
0.154082
0.158370
0.034261
0.160173
0.151939
0.013992
0.165014
0.179960
0.071774
0.172020
0.174829
0.053528
0.154668
0.198738
0.125196
0.164566
0.196687
0.111058
0.145682
0.180662
0.093560
0.154802
0.177501
0.077704
0.143532
0.175621
0.083699
0.152421
0.172084
0.067204
0.137958
0.167471
0.070223
0.146685
0.163544
0.052990
0.147131
0.186610
0.103959
0.156726
0.183884
0.088571

0.196474
0.261305
0.072565
0.108174
0.198730
0.256796
0.067895
0.094701
0.184859
0.244697
0.040090
0.071179
0.186070
0.238952
0.034166
0.055916
0.186247
0.234980
0.029836
0.045958
0.185621
0.227467
0.021308
0.027992
0.201496
0.232533
0.043304
0.033177
0.199879
0.223702
0.033542
0.013230
0.236008
0.265932
0.091385
0.083705
0.234644
0.257933
0.082529
0.065512
0.170795
0.256526
0.047748
0.112767
0.174318
0.253474
0.044512
0.101337
0.159632
0.241314
0.014983
0.077507
0.162115
0.237089
0.010553
0.064429
0.163033
0.234034
0.007100
0.055805
0.163607
0.228063
0.000000
0.040103
0.181978
0.235145
0.025817
0.048467
0.181594
0.227949
0.017584
0.030971
0.217758
0.268066
0.074978
0.097427
0.217531
0.261567
0.067527
0.081480
0.195087
0.282138
0.072132
0.145838
0.199428
0.280138
0.071013
0.136698
0.183546
0.267605
0.039954
0.112575
0.187028
0.264599
0.037896
0.102039
0.188574
0.262312
0.035901
0.094994
0.190246
0.257681
0.031297
0.082014
0.207511
0.264525
0.055672
0.090276
0.208239
0.258746
0.049921
0.075613
0.241349
0.295089
0.102431
0.135755
0.242136
0.289883
0.097256
0.122401

0.055998
0.138913
0.052321
0.046349
0.062157
0.135353
0.043993
0.029709
0.065142
0.132630
0.038283
0.019020
0.068946
0.127105
0.027563
0.000000
0.092942
0.160289
0.057494
0.049247
0.095587
0.154688
0.046232
0.030898
0.117187
0.184988
0.072988
0.075829
0.118702
0.179280
0.061112
0.058033
0.155165
0.216908
0.114114
0.116052
0.156510
0.211614
0.103158
0.099635
0.022610
0.132693
0.036302
0.058821
0.030881
0.131038
0.029339
0.044098
0.035086
0.129447
0.024424
0.034572
0.040850
0.125795
0.014989
0.017517
0.063829
0.156540
0.042112
0.062074
0.068183
0.152609
0.031880
0.045447
0.088785
0.180623
0.055949
0.085995
0.091772
0.176395
0.044855
0.069688
0.129184
0.213009
0.098582
0.125538
0.131882
0.209076
0.088347
0.110496
0.001227
0.132260
0.045668
0.084071
0.012736
0.133101
0.041741
0.072134
0.018854
0.133006
0.038660
0.064313
0.027763
0.131850
0.032308
0.050158
0.050665
0.160880
0.058085
0.091171
0.057997
0.159295
0.050840
0.077303
0.078575
0.185757
0.073756
0.114633
0.084392
0.183742
0.065574
0.100964
0.119900
0.217821
0.115026
0.151967
0.125195
0.215923
0.107467
0.139350

0.057460
0.167016
0.080890
0.100917
0.066368
0.166019
0.075318
0.087088
0.070991
0.164837
0.071276
0.078107
0.077511
0.161892
0.063361
0.061969
0.080719
0.159536
0.057897
0.051570
0.084902
0.154622
0.047585
0.033008
0.086719
0.151076
0.040664
0.021116
0.088599
0.144161
0.027884
0.000000
0.128276
0.187416
0.085777
0.067926
0.129985
0.181053
0.074016
0.048516
0.059386
0.180064
0.084546
0.122658
0.068468
0.179756
0.079164
0.109971
0.073195
0.179003
0.075238
0.101705
0.079885
0.176800
0.067524
0.086810
0.083194
0.174907
0.062185
0.077189
0.087546
0.170797
0.052088
0.059981
0.089464
0.167754
0.045301
0.048937
0.091513
0.161709
0.032752
0.029296
0.130891
0.202790
0.090068
0.093500
0.132748
0.197224
0.078515
0.075442
0.073496
0.199287
0.113161
0.157368
0.083837
0.200248
0.109547
0.146658
0.089333
0.200281
0.106719
0.139623
0.097334
0.199430
0.100899
0.126865
0.101447
0.198376
0.096738
0.118577
0.107172
0.195712
0.088675
0.103681
0.109935
0.193566
0.083154
0.094081
0.113431
0.189072
0.072795
0.076944
0.149837
0.226584
0.124946
0.135031
0.153017
0.222439
0.115402
0.119273

0.251646
0.228035
0.153102
0.056843
0.253661
0.220297
0.148882
0.040302
0.242849
0.208031
0.127104
0.018179
0.243840
0.199010
0.121883
0.000000
0.253826
0.219850
0.132450
0.029093
0.254801
0.211035
0.127739
0.011545
0.272510
0.245406
0.151014
0.062541
0.273975
0.237542
0.147583
0.046791
0.288787
0.268511
0.166569
0.092617
0.290761
0.261566
0.164411
0.078592
0.233633
0.222965
0.140466
0.057911
0.237113
0.216364
0.137739
0.042643
0.225991
0.204050
0.114952
0.020114
0.228430
0.196172
0.111258
0.003252
0.236149
0.214049
0.117825
0.027459
0.238480
0.206262
0.114556
0.011083
0.254895
0.239333
0.135411
0.059859
0.257681
0.232464
0.133422
0.045266
0.271111
0.262108
0.149874
0.088844
0.274380
0.256131
0.149167
0.075966
0.223538
0.233128
0.142299
0.084473
0.229113
0.228550
0.141987
0.071846
0.217950
0.216665
0.118571
0.049642
0.222502
0.210878
0.117390
0.035568
0.228390
0.226539
0.120599
0.056042
0.232789
0.220805
0.119839
0.042436
0.246346
0.250140
0.135726
0.085067
0.251120
0.245222
0.136180
0.073118
0.261702
0.271273
0.147707
0.110789
0.266890
0.267153
0.149389
0.100445

0.311498
0.293099
0.203611
0.098692
0.326411
0.306783
0.221986
0.118207
0.302077
0.271632
0.174096
0.051998
0.317247
0.285913
0.193488
0.072995
0.289893
0.246863
0.140553
0.000000
0.305425
0.261855
0.161116
0.022666
0.314219
0.270206
0.172670
0.035220
0.328025
0.283085
0.190660
0.054451
0.345899
0.307119
0.217631
0.093369
0.358612
0.318889
0.234092
0.110847
0.292634
0.289120
0.189460
0.105447
0.307738
0.301857
0.207420
0.122779
0.284112
0.269167
0.160542
0.060880
0.299385
0.282338
0.179406
0.079433
0.272764
0.245967
0.127572
0.011175
0.288308
0.259676
0.147485
0.031115
0.297097
0.267269
0.158644
0.042065
0.310877
0.278898
0.175967
0.058668
0.329822
0.304032
0.204373
0.099126
0.342526
0.314673
0.220236
0.114215
0.313700
0.320636
0.209647
0.149983
0.328377
0.332657
0.227485
0.166410
0.304702
0.302055
0.181083
0.108646
0.319602
0.314498
0.199866
0.126233
0.293001
0.280472
0.148618
0.062562
0.308224
0.293435
0.168492
0.081464
0.316844
0.300629
0.179657
0.091868
0.330379
0.311671
0.197038
0.107689
0.348102
0.334656
0.223667
0.144660
0.360578
0.344763
0.239591
0.159050

0.121018
0.190686
0.095977
0.081862
0.136392
0.207549
0.107531
0.102048
0.107058
0.170785
0.067438
0.043259
0.122485
0.188372
0.079231
0.064864
0.089724
0.147602
0.034831
0.000000
0.105298
0.166043
0.046949
0.023206
0.109256
0.172946
0.069600
0.045114
0.124701
0.190510
0.081370
0.066682
0.125397
0.195002
0.100293
0.085570
0.140808
0.211820
0.111801
0.105683
0.127051
0.208806
0.103180
0.111730
0.141120
0.224083
0.112535
0.129167
0.111243
0.189111
0.073852
0.075115
0.125346
0.205025
0.083303
0.093746
0.092088
0.166291
0.040520
0.034134
0.106309
0.182957
0.050135
0.054116
0.109200
0.188597
0.073337
0.075280
0.123512
0.204607
0.082886
0.093951
0.122924
0.207756
0.102130
0.112050
0.137414
0.223228
0.111680
0.129566
0.148240
0.234010
0.139301
0.155441
0.162264
0.248526
0.148507
0.171485
0.132186
0.215297
0.111951
0.122137
0.146330
0.230433
0.121293
0.139272
0.112944
0.193675
0.080903
0.084870
0.127292
0.209540
0.090446
0.103237
0.125839
0.212074
0.108727
0.120596
0.140388
0.227429
0.118289
0.137847
0.135482
0.227528
0.132819
0.152339
0.150318
0.242485
0.142466
0.168616

0.262167
0.256600
0.166171
0.097936
0.266023
0.250626
0.165291
0.083588
0.254152
0.238878
0.139657
0.060571
0.257197
0.231701
0.138070
0.044635
0.243492
0.218460
0.109592
0.019283
0.245752
0.210038
0.107304
0.001667
0.268938
0.238860
0.139639
0.043311
0.270490
0.230144
0.136513
0.025325
0.291783
0.256504
0.166075
0.063219
0.292643
0.247440
0.162106
0.044752
0.243200
0.250529
0.148980
0.094972
0.248564
0.245621
0.149793
0.081763
0.235885
0.233553
0.122130
0.057722
0.240445
0.227443
0.122298
0.042950
0.225773
0.213791
0.091536
0.016423
0.229563
0.206442
0.091075
0.000000
0.251790
0.233041
0.121619
0.037944
0.254701
0.225218
0.120073
0.020874
0.275055
0.249436
0.147887
0.055193
0.277108
0.241087
0.145259
0.037367
0.265223
0.280192
0.166155
0.131636
0.271149
0.276344
0.168731
0.120712
0.256933
0.263883
0.138758
0.096190
0.262225
0.258999
0.140924
0.083951
0.245931
0.244952
0.107662
0.056910
0.250629
0.239005
0.109450
0.043287
0.271719
0.263865
0.138740
0.078930
0.275518
0.257442
0.139367
0.064641
0.294839
0.280097
0.166059
0.096919
0.297769
0.273158
0.165546
0.081876

0.306397
0.286057
0.203859
0.095183
0.321785
0.298869
0.221044
0.111780
0.298198
0.264782
0.175071
0.050017
0.313569
0.277925
0.192987
0.067639
0.287025
0.240270
0.142360
0.000000
0.302492
0.253843
0.161141
0.018780
0.306320
0.269774
0.162916
0.043152
0.321306
0.282680
0.181505
0.061155
0.338985
0.305506
0.207596
0.097692
0.352734
0.317339
0.224638
0.114188
0.286291
0.281264
0.189570
0.099050
0.302117
0.293298
0.206482
0.113710
0.279347
0.261385
0.161311
0.055332
0.295040
0.273588
0.178838
0.070788
0.269296
0.238251
0.129030
0.006809
0.284970
0.250715
0.147304
0.023180
0.288297
0.266889
0.147686
0.047635
0.303566
0.278830
0.165968
0.063519
0.322422
0.302828
0.193607
0.101770
0.336431
0.313777
0.210366
0.116322
0.273196
0.291637
0.189350
0.129945
0.290283
0.304125
0.207279
0.144697
0.268459
0.274692
0.163057
0.090178
0.285352
0.287286
0.181589
0.105672
0.260537
0.254592
0.132754
0.045864
0.277361
0.267387
0.152029
0.062219
0.278320
0.280759
0.147785
0.081549
0.294747
0.293065
0.167164
0.097523
0.313254
0.315547
0.193708
0.132893
0.328327
0.326831
0.211474
0.147530

0.142396
0.227218
0.132744
0.132328
0.147613
0.223688
0.123980
0.114724
0.130987
0.208663
0.105676
0.095399
0.134841
0.203678
0.094983
0.075354
0.115995
0.186851
0.074583
0.053918
0.118496
0.180338
0.061849
0.031220
0.114470
0.171595
0.068607
0.024639
0.116563
0.164020
0.055326
0.000000
0.154293
0.208485
0.114011
0.076525
0.156364
0.201761
0.102053
0.054301
0.109781
0.220139
0.114906
0.144632
0.116761
0.218431
0.107367
0.129246
0.099404
0.203372
0.088655
0.110565
0.104974
0.200271
0.079198
0.092908
0.085244
0.183371
0.058316
0.072171
0.089429
0.178823
0.046839
0.052057
0.086318
0.171109
0.056392
0.048193
0.090185
0.165663
0.044590
0.026469
0.128181
0.207621
0.102388
0.097436
0.131870
0.202830
0.091766
0.077846
0.091422
0.219937
0.125463
0.170758
0.101341
0.220638
0.120929
0.158450
0.083817
0.205803
0.102816
0.140877
0.092356
0.205211
0.096517
0.126532
0.072344
0.188511
0.076242
0.106995
0.079552
0.186593
0.068103
0.090458
0.074096
0.177922
0.074934
0.085949
0.080957
0.175186
0.066492
0.067993
0.116697
0.213487
0.119013
0.131447
0.123125
0.211165
0.111457
0.115278

0.077461
0.149357
0.071492
0.053793
0.082586
0.145308
0.063829
0.036989
0.067031
0.130812
0.047086
0.018855
0.070902
0.125391
0.037780
0.000000
0.075588
0.146932
0.056904
0.043784
0.079429
0.142129
0.047923
0.026179
0.080878
0.160110
0.063306
0.065036
0.084710
0.155887
0.054591
0.048559
0.082966
0.170458
0.066368
0.082780
0.086810
0.166781
0.057862
0.067317
0.089601
0.169107
0.083848
0.082838
0.094545
0.165673
0.076458
0.067396
0.077214
0.150497
0.058821
0.049435
0.081051
0.145842
0.049913
0.032123
0.081698
0.162958
0.064382
0.069795
0.085531
0.158875
0.055724
0.053581
0.082994
0.172615
0.066619
0.086685
0.086844
0.169070
0.058156
0.071459
0.081147
0.179557
0.065583
0.100247
0.085035
0.176521
0.057259
0.085904
0.113257
0.194967
0.117101
0.123046
0.118832
0.192591
0.111113
0.109567
0.100064
0.176907
0.093180
0.092082
0.104723
0.173483
0.085872
0.076949
0.101907
0.186725
0.096697
0.109464
0.106650
0.183873
0.089667
0.095353
0.100715
0.193913
0.097109
0.123649
0.105567
0.191605
0.090309
0.110464
0.096512
0.198542
0.094451
0.134761
0.101500
0.196758
0.087838
0.122409

0.090940
0.171888
0.078543
0.089361
0.106970
0.187533
0.089277
0.105390
0.077396
0.153672
0.052346
0.057432
0.093287
0.169712
0.063054
0.074213
0.060548
0.132649
0.022658
0.022093
0.076393
0.149178
0.033400
0.039726
0.057167
0.118795
0.017468
0.000000
0.073946
0.136443
0.029784
0.019473
0.098931
0.155791
0.062445
0.046014
0.114476
0.172133
0.073876
0.064054
0.060499
0.164580
0.061153
0.097148
0.077042
0.180016
0.071147
0.111872
0.047495
0.147590
0.035320
0.066917
0.063789
0.163312
0.045134
0.082232
0.030998
0.127750
0.005880
0.033326
0.047138
0.143851
0.015568
0.049320
0.029602
0.116135
0.003865
0.014861
0.046666
0.133298
0.015121
0.032611
0.073468
0.153356
0.049930
0.059809
0.089280
0.169251
0.060383
0.076256
0.084731
0.189189
0.095844
0.134551
0.101019
0.203994
0.105737
0.148428
0.070751
0.172410
0.071083
0.106291
0.086918
0.187539
0.080880
0.120746
0.053438
0.152941
0.042950
0.074920
0.069577
0.168484
0.052706
0.090037
0.049559
0.140771
0.039444
0.057117
0.066653
0.157350
0.050692
0.073870
0.091821
0.176083
0.082738
0.098841
0.107661
0.191439
0.093182
0.114365

0.190503
0.215402
0.113260
0.198655
0.211081
0.095298
0.181560
0.194491
0.075370
0.188624
0.188770
0.055254
0.169212
0.170275
0.033331
0.175239
0.163113
0.010916
0.188373
0.174820
0.023932
0.192789
0.166300
0.000000
0.226473
0.214126
0.075538
0.230543
0.206306
0.053550
0.159367
0.202542
0.115496
0.169636
0.199793
0.099052
0.151682
0.182824
0.079221
0.160833
0.178695
0.060693
0.140386
0.159733
0.038850
0.148487
0.154195
0.018108
0.163888
0.168601
0.034984
0.170323
0.161769
0.012923
0.203889
0.208298
0.085527
0.209813
0.202024
0.065252
0.180469
0.230114
0.158516
0.191029
0.228467
0.144230
0.170993
0.210763
0.124854
0.180664
0.207946
0.108737
0.158092
0.188265
0.087434
0.166943
0.184258
0.069373
0.181772
0.197894
0.085086
0.189015
0.192657
0.065801
0.220077
0.235079
0.131499
0.226757
0.230279
0.113780

0.106193
0.192113
0.113678
0.124807
0.123225
0.207563
0.125328
0.140303
0.096153
0.176011
0.091407
0.095981
0.112913
0.191758
0.103055
0.112179
0.082850
0.157219
0.065961
0.064059
0.099452
0.173365
0.077684
0.081059
0.066244
0.135650
0.037214
0.028866
0.082799
0.152295
0.049089
0.046773
0.070311
0.126537
0.020359
0.000000
0.085871
0.143113
0.031790
0.018491
0.074811
0.183670
0.097449
0.131711
0.092677
0.199111
0.108712
0.146165
0.065829
0.168937
0.075935
0.104613
0.083298
0.184565
0.087056
0.119624
0.053376
0.151457
0.051140
0.074462
0.070569
0.167373
0.062195
0.090122
0.037422
0.131152
0.022945
0.041096
0.054453
0.147457
0.034007
0.057502
0.044209
0.124708
0.007990
0.015042
0.060037
0.140769
0.018395
0.031826
0.099371
0.206992
0.128558
0.165364
0.116646
0.221697
0.139462
0.178931
0.088926
0.192165
0.107561
0.139828
0.105942
0.207103
0.118400
0.153940
0.075195
0.174755
0.083497
0.111462
0.092068
0.190024
0.094343
0.126207
0.058138
0.154686
0.056250
0.080113
0.074978
0.170379
0.067173
0.095582
0.066461
0.150219
0.044041
0.057328
0.082114
0.165630
0.054307
0.073100

0.010957
0.115462
0.000000
0.032051
0.029486
0.132695
0.010324
0.048115
0.012505
0.105496
0.000288
0.015226
0.031774
0.123626
0.012121
0.032892
0.036734
0.108417
0.012551
0.004426
0.055532
0.126752
0.025149
0.023304
0.080649
0.145321
0.057968
0.048501
0.098042
0.162314
0.069734
0.066077
0.121081
0.179400
0.099805
0.089253
0.137174
0.195150
0.110791
0.105617
0.015740
0.130311
0.000616
0.051761
0.032771
0.146162
0.008706
0.065711
0.016174
0.120559
0.002381
0.037179
0.034121
0.137369
0.012119
0.052746
0.042156
0.125483
0.017800
0.029742
0.059657
0.142467
0.028340
0.046470
0.085787
0.161241
0.063120
0.072187
0.101990
0.176986
0.072994
0.087777
0.125947
0.194249
0.104842
0.111410
0.140947
0.208847
0.114089
0.125938
0.038809
0.154187
0.038725
0.090666
0.055970
0.169622
0.047250
0.104075
0.036016
0.143384
0.038175
0.076076
0.054149
0.159776
0.048271
0.091002
0.062096
0.149309
0.053443
0.070021
0.079684
0.165776
0.064174
0.085949
0.104102
0.183267
0.095914
0.109440
0.120378
0.198528
0.105948
0.124277
0.142772
0.214613
0.135018
0.145868
0.157833
0.228757
0.144398
0.159687

0.172051
0.149012
0.000000
0.189733
0.163966
0.015719
0.190338
0.176400
0.043102
0.207607
0.190809
0.058006
0.205734
0.200789
0.082396
0.222691
0.214738
0.096575
0.218337
0.222326
0.118120
0.235078
0.235897
0.131657
0.252739
0.256619
0.160255
0.268260
0.269194
0.172792
0.149827
0.142525
0.007945
0.167885
0.156731
0.021607
0.167823
0.169164
0.049671
0.185528
0.182935
0.062706
0.182802
0.192766
0.087634
0.200255
0.206184
0.100120
0.194859
0.213476
0.122063
0.212162
0.226618
0.134072
0.230948
0.248386
0.163874
0.246990
0.260566
0.174996
0.136746
0.153677
0.046131
0.156032
0.168373
0.059652
0.153594
0.178153
0.084184
0.172531
0.192439
0.097127
0.167348
0.199650
0.118681
0.186045
0.213609
0.131123
0.178097
0.218300
0.149831
0.196661
0.232014
0.161844
0.215375
0.252820
0.189564
0.232588
0.265530
0.200691

0.239706
0.228414
0.133115
0.045287
0.256397
0.241014
0.150323
0.059986
0.230902
0.207298
0.104133
0.003555
0.247370
0.220015
0.121838
0.018898
0.245092
0.209278
0.113979
0.000000
0.261182
0.222518
0.131828
0.016579
0.279770
0.245115
0.157082
0.050149
0.294567
0.257347
0.173572
0.065524
0.311732
0.278274
0.196954
0.096654
0.325341
0.289577
0.212190
0.110913
0.216206
0.220650
0.115418
0.043455
0.233665
0.232845
0.132703
0.056884
0.208812
0.200678
0.086761
0.002450
0.225920
0.212857
0.104448
0.016372
0.226879
0.206346
0.101114
0.003829
0.243459
0.218944
0.118802
0.018876
0.263247
0.242648
0.145440
0.053934
0.278478
0.254271
0.161765
0.067878
0.296745
0.276217
0.186422
0.100380
0.310739
0.286943
0.201490
0.113302
0.200578
0.229147
0.112948
0.069176
0.219640
0.242080
0.131501
0.083084
0.195629
0.211832
0.086041
0.031195
0.214256
0.224690
0.104983
0.045574
0.216803
0.219659
0.103460
0.034946
0.234692
0.232755
0.122175
0.050219
0.254305
0.255259
0.147920
0.083027
0.270728
0.267330
0.165182
0.097167
0.288819
0.288155
0.189001
0.127576
0.303898
0.299282
0.204923
0.140670

0.124439
0.197173
0.104819
0.109295
0.127793
0.193252
0.096233
0.094089
0.106610
0.177950
0.078020
0.077487
0.109388
0.173095
0.068117
0.060572
0.085558
0.155953
0.047825
0.042212
0.087780
0.150130
0.036540
0.023473
0.077722
0.141162
0.041232
0.019849
0.080250
0.134847
0.029869
0.000000
0.118853
0.177397
0.085044
0.065692
0.121155
0.171581
0.074562
0.047415
0.096373
0.191106
0.089187
0.118187
0.101223
0.188667
0.081600
0.104569
0.078036
0.172671
0.062390
0.088065
0.082372
0.169379
0.053528
0.072845
0.056286
0.151433
0.032105
0.054562
0.060140
0.147266
0.021910
0.037636
0.049276
0.138429
0.028148
0.035789
0.053610
0.133927
0.018075
0.017970
0.092653
0.174846
0.072926
0.080304
0.096610
0.170695
0.063627
0.063894
0.082872
0.192895
0.100542
0.141759
0.090261
0.192514
0.095495
0.130573
0.065349
0.175977
0.076047
0.114581
0.072368
0.174868
0.069890
0.101965
0.044319
0.156280
0.048151
0.084203
0.051018
0.154435
0.040845
0.070071
0.036207
0.143792
0.043862
0.067031
0.043481
0.141715
0.036737
0.052128
0.080695
0.179797
0.087443
0.109077
0.087354
0.177877
0.080859
0.095352

0.075124
0.168523
0.065254
0.082342
0.079933
0.165141
0.057160
0.066887
0.079742
0.160635
0.064480
0.064914
0.083950
0.156420
0.055879
0.048297
0.081039
0.149863
0.060334
0.043947
0.084678
0.144786
0.051172
0.026054
0.079052
0.136149
0.052788
0.019293
0.082150
0.130173
0.043009
0.000000
0.118640
0.172147
0.094529
0.064822
0.121510
0.166676
0.085517
0.047080
0.041517
0.159153
0.046246
0.089276
0.048072
0.157402
0.039342
0.075539
0.048788
0.153769
0.048640
0.075411
0.054756
0.151253
0.041328
0.060667
0.052552
0.145477
0.047591
0.058110
0.057978
0.142180
0.039828
0.042260
0.052865
0.134237
0.043095
0.037252
0.057789
0.130134
0.034834
0.020188
0.094316
0.170212
0.085350
0.081144
0.098865
0.166464
0.077730
0.065448
0.069551
0.185038
0.081769
0.127501
0.076437
0.184123
0.076142
0.115534
0.074168
0.178931
0.082777
0.114271
0.080616
0.177388
0.076846
0.101440
0.075497
0.170119
0.080590
0.097886
0.081553
0.167936
0.074321
0.084104
0.073581
0.158561
0.075200
0.078234
0.079285
0.155719
0.068554
0.063405
0.113097
0.192403
0.114785
0.118761
0.118384
0.189825
0.108666
0.105130

0.282224
0.278832
0.179162
0.105327
0.298278
0.291657
0.197729
0.121261
0.273880
0.259776
0.150181
0.063805
0.290042
0.272873
0.169591
0.080579
0.279194
0.246840
0.147170
0.034288
0.294617
0.259762
0.165834
0.051054
0.281628
0.230771
0.140128
0.000000
0.296412
0.243598
0.158177
0.016866
0.314643
0.268056
0.185622
0.056556
0.328286
0.279921
0.202236
0.072144
0.260410
0.271631
0.159403
0.103329
0.277017
0.283869
0.178107
0.117757
0.252811
0.253553
0.130150
0.062448
0.269451
0.265933
0.149638
0.077537
0.260802
0.242690
0.130463
0.035608
0.276511
0.254693
0.148931
0.050380
0.265776
0.228649
0.126586
0.003962
0.280657
0.240349
0.144165
0.018510
0.300102
0.266194
0.173374
0.060440
0.313835
0.277024
0.189551
0.073895
0.281830
0.301803
0.175436
0.141888
0.298071
0.313579
0.194491
0.156171
0.273144
0.284530
0.145579
0.103166
0.289527
0.296498
0.165551
0.118166
0.282495
0.275964
0.149596
0.081095
0.297920
0.287530
0.168442
0.095701
0.288937
0.264431
0.149508
0.054515
0.303510
0.275669
0.167366
0.068823
0.321615
0.299209
0.194694
0.107035
0.335050
0.309601
0.211107
0.120250

0.203532
0.273416
0.106126
0.142478
0.207473
0.270309
0.103770
0.131057
0.195707
0.259881
0.078751
0.109894
0.198654
0.255603
0.075321
0.096849
0.185090
0.243744
0.047624
0.073477
0.187046
0.238247
0.043085
0.058697
0.187677
0.234425
0.039608
0.049038
0.187823
0.227166
0.032540
0.031582
0.187365
0.222268
0.027529
0.020275
0.185686
0.213180
0.017871
0.000000
0.212623
0.289988
0.105222
0.160663
0.216439
0.287373
0.103481
0.150640
0.203112
0.276373
0.076315
0.128851
0.206043
0.272710
0.073640
0.117389
0.190853
0.260278
0.043659
0.093374
0.192904
0.255525
0.040020
0.080375
0.193600
0.252175
0.037083
0.071819
0.193866
0.245747
0.030921
0.056268
0.193488
0.241374
0.026455
0.046144
0.191958
0.233209
0.017717
0.027913
0.234175
0.313263
0.125367
0.190122
0.238683
0.311584
0.125484
0.182162
0.224134
0.300191
0.096663
0.159992
0.227920
0.297616
0.096074
0.150822
0.211461
0.284796
0.064332
0.126422
0.214537
0.281293
0.063024
0.115962
0.215871
0.278726
0.061511
0.108978
0.217241
0.273659
0.057772
0.096132
0.217552
0.270139
0.054793
0.087686
0.217215
0.263459
0.048590
0.072349

0.252966
0.309860
0.157274
0.171755
0.265408
0.323129
0.171373
0.190744
0.245710
0.295844
0.129506
0.136690
0.258115
0.309656
0.144340
0.157198
0.235588
0.279036
0.097677
0.097231
0.248063
0.293520
0.113400
0.119466
0.222477
0.259255
0.061484
0.052996
0.235134
0.274546
0.078265
0.077186
0.206230
0.236296
0.020590
0.003562
0.219187
0.252541
0.038611
0.029955
0.229040
0.306626
0.136657
0.180805
0.241811
0.319388
0.150492
0.198298
0.222607
0.294367
0.109039
0.148138
0.235246
0.307538
0.123510
0.166949
0.213191
0.279370
0.077263
0.111257
0.225806
0.293070
0.092522
0.131577
0.200672
0.261473
0.041029
0.069806
0.213375
0.275830
0.057240
0.091845
0.184908
0.240485
0.000000
0.023390
0.197817
0.255636
0.017342
0.047377
0.254158
0.333109
0.159459
0.215001
0.266530
0.344978
0.173429
0.231387
0.247023
0.321520
0.131913
0.184450
0.259351
0.333787
0.146605
0.202084
0.237035
0.307392
0.100328
0.149977
0.249425
0.320170
0.115896
0.169038
0.224071
0.290572
0.064405
0.111249
0.236635
0.303979
0.081015
0.131933
0.207986
0.270883
0.023809
0.067896
0.220840
0.285046
0.041641
0.090418

0.192227
0.181018
0.089957
0.014097
0.195359
0.174708
0.087521
0.000000
0.204713
0.194053
0.096433
0.025387
0.207806
0.187908
0.094440
0.011826
0.229931
0.214507
0.123446
0.048701
0.232365
0.208087
0.120900
0.034976
0.252847
0.232657
0.147714
0.068977
0.254641
0.225937
0.144608
0.055027
0.273569
0.248576
0.169340
0.086288
0.274738
0.241531
0.165665
0.072051
0.173617
0.175648
0.076315
0.014326
0.178237
0.170504
0.075397
0.001497
0.185505
0.187223
0.080736
0.022669
0.190006
0.182147
0.080190
0.010262
0.211382
0.207045
0.107713
0.044359
0.215091
0.201565
0.106458
0.031618
0.234842
0.224498
0.131839
0.062951
0.237785
0.218592
0.129875
0.049819
0.255997
0.239651
0.153218
0.078509
0.258193
0.233297
0.150541
0.064929
0.198450
0.206371
0.098017
0.050954
0.203428
0.202115
0.098370
0.039936
0.207987
0.216193
0.100034
0.057422
0.212923
0.212046
0.100828
0.046861
0.233129
0.235374
0.127019
0.078901
0.237287
0.230826
0.127081
0.067986
0.255966
0.252322
0.151247
0.097445
0.259374
0.247358
0.150582
0.086129
0.276605
0.267108
0.172825
0.113123
0.279284
0.261707
0.171435
0.101355

0.074665
0.149371
0.047102
0.000000
0.093467
0.169853
0.062046
0.026779
0.077567
0.166410
0.055136
0.033260
0.095368
0.185332
0.068033
0.057012
0.122326
0.206034
0.103765
0.087284
0.138599
0.223217
0.115410
0.108680
0.163328
0.242125
0.148132
0.136255
0.178208
0.257731
0.158648
0.155529
0.200893
0.275003
0.188617
0.180652
0.214502
0.289180
0.198115
0.198016
0.077651
0.170056
0.056410
0.040688
0.095224
0.188617
0.068817
0.063726
0.075419
0.182261
0.058609
0.067024
0.092172
0.199485
0.069137
0.087357
0.120392
0.220317
0.106671
0.117542
0.135705
0.235960
0.116160
0.135846
0.161593
0.254999
0.150550
0.163371
0.175592
0.269209
0.159103
0.179850
0.199343
0.286612
0.190615
0.204952
0.212143
0.299522
0.198326
0.219788
0.095967
0.197562
0.095294
0.094537
0.113715
0.215174
0.107367
0.115408
0.090489
0.206279
0.095006
0.116360
0.107694
0.222818
0.105519
0.134909
0.134311
0.242160
0.139892
0.162219
0.150038
0.257190
0.149383
0.178927
0.174453
0.274871
0.180878
0.203835
0.188832
0.288532
0.189449
0.218887
0.211228
0.304695
0.218309
0.241605
0.224377
0.317115
0.226050
0.255166

0.189895
0.190009
0.077374
0.207421
0.204410
0.092076
0.178154
0.168355
0.040547
0.195857
0.183150
0.055942
0.163479
0.143739
0.000000
0.181468
0.159015
0.016177
0.169327
0.154051
0.016941
0.186610
0.168117
0.031116
0.172181
0.161304
0.030007
0.188863
0.174244
0.042259
0.167535
0.183469
0.084598
0.185683
0.197420
0.097675
0.156597
0.162851
0.049260
0.174845
0.177080
0.062853
0.142583
0.139225
0.010241
0.161043
0.153817
0.024426
0.146798
0.147005
0.023134
0.164582
0.160430
0.035377
0.147868
0.151672
0.032172
0.165086
0.164008
0.042542
0.150619
0.189231
0.114243
0.170088
0.203732
0.127255
0.141232
0.170865
0.082400
0.160768
0.185604
0.095873
0.128666
0.149533
0.047073
0.148391
0.164601
0.061085
0.132281
0.156506
0.058774
0.151406
0.170522
0.071029
0.132653
0.160417
0.066835
0.151297
0.173466
0.077403

0.033143
0.121791
0.017575
0.036337
0.049886
0.138004
0.028940
0.052443
0.033167
0.112233
0.015330
0.019768
0.050637
0.129324
0.027913
0.037308
0.029932
0.099906
0.009802
0.000000
0.048226
0.117968
0.023673
0.019067
0.072549
0.137139
0.053358
0.043848
0.089523
0.153920
0.066241
0.061580
0.112118
0.171737
0.093835
0.084625
0.127868
0.187327
0.105801
0.101117
0.037883
0.136299
0.022161
0.056995
0.053502
0.151294
0.031847
0.071259
0.037126
0.127108
0.020979
0.042423
0.053579
0.143012
0.031946
0.058103
0.033119
0.115216
0.016535
0.024761
0.050499
0.132116
0.028844
0.041941
0.075599
0.151445
0.059687
0.066938
0.091719
0.167141
0.071115
0.082913
0.115035
0.185103
0.099785
0.106158
0.129987
0.199682
0.110395
0.121012
0.059649
0.160684
0.056469
0.095033
0.075310
0.175244
0.066180
0.108602
0.056544
0.150797
0.053894
0.080788
0.073082
0.166257
0.064846
0.095695
0.050278
0.138325
0.048221
0.063648
0.067786
0.154770
0.060475
0.079971
0.091650
0.173004
0.089223
0.103164
0.107884
0.188275
0.100597
0.118340
0.130048
0.205218
0.127316
0.139904
0.145102
0.219398
0.137872
0.154013

0.068778
0.159491
0.057818
0.082891
0.073459
0.156692
0.049613
0.068978
0.050612
0.139684
0.029224
0.051260
0.054502
0.135958
0.019625
0.035803
0.073116
0.143277
0.041604
0.042827
0.075756
0.138322
0.031242
0.026152
0.092302
0.144108
0.050522
0.031094
0.093714
0.137900
0.039338
0.013107
0.130747
0.177936
0.091795
0.072930
0.132016
0.172148
0.081427
0.056242
0.035983
0.150342
0.037569
0.087646
0.042263
0.149017
0.030249
0.075077
0.017569
0.131243
0.008724
0.057197
0.023065
0.129033
0.000000
0.043141
0.044449
0.138349
0.025577
0.052856
0.048656
0.134928
0.016159
0.037689
0.067807
0.142639
0.038837
0.045244
0.070757
0.137993
0.028672
0.028882
0.108252
0.176718
0.081173
0.086198
0.110944
0.172377
0.071752
0.071019
0.019205
0.149758
0.048085
0.109199
0.028303
0.150590
0.043510
0.099012
0.002210
0.132289
0.021829
0.081509
0.010624
0.132328
0.015995
0.069977
0.031892
0.141895
0.040221
0.079387
0.038866
0.140671
0.033592
0.066745
0.057962
0.148690
0.055105
0.074143
0.063546
0.146203
0.047642
0.060320
0.099228
0.182403
0.096262
0.113017
0.104351
0.180058
0.089337
0.100187

0.168814
0.242215
0.041896
0.098760
0.170888
0.238573
0.036628
0.087636
0.171604
0.235942
0.032787
0.080352
0.171914
0.230807
0.025235
0.067171
0.188727
0.237261
0.049470
0.075783
0.188217
0.231151
0.041207
0.061410
0.203134
0.236194
0.062593
0.067881
0.201790
0.229069
0.053550
0.052222
0.214920
0.232742
0.072245
0.056608
0.212724
0.224555
0.062354
0.039562
0.141673
0.235292
0.014444
0.097614
0.144861
0.232841
0.010083
0.087862
0.146214
0.230918
0.006753
0.081398
0.147537
0.226950
0.000000
0.069584
0.166887
0.235239
0.028048
0.080975
0.167401
0.230341
0.020663
0.068079
0.184704
0.237155
0.045637
0.077237
0.184401
0.231293
0.037558
0.063170
0.199781
0.236684
0.059640
0.070171
0.198647
0.229817
0.050799
0.054842
0.131785
0.237387
0.018771
0.113384
0.137316
0.236805
0.017335
0.106113
0.140070
0.236009
0.015776
0.101163
0.143726
0.233934
0.012005
0.091915
0.162516
0.242228
0.038498
0.102916
0.165258
0.239197
0.033985
0.092578
0.182103
0.246096
0.057617
0.101504
0.183938
0.242085
0.052316
0.090004
0.198956
0.247640
0.073258
0.096928
0.199883
0.242620
0.067119
0.084187

0.282328
0.259823
0.166682
0.064733
0.284811
0.251640
0.162707
0.046429
0.271402
0.237117
0.136826
0.020273
0.272864
0.227512
0.131752
0.000000
0.305856
0.274371
0.181231
0.073729
0.307235
0.265505
0.176573
0.055003
0.337761
0.308849
0.222350
0.123198
0.339062
0.300666
0.218075
0.105901
0.367307
0.340759
0.260427
0.168978
0.368533
0.333206
0.256503
0.153001
0.262392
0.253784
0.151621
0.065864
0.266402
0.246882
0.149335
0.049164
0.252495
0.232246
0.122240
0.022581
0.255485
0.223952
0.118916
0.003996
0.288295
0.269800
0.167637
0.075768
0.291089
0.262147
0.164600
0.058602
0.321450
0.304561
0.209682
0.124995
0.324061
0.297499
0.206907
0.109141
0.352157
0.336736
0.248622
0.170558
0.354596
0.330221
0.246088
0.155915
0.251084
0.264218
0.152159
0.094596
0.257290
0.259557
0.152561
0.080996
0.243161
0.245318
0.124655
0.054781
0.248389
0.239362
0.124151
0.039495
0.279601
0.281851
0.169792
0.105499
0.284468
0.276363
0.169366
0.091387
0.313353
0.315671
0.211601
0.152446
0.317883
0.310613
0.211245
0.139418
0.344615
0.346979
0.250329
0.195904
0.348832
0.342318
0.250035
0.183877

0.213660
0.197732
0.122490
0.018279
0.217351
0.189769
0.118268
0.000000
0.239916
0.228258
0.146618
0.056177
0.243745
0.221083
0.143503
0.039656
0.263203
0.255985
0.167403
0.090450
0.267219
0.249579
0.165402
0.075614
0.283669
0.281072
0.184958
0.121277
0.287918
0.275418
0.184084
0.108062
0.301438
0.303660
0.199373
0.148817
0.305970
0.298745
0.199644
0.137169
0.233292
0.214662
0.131340
0.031115
0.236523
0.206635
0.127456
0.013311
0.256823
0.243286
0.152878
0.067077
0.260300
0.236103
0.150191
0.051071
0.277491
0.269188
0.171092
0.099441
0.281260
0.262826
0.169609
0.085161
0.295426
0.292514
0.186077
0.128375
0.299531
0.286955
0.185811
0.115760
0.310738
0.313396
0.197909
0.154030
0.315225
0.308626
0.198881
0.143027
0.262253
0.250011
0.157740
0.075498
0.265799
0.243035
0.155352
0.059930
0.282227
0.275255
0.175138
0.106990
0.286075
0.269096
0.173957
0.093132
0.299496
0.297959
0.189328
0.135091
0.303692
0.292598
0.189370
0.122884
0.314168
0.318249
0.200381
0.159947
0.318757
0.313674
0.201667
0.149340
0.326331
0.336238
0.208347
0.181684
0.331361
0.332438
0.210907
0.172634

0.194651
0.225134
0.137716
0.213674
0.239499
0.151984
0.183073
0.205455
0.104367
0.202397
0.220288
0.119462
0.168089
0.182683
0.067379
0.187867
0.198104
0.083422
0.179173
0.173180
0.035727
0.197886
0.188376
0.052329
0.186835
0.160384
0.000000
0.204631
0.175479
0.017296
0.164029
0.213494
0.142072
0.184194
0.227747
0.155001
0.152873
0.194745
0.110394
0.173296
0.209374
0.123989
0.138089
0.172836
0.075141
0.158932
0.187958
0.089514
0.152811
0.166174
0.046443
0.172355
0.180863
0.061129
0.163916
0.156179
0.013770
0.182319
0.170556
0.028893
0.179123
0.237886
0.180938
0.199135
0.251713
0.193069
0.165824
0.219112
0.151240
0.186245
0.233372
0.164018
0.148933
0.197305
0.118209
0.169926
0.212116
0.131742
0.165680
0.193168
0.093270
0.185298
0.207469
0.107013
0.178845
0.185841
0.064638
0.197247
0.199753
0.078707

0.062729
0.150077
0.051881
0.080284
0.077805
0.164472
0.061548
0.093971
0.044317
0.130718
0.024849
0.050817
0.059545
0.145538
0.034572
0.065070
0.065508
0.134984
0.036788
0.044462
0.080466
0.150016
0.047093
0.059663
0.083750
0.136767
0.045688
0.035218
0.098517
0.152089
0.056625
0.051441
0.099155
0.136092
0.051614
0.023057
0.113811
0.151781
0.063235
0.040379
0.032232
0.140661
0.032783
0.083229
0.047808
0.154958
0.041886
0.095934
0.013481
0.121834
0.005526
0.054722
0.029162
0.136496
0.014589
0.067885
0.038543
0.129259
0.021380
0.051957
0.053852
0.144038
0.030966
0.065983
0.060491
0.134151
0.034091
0.046320
0.075510
0.149124
0.044246
0.061278
0.079459
0.136553
0.043744
0.037801
0.094267
0.151795
0.054518
0.053762
0.017652
0.140389
0.042193
0.102753
0.034862
0.155331
0.052407
0.115573
0.000000
0.122941
0.017073
0.076595
0.017348
0.138239
0.027274
0.089848
0.027542
0.132593
0.034397
0.075796
0.044333
0.147864
0.044941
0.089756
0.051897
0.139715
0.048636
0.072239
0.068221
0.155039
0.059575
0.086973
0.073210
0.144362
0.059883
0.065920
0.089156
0.159818
0.071272
0.081501

0.059113
0.120628
0.041754
0.017455
0.063113
0.115747
0.032892
0.000000
0.063151
0.134321
0.048981
0.040083
0.067423
0.130158
0.040510
0.023779
0.090108
0.161070
0.068734
0.068925
0.093403
0.156824
0.059826
0.053198
0.113958
0.185142
0.085235
0.094508
0.116295
0.180785
0.075835
0.079260
0.134848
0.206683
0.098586
0.116989
0.136239
0.202188
0.088634
0.102125
0.032067
0.117697
0.030659
0.033034
0.037883
0.114623
0.023191
0.017567
0.034335
0.129287
0.035113
0.052278
0.040348
0.126830
0.027903
0.037793
0.062097
0.155574
0.053679
0.078826
0.066932
0.152863
0.045825
0.064712
0.086581
0.179150
0.068902
0.102177
0.090268
0.176167
0.060354
0.088347
0.107937
0.200162
0.080875
0.122477
0.110497
0.196888
0.071579
0.108843
0.016371
0.120408
0.041534
0.059928
0.024902
0.119624
0.036768
0.047143
0.018254
0.130840
0.045499
0.077343
0.026977
0.130622
0.040974
0.065451
0.048573
0.157825
0.065488
0.103340
0.055982
0.157226
0.060228
0.091691
0.075533
0.182116
0.082209
0.126294
0.081674
0.181131
0.076181
0.114816
0.099299
0.203862
0.095765
0.146348
0.104208
0.202484
0.088930
0.134969

0.049040
0.137669
0.024296
0.036714
0.065440
0.154508
0.034688
0.054592
0.049029
0.125816
0.022045
0.015528
0.066287
0.143756
0.034084
0.035378
0.070164
0.126317
0.031334
0.000000
0.087254
0.144766
0.044382
0.021510
0.111338
0.163577
0.076638
0.048118
0.127150
0.180596
0.088713
0.067933
0.149292
0.197889
0.118313
0.092361
0.163922
0.213588
0.129487
0.110615
0.015181
0.130066
0.003432
0.046322
0.031954
0.146501
0.012665
0.062416
0.017498
0.120702
0.004793
0.029186
0.035109
0.138168
0.015667
0.047146
0.043185
0.125193
0.019100
0.018766
0.060500
0.143024
0.030898
0.038222
0.086381
0.162438
0.065330
0.065314
0.102411
0.178895
0.076265
0.083248
0.126205
0.196743
0.107860
0.108118
0.141045
0.211932
0.117994
0.124648
0.039831
0.155817
0.042444
0.088735
0.056515
0.171600
0.051780
0.103856
0.039354
0.145787
0.042016
0.072287
0.056904
0.162568
0.052895
0.089128
0.065083
0.151473
0.056490
0.063923
0.082243
0.168505
0.068121
0.082061
0.106372
0.186504
0.099565
0.106732
0.122263
0.202228
0.110346
0.123454
0.144454
0.218780
0.139204
0.146104
0.159168
0.233298
0.149197
0.161521

0.235127
0.200376
0.118920
0.000000
0.251059
0.215434
0.137963
0.020416
0.247627
0.216357
0.128097
0.019373
0.262614
0.230039
0.146096
0.037844
0.257582
0.229521
0.133888
0.034611
0.271715
0.241914
0.150958
0.051262
0.265048
0.239951
0.136328
0.045821
0.278412
0.251134
0.152579
0.060762
0.285985
0.257356
0.161722
0.069002
0.297884
0.266929
0.175973
0.081556
0.220253
0.200713
0.110665
0.011323
0.236342
0.214909
0.129265
0.029867
0.231671
0.214519
0.116948
0.026396
0.246836
0.227388
0.134589
0.043110
0.240466
0.225517
0.119794
0.037402
0.254797
0.237140
0.136588
0.052398
0.246683
0.233774
0.119219
0.044420
0.260268
0.244226
0.135274
0.057799
0.267956
0.250004
0.144281
0.065103
0.280016
0.258830
0.158278
0.076094
0.211509
0.213205
0.113657
0.043067
0.228413
0.227498
0.132819
0.061253
0.222766
0.226300
0.118435
0.056147
0.238798
0.239367
0.136778
0.072706
0.231361
0.236674
0.119798
0.065361
0.246618
0.248598
0.137438
0.080402
0.237338
0.244390
0.117750
0.070772
0.251911
0.255246
0.134800
0.084394
0.260184
0.261281
0.144405
0.091877
0.273208
0.270561
0.159401
0.103221

0.059358
0.122724
0.026569
0.000000
0.076643
0.141247
0.040706
0.021717
0.064038
0.138236
0.034966
0.025796
0.080449
0.155565
0.047584
0.045500
0.081456
0.160964
0.064810
0.063718
0.097824
0.177678
0.077136
0.082277
0.121963
0.196718
0.107188
0.107651
0.137104
0.212146
0.118531
0.124724
0.159524
0.229797
0.146436
0.148230
0.173531
0.244040
0.156875
0.163936
0.064698
0.141638
0.036509
0.031632
0.080906
0.158686
0.048760
0.050855
0.065300
0.153381
0.040473
0.052611
0.080760
0.169373
0.051314
0.069991
0.080134
0.173396
0.068267
0.087405
0.095738
0.188947
0.079022
0.103864
0.120806
0.208194
0.110308
0.129399
0.135234
0.222546
0.120194
0.144533
0.158517
0.240394
0.149252
0.168199
0.171858
0.253639
0.158339
0.182114
0.085313
0.168896
0.072742
0.077646
0.101529
0.185236
0.084694
0.095515
0.083340
0.177956
0.074687
0.095555
0.098996
0.193413
0.085432
0.111802
0.094185
0.194474
0.098319
0.126054
0.110108
0.209616
0.109074
0.141525
0.133988
0.227749
0.138220
0.165121
0.148708
0.241725
0.148110
0.179348
0.170882
0.258538
0.175177
0.201216
0.184491
0.271437
0.184272
0.214300

0.131516
0.182981
0.000000
0.008200
0.146246
0.199294
0.014358
0.028701
0.159585
0.211569
0.030815
0.045372
0.173778
0.227019
0.045002
0.064911
0.184647
0.237468
0.057847
0.078866
0.198386
0.252145
0.071944
0.097556
0.206854
0.260832
0.081259
0.108882
0.220217
0.274821
0.095345
0.126830
0.226337
0.281799
0.101192
0.135597
0.239402
0.295182
0.115349
0.152909
0.145325
0.205576
0.003888
0.033281
0.158347
0.220182
0.016326
0.051547
0.171236
0.231790
0.032578
0.067464
0.183903
0.245694
0.045077
0.084988
0.194206
0.255433
0.057491
0.098094
0.206591
0.268715
0.070120
0.114977
0.214373
0.276644
0.078776
0.125357
0.226546
0.289381
0.091607
0.141696
0.231858
0.295550
0.096563
0.149413
0.243890
0.307816
0.109669
0.165303
0.177248
0.237936
0.039154
0.075447
0.189838
0.251677
0.051679
0.092801
0.199505
0.260958
0.063147
0.105219
0.211831
0.274097
0.075819
0.121957
0.218991
0.281582
0.083546
0.131665
0.231123
0.294194
0.096439
0.147884
0.235822
0.299930
0.100477
0.154943
0.247830
0.312090
0.113662
0.170736
0.250101
0.316112
0.114042
0.175192
0.262053
0.327889
0.127596
0.190651

0.079026
0.163590
0.051848
0.073635
0.092758
0.177369
0.059510
0.087621
0.077530
0.154408
0.051799
0.058334
0.092402
0.169273
0.061047
0.074017
0.072608
0.142405
0.048183
0.039562
0.088728
0.158459
0.059079
0.057049
0.064171
0.127466
0.040945
0.017177
0.081659
0.144822
0.053565
0.036585
0.083020
0.126131
0.046682
0.000000
0.100157
0.143915
0.060117
0.020924
0.047416
0.155732
0.031421
0.079698
0.061580
0.169213
0.038098
0.092190
0.047125
0.148334
0.034184
0.067699
0.062489
0.162882
0.042484
0.081828
0.043177
0.138063
0.033244
0.052286
0.059853
0.153779
0.043222
0.068146
0.035480
0.124813
0.028561
0.033336
0.053594
0.141808
0.040288
0.051035
0.058898
0.127320
0.038935
0.020876
0.076494
0.144589
0.051366
0.039926
0.033954
0.157465
0.045723
0.104348
0.050009
0.171556
0.053697
0.116777
0.032828
0.150578
0.047969
0.093554
0.050055
0.165669
0.057443
0.107470
0.027928
0.140826
0.046604
0.079522
0.046453
0.157023
0.057643
0.095022
0.019146
0.128101
0.041581
0.062138
0.039111
0.145520
0.054263
0.079326
0.045929
0.133620
0.054171
0.052772
0.065118
0.151109
0.067311
0.071078

0.092450
0.172157
0.080640
0.061510
0.097682
0.167438
0.071444
0.041909
0.081505
0.152423
0.053638
0.022142
0.085332
0.146114
0.042496
0.000000
0.088727
0.168709
0.062078
0.049332
0.092496
0.163142
0.051295
0.028782
0.108748
0.191866
0.093081
0.088537
0.113281
0.187482
0.083864
0.070205
0.125290
0.211897
0.120380
0.123645
0.130607
0.208644
0.112650
0.107369
0.103131
0.191934
0.091243
0.092700
0.108125
0.187949
0.082332
0.074820
0.089960
0.172254
0.063567
0.055427
0.093717
0.166864
0.052859
0.035247
0.092636
0.184403
0.067084
0.077119
0.096356
0.179682
0.056623
0.058309
0.109845
0.204618
0.095931
0.112763
0.114430
0.201063
0.087059
0.096046
0.123640
0.221854
0.121163
0.144565
0.129112
0.219423
0.113806
0.129796
0.127696
0.218853
0.127336
0.136958
0.133444
0.216120
0.120125
0.121505
0.113711
0.199945
0.101160
0.102851
0.118450
0.196019
0.092401
0.085383
0.113609
0.209200
0.102570
0.121063
0.118413
0.205930
0.094083
0.104846
0.126569
0.225716
0.126931
0.151948
0.132268
0.223560
0.119942
0.137645
0.136264
0.239440
0.147923
0.179322
0.142885
0.238367
0.142373
0.166807

0.248480
0.238019
0.162833
0.063773
0.252446
0.230776
0.159276
0.045573
0.252569
0.236313
0.154830
0.053211
0.255890
0.228548
0.151060
0.034701
0.253807
0.231664
0.143356
0.038476
0.256508
0.223324
0.139346
0.019529
0.252224
0.224068
0.128364
0.019513
0.254327
0.215099
0.124087
0.000000
0.270275
0.249956
0.146236
0.055455
0.272913
0.242113
0.143478
0.038188
0.224836
0.227243
0.144104
0.056697
0.230357
0.221012
0.141950
0.039412
0.231351
0.228513
0.138412
0.050109
0.236250
0.221857
0.136173
0.032734
0.234848
0.226753
0.129105
0.039274
0.239159
0.219626
0.126765
0.021685
0.235374
0.221979
0.116152
0.024165
0.239129
0.214333
0.113695
0.006240
0.253321
0.247272
0.132582
0.058465
0.257561
0.240702
0.131634
0.042753
0.252687
0.261138
0.169206
0.101049
0.258439
0.255998
0.168574
0.086279
0.257067
0.261269
0.161637
0.093447
0.262320
0.255778
0.161032
0.078646
0.258615
0.258602
0.150626
0.081906
0.263407
0.252722
0.150039
0.066970
0.257363
0.253145
0.136125
0.066392
0.261729
0.246836
0.135554
0.051216
0.271808
0.274913
0.148092
0.095610
0.276698
0.269626
0.149023
0.082516

0.176917
0.195417
0.096151
0.184068
0.190912
0.079174
0.168476
0.175299
0.060407
0.174536
0.169469
0.041500
0.156858
0.152128
0.020950
0.161875
0.144944
0.000000
0.164475
0.162074
0.036227
0.169592
0.155282
0.015996
0.192866
0.184225
0.057450
0.197079
0.177120
0.037389
0.149753
0.185778
0.100734
0.158925
0.182779
0.085139
0.142709
0.166904
0.066466
0.150754
0.162588
0.048984
0.132301
0.144905
0.028500
0.139281
0.139251
0.009027
0.138895
0.152634
0.039918
0.145866
0.147234
0.020959
0.168317
0.173921
0.058200
0.174189
0.168016
0.039173
0.172395
0.213880
0.142500
0.181774
0.211852
0.128809
0.163750
0.195337
0.110524
0.172208
0.192178
0.095163
0.151922
0.173875
0.075141
0.159521
0.169570
0.058017
0.155399
0.179328
0.084562
0.163105
0.175329
0.067954
0.184295
0.200096
0.102141
0.190913
0.195581
0.085437

