0.340085
0.365232
0.365232
0.389265
0.342546
0.367722
0.367722
0.391545
0.344039
0.369208
0.369208
0.392901
0.346547
0.371672
0.371672
0.395141
0.348060
0.373142
0.373142
0.396473
0.350590
0.375576
0.375576
0.398673
0.352111
0.377026
0.251089
0.000000
0.354646
0.379427
0.179437
0.402138
0.356167
0.380857
0.380857
0.003420
0.358697
0.383223
0.383223
0.005536
0.135437
0.360211
0.360211
0.384632
0.337673
0.362728
0.362728
0.386960
0.339113
0.364232
0.364232
0.388346
0.341557
0.366728
0.339177
0.390636
0.343042
0.368218
0.171856
0.391998
0.345541
0.370689
0.170689
0.394248
0.347051
0.372163
0.172163
0.395586
0.349577
0.374604
0.174604
0.397796
0.351097
0.376060
0.179698
0.024565
0.353632
0.378469
0.178469
0.401278
0.131261
0.355153
0.355153
0.379905
0.133133
0.357686
0.357686
0.382280
0.134436
0.359202
0.359202
0.383694
0.211748
0.361722
0.361722
0.386032
0.338150
0.363230
0.363230
0.387423
0.340574
0.365731
0.365731
0.389723
0.342050
0.367225
0.241288
0.391091
0.344539
0.369703
0.169712
0.393351
0.346044
0.371181
0.371181
0.394695
0.348565
0.373630
0.373630
0.396915

0.399524
0.597438
0.402811
0.011160
0.399524
0.592633
0.411735
0.009486
0.399546
0.587149
0.387525
0.003083
0.599524
0.572223
0.374425
0.000945
0.599524
0.559619
0.364992
0.000272
0.599524
0.533644
0.352747
0.003944
0.599524
0.516255
0.352560
0.251370
0.599524
0.487046
0.373097
0.399534
0.599524
0.559619
0.484973
0.400272
0.599524
0.533644
0.513920
0.399731
0.433341
0.582097
0.382260
0.402038
0.599524
0.564108
0.365248
0.400459
0.599522
0.549860
0.349862
0.000000
0.599524
0.522127
0.322166
0.085625
0.599524
0.504446
0.304609
0.399561
0.599523
0.475978
0.277118
0.399527
0.599520
0.460612
0.263614
0.399524
0.599480
0.439175
0.251031
0.399524
0.599524
0.504446
0.328341
0.399562
0.599523
0.475978
0.338960
0.399527
0.599495
0.597438
0.397438
0.411131
0.599524
0.592633
0.392645
0.405273
0.586343
0.587149
0.387149
0.389902
0.598916
0.572223
0.372223
0.400337
0.599495
0.559619
0.359619
0.400243
0.599524
0.533644
0.333657
0.399731
0.599524
0.516255
0.316319
0.399604
0.599524
0.487046
0.287600
0.399534
0.599524
0.559619
0.361214
0.400272
0.599524
0.533644
0.340713
0.399731

0.184891
0.215064
0.211853
0.169273
0.204367
0.226904
0.040617
0.169708
0.153219
0.199310
0.000000
0.169139
0.173480
0.208696
0.008697
0.169172
0.209484
0.215064
0.211853
0.169273
0.404367
0.226904
0.040617
0.169708
0.415798
0.234736
0.234736
0.170195
0.434255
0.248958
0.248958
0.171507
0.444894
0.258160
0.258160
0.172657
0.461762
0.274523
0.274523
0.175296
0.223282
0.240253
0.040317
0.170637
0.248596
0.255040
0.055040
0.172240
0.340426
0.219616
0.019616
0.169400
0.412013
0.232066
0.032066
0.170011
0.423279
0.240253
0.040317
0.170637
0.441388
0.255040
0.055040
0.172240
0.451777
0.264558
0.184419
0.173597
0.468175
0.281398
0.083404
0.176634
0.277423
0.292026
0.292026
0.178975
0.388968
0.310473
0.310427
0.183841
0.458476
0.271154
0.267943
0.174689
0.474385
0.288443
0.102156
0.178149
0.430632
0.246000
0.046690
0.171188
0.448357
0.261334
0.061334
0.173109
0.447739
0.271154
0.267943
0.174689
0.474385
0.288443
0.102156
0.178149
0.283300
0.299304
0.299304
0.180772
0.301993
0.318066
0.318066
0.186149
0.304603
0.329636
0.329636
0.190020
0.316034
0.349262
0.349262
0.197614

0.283957
0.399755
0.284943
0.086366
0.284016
0.432818
0.278204
0.093152
0.284135
0.449515
0.278255
0.084086
0.284691
0.469664
0.281454
0.084887
0.285434
0.460765
0.267127
0.083952
0.287959
0.481043
0.282977
0.083982
0.290678
0.353024
0.153863
0.083948
0.298146
0.439952
0.240109
0.083754
0.304231
0.467998
0.268044
0.082715
0.312232
0.482743
0.282746
0.073446
0.083954
0.336788
0.157311
0.111794
0.092323
0.365933
0.173805
0.153652
0.244178
0.385962
0.190020
0.088209
0.283979
0.420103
0.221225
0.098634
0.284027
0.438749
0.239201
0.084246
0.283685
0.462942
0.263013
0.085030
0.281605
0.465777
0.265794
0.080668
0.267339
0.480467
0.280468
0.064673
0.249336
0.482728
0.282728
0.044858
0.208985
0.483795
0.283795
0.000000
0.083958
0.399755
0.284943
0.229307
0.084016
0.432818
0.278204
0.332483
0.084135
0.449639
0.278379
0.125024
0.085185
0.469664
0.281454
0.179596
0.114091
0.476707
0.283069
0.091138
0.287959
0.482250
0.284185
0.106621
0.290678
0.483380
0.284220
0.084610
0.298146
0.483893
0.284051
0.086980
0.304231
0.483940
0.283986
0.089901
0.312232
0.483951
0.283954
0.096085

0.118843
0.362060
0.243006
0.021529
0.130774
0.367796
0.170709
0.027133
0.144700
0.353226
0.153433
0.012164
0.238857
0.358693
0.158693
0.018021
0.292180
0.344924
0.225870
0.002660
0.312541
0.350045
0.152957
0.008604
0.308532
0.337265
0.337265
0.041614
0.309796
0.341971
0.332838
0.000000
0.310723
0.344924
0.344924
0.402610
0.312558
0.350045
0.350045
0.245424
0.112969
0.351097
0.151122
0.163333
0.115288
0.356483
0.156483
0.021228
0.110407
0.342945
0.142945
0.000595
0.115941
0.347968
0.147968
0.006215
0.122885
0.335462
0.135488
0.144038
0.186816
0.340055
0.140055
0.002103
0.252546
0.328743
0.154544
0.380825
0.306818
0.332848
0.133377
0.363861
0.308121
0.335462
0.335462
0.390499
0.309248
0.340055
0.263737
0.396565
0.109515
0.341007
0.221953
0.397777
0.111061
0.345929
0.148842
0.403719
0.107766
0.333707
0.133914
0.308823
0.108767
0.338183
0.138184
0.018958
0.106932
0.327192
0.208138
0.378425
0.108931
0.331168
0.134080
0.384347
0.113079
0.321533
0.321533
0.368960
0.149790
0.324966
0.315833
0.374847
0.206133
0.327192
0.327192
0.378425
0.298975
0.331168
0.331168
0.384442

0.399801
0.599800
0.599800
0.405235
0.402239
0.599782
0.599782
0.401550
0.458717
0.599646
0.599646
0.144425
0.599800
0.597630
0.597630
0.398983
0.599800
0.592955
0.592955
0.000524
0.599800
0.572918
0.572918
0.027236
0.599800
0.599646
0.599646
0.000591
0.599800
0.597630
0.597630
0.000000
0.599800
0.599800
0.599800
0.005235
0.599800
0.599782
0.599782
0.001550
0.399800
0.599298
0.599298
0.400239
0.399800
0.594985
0.594985
0.399875
0.399800
0.587078
0.587078
0.399819
0.399977
0.559835
0.559835
0.399801
0.407669
0.535873
0.535873
0.295025
0.599260
0.491588
0.491588
0.399800
0.599800
0.587078
0.587078
0.003217
0.599800
0.559835
0.559835
0.087722
0.599800
0.599298
0.401157
0.000240
0.599800
0.594985
0.594985
0.000153
0.399801
0.599800
0.599800
0.405235
0.402239
0.599782
0.599782
0.401550
0.458717
0.599646
0.599646
0.400591
0.599800
0.597630
0.597630
0.399961
0.599800
0.592955
0.592955
0.399849
0.599800
0.572918
0.572918
0.399803
0.599800
0.599646
0.399648
0.390816
0.599800
0.597630
0.597630
0.399961
0.599800
0.599800
0.399800
0.019503
0.599800
0.599782
0.399782
0.218410

0.284128
0.143921
0.143921
0.132874
0.269141
0.142777
0.142777
0.000000
0.259723
0.144387
0.144387
0.198391
0.243443
0.150688
0.150688
0.196004
0.233412
0.156320
0.156320
0.194851
0.216498
0.167742
0.167742
0.193452
0.206389
0.175118
0.175118
0.192904
0.190003
0.186780
0.186780
0.192386
0.180688
0.192705
0.192705
0.192256
0.166575
0.199845
0.199845
0.192208
0.311078
0.211466
0.211466
0.017016
0.298234
0.216170
0.216170
0.010575
0.290100
0.220305
0.220305
0.014509
0.276038
0.228222
0.228222
0.002481
0.267448
0.232873
0.232873
0.200156
0.253256
0.239068
0.239068
0.195393
0.245056
0.241284
0.241284
0.195662
0.232469
0.241889
0.241889
0.193946
0.225871
0.240418
0.240418
0.193250
0.217083
0.235500
0.235500
0.192542
0.333939
0.292896
0.292896
0.164751
0.324046
0.299014
0.299014
0.025155
0.317931
0.301842
0.134308
0.220256
0.307794
0.303910
0.303910
0.213128
0.301967
0.303144
0.103144
0.209444
0.293197
0.298305
0.098305
0.204247
0.288781
0.293468
0.125935
0.201666
0.283374
0.283047
0.283047
0.198194
0.281535
0.275917
0.275917
0.196570
0.281085
0.263562
0.263562
0.194543

0.371882
0.437108
0.237385
0.486484
0.355250
0.450195
0.250375
0.202034
0.340106
0.458562
0.068597
0.140384
0.308822
0.473110
0.213719
0.099242
0.376773
0.482047
0.282324
0.166878
0.362664
0.496963
0.297143
0.151252
0.391831
0.505750
0.309898
0.178609
0.393471
0.519790
0.321297
0.175743
0.401904
0.527696
0.342936
0.180620
0.409426
0.539751
0.346783
0.180703
0.325461
0.415063
0.017371
0.490386
0.290716
0.425335
0.087437
0.464837
0.269797
0.432228
0.032229
0.442235
0.239155
0.444819
0.044991
0.168833
0.327088
0.452947
0.055254
0.150671
0.293694
0.467220
0.129322
0.085018
0.370123
0.476079
0.252471
0.160421
0.351016
0.491017
0.291108
0.140432
0.389152
0.499913
0.302741
0.213715
0.387895
0.514287
0.315236
0.173915
0.371245
0.399258
0.000000
0.512482
0.353804
0.406374
0.006576
0.507673
0.337926
0.411396
0.011459
0.498639
0.304929
0.421040
0.021046
0.475609
0.371525
0.427574
0.028316
0.547204
0.354562
0.439628
0.039830
0.410341
0.381647
0.447485
0.052064
0.263157
0.379196
0.461420
0.082362
0.174527
0.384816
0.470155
0.184092
0.574630
0.387113
0.485039
0.292062
0.450367

0.452339
0.543142
0.343226
0.052339
0.424614
0.543141
0.343153
0.024614
0.495491
0.543142
0.174367
0.095491
0.469261
0.543142
0.342417
0.070974
0.525861
0.543142
0.346617
0.233896
0.508888
0.543142
0.344556
0.508888
0.539385
0.543142
0.354238
0.539385
0.532699
0.543142
0.348701
0.532699
0.542732
0.543142
0.370830
0.542732
0.541348
0.543142
0.359175
0.541348
0.200056
0.543124
0.149436
0.000000
0.380179
0.542999
0.296740
0.011989
0.441044
0.543142
0.143183
0.430108
0.414266
0.543138
0.143518
0.414266
0.485464
0.543142
0.149908
0.485464
0.458011
0.543142
0.296857
0.458011
0.519921
0.543142
0.345604
0.519921
0.500196
0.543142
0.344080
0.500196
0.537318
0.543142
0.351664
0.537318
0.528409
0.543142
0.347227
0.528409
0.252339
0.543142
0.143226
0.452339
0.224614
0.543141
0.143193
0.424614
0.295491
0.543142
0.143896
0.495491
0.315011
0.543142
0.143356
0.469261
0.525861
0.543142
0.146617
0.525861
0.508888
0.543142
0.144596
0.508888
0.539385
0.543142
0.155255
0.539385
0.532699
0.543142
0.208283
0.532699
0.542732
0.543142
0.359108
0.542732
0.541348
0.543142
0.359175
0.541348

0.412953
0.612953
0.447115
0.612953
0.412953
0.612953
0.473164
0.612953
0.412948
0.612953
0.423831
0.612948
0.412966
0.612953
0.435996
0.612953
0.412561
0.612953
0.415399
0.534329
0.417277
0.612953
0.419467
0.029676
0.424910
0.612953
0.413277
0.004397
0.546256
0.612953
0.414193
0.011045
0.607657
0.612953
0.415399
0.199911
0.612915
0.612953
0.419467
0.023090
0.412933
0.612953
0.420725
0.612933
0.413025
0.612953
0.430271
0.612158
0.412329
0.612953
0.414522
0.505665
0.425761
0.612953
0.417446
0.414372
0.449287
0.612953
0.413125
0.397824
0.593356
0.612953
0.413704
0.409113
0.553419
0.612953
0.412958
0.353431
0.584912
0.612953
0.413010
0.032482
0.597771
0.612953
0.413125
0.000000
0.609113
0.612953
0.413704
0.009115
0.412632
0.612953
0.413923
0.610213
0.446330
0.612953
0.415971
0.612607
0.493840
0.612953
0.413037
0.589747
0.605029
0.612953
0.413388
0.605893
0.538566
0.612953
0.412954
0.526077
0.573670
0.612953
0.412977
0.383846
0.479495
0.612953
0.412953
0.280038
0.515433
0.612953
0.412953
0.315434
0.538566
0.612953
0.412954
0.526077
0.573670
0.612953
0.412977
0.200368

0.200320
0.398379
0.398379
0.000000
0.201328
0.399888
0.399888
0.000000
0.202732
0.399987
0.399987
0.000000
0.207711
0.400000
0.400000
0.035746
0.213257
0.400000
0.400000
0.400000
0.229148
0.400000
0.400000
0.400000
0.243835
0.400000
0.400000
0.377659
0.277761
0.400000
0.400000
0.208530
0.302639
0.400000
0.400000
0.200472
0.345207
0.400000
0.400000
0.200001
0.200004
0.366849
0.366849
0.000062
0.200051
0.390025
0.390025
0.381802
0.200163
0.396340
0.396340
0.400000
0.200781
0.399632
0.399632
0.397360
0.201705
0.399942
0.200072
0.280152
0.205204
0.399999
0.399999
0.201322
0.209295
0.400000
0.400000
0.200048
0.221622
0.400000
0.400000
0.200000
0.233572
0.400000
0.400000
0.200000
0.262842
0.400000
0.400000
0.200000
0.200000
0.285784
0.285784
0.400000
0.200000
0.328627
0.328627
0.400000
0.200001
0.352946
0.152946
0.400000
0.200020
0.382830
0.282417
0.400000
0.200077
0.392665
0.192665
0.400000
0.200437
0.398974
0.198974
0.400000
0.201024
0.399792
0.199793
0.377659
0.203413
0.399994
0.299581
0.208530
0.206356
0.400000
0.400000
0.200472
0.215693
0.400000
0.400000
0.200001

0.115139
0.450165
0.267933
0.101319
0.107188
0.464032
0.275223
0.089211
0.087379
0.427010
0.235239
0.075501
0.083917
0.441496
0.246168
0.060168
0.100039
0.404194
0.207438
0.040779
0.213243
0.417985
0.219842
0.027371
0.221188
0.382974
0.184549
0.008625
0.203522
0.394508
0.196566
0.042258
0.193804
0.401450
0.204457
0.110100
0.179951
0.412393
0.218388
0.293106
0.078950
0.421211
0.227825
0.067542
0.063429
0.435654
0.239321
0.051880
0.046114
0.398711
0.201259
0.031324
0.027951
0.412097
0.213721
0.021518
0.013751
0.377959
0.179577
0.008486
0.000000
0.388643
0.191272
0.077684
0.003886
0.358583
0.162552
0.151441
0.094189
0.364579
0.172366
0.317462
0.154643
0.367744
0.178983
0.337633
0.153436
0.371773
0.191085
0.335300
0.105114
0.393649
0.211416
0.089463
0.093223
0.407065
0.218256
0.093177
0.082150
0.374494
0.182723
0.093412
0.075909
0.386037
0.190709
0.209614
0.097835
0.358822
0.162066
0.296914
0.209345
0.367848
0.169705
0.395933
0.220532
0.346522
0.148098
0.357979
0.202050
0.352351
0.154409
0.351905
0.191600
0.356079
0.159085
0.348402
0.176052
0.362257
0.168251
0.343116

0.306209
0.214115
0.214115
0.209426
0.294700
0.209152
0.209152
0.214104
0.287901
0.206646
0.206646
0.217273
0.276839
0.203273
0.197563
0.223099
0.270402
0.201737
0.017486
0.226885
0.260079
0.199996
0.000000
0.233583
0.290261
0.221922
0.221922
0.239299
0.280275
0.219747
0.214036
0.245043
0.311289
0.244483
0.244483
0.253112
0.301844
0.241877
0.241877
0.257638
0.329577
0.240660
0.240660
0.229179
0.318579
0.235536
0.089058
0.232642
0.112108
0.232877
0.033726
0.235057
0.181020
0.229154
0.029154
0.239604
0.295413
0.227350
0.027350
0.242621
0.285544
0.225067
0.025067
0.248080
0.316714
0.250462
0.051311
0.256781
0.307433
0.247749
0.047749
0.260974
0.339020
0.275571
0.275571
0.272288
0.330490
0.272436
0.125958
0.275067
0.153555
0.270557
0.270557
0.251918
0.147402
0.265387
0.265387
0.253953
0.137533
0.262628
0.262628
0.255471
0.127852
0.258616
0.252906
0.258469
0.122203
0.256565
0.072313
0.260535
0.117022
0.253746
0.053749
0.264386
0.322201
0.282120
0.282120
0.276365
0.336414
0.278880
0.273170
0.278773
0.368058
0.309222
0.309222
0.293416
0.360648
0.305574
0.305574
0.294300

0.411454
0.512875
0.445600
0.144001
0.415156
0.538825
0.469641
0.069904
0.406108
0.538522
0.474824
0.031285
0.410107
0.570843
0.504832
0.014797
0.412854
0.499521
0.432245
0.013252
0.418300
0.593849
0.524665
0.015250
0.422276
0.621212
0.550998
0.017300
0.430516
0.643061
0.571315
0.021031
0.436671
0.651358
0.578801
0.025222
0.449430
0.661555
0.587822
0.028296
0.404510
0.471398
0.408700
0.020825
0.407921
0.490204
0.425087
0.026891
0.399313
0.490680
0.432437
0.000000
0.402573
0.515419
0.454305
0.004418
0.404651
0.530450
0.467752
0.004490
0.408435
0.559682
0.494565
0.007997
0.410988
0.576484
0.510042
0.010333
0.415967
0.602822
0.534372
0.015522
0.419557
0.616942
0.547405
0.020552
0.426945
0.636683
0.565523
0.036715
0.398077
0.497029
0.440021
0.180355
0.401323
0.522955
0.462953
0.172862
0.393568
0.527010
0.475539
0.026943
0.397028
0.555114
0.500062
0.028695
0.399476
0.571506
0.514499
0.000559
0.404467
0.596540
0.536538
0.004980
0.408193
0.609574
0.547921
0.011414
0.416057
0.627319
0.563138
0.033550
0.422010
0.635565
0.569995
0.060292
0.434469
0.645842
0.578166
0.130127

0.599999
0.599999
0.599999
0.000059
0.599999
0.599999
0.599999
0.000000
0.591156
0.599999
0.599999
0.008223
0.599946
0.599999
0.599999
0.000513
0.479903
0.599999
0.599999
0.147190
0.561553
0.599999
0.599999
0.036917
0.410288
0.599999
0.599999
0.222569
0.441506
0.599999
0.599999
0.352571
0.400506
0.599999
0.599999
0.512538
0.403763
0.599999
0.599999
0.599851
0.374424
0.599999
0.599999
0.000001
0.599299
0.599999
0.599999
0.000112
0.452503
0.599999
0.599999
0.000897
0.530023
0.599999
0.599999
0.014078
0.405339
0.599999
0.599999
0.056573
0.424787
0.599999
0.599999
0.261589
0.400195
0.599999
0.599999
0.472289
0.401782
0.599999
0.599999
0.413277
0.400000
0.599999
0.599999
0.599993
0.400037
0.599999
0.599999
0.570571
0.232311
0.599999
0.599999
0.002983
0.295911
0.599999
0.599999
0.035269
0.202611
0.599999
0.599999
0.121809
0.347002
0.599999
0.599999
0.354162
0.400067
0.599999
0.599999
0.545730
0.400786
0.599999
0.599999
0.431845
0.400000
0.599999
0.599999
0.599999
0.400010
0.599999
0.599999
0.595805
0.399999
0.599989
0.599989
0.599999
0.399999
0.599999
0.599999
0.599999

0.400002
0.532352
0.525382
0.425999
0.400057
0.564902
0.564902
0.410830
0.400172
0.579385
0.579385
0.405916
0.400743
0.593691
0.593691
0.401843
0.401534
0.597488
0.597488
0.000817
0.404316
0.599004
0.599004
0.400156
0.407397
0.597008
0.597008
0.000044
0.416269
0.583190
0.583190
0.000000
0.424647
0.599976
0.599976
0.000817
0.445138
0.599338
0.599338
0.400156
0.399997
0.461686
0.261688
0.403808
0.399997
0.495372
0.298467
0.401081
0.399998
0.517531
0.392450
0.400442
0.400022
0.551071
0.551071
0.400069
0.400084
0.563753
0.563753
0.400015
0.400433
0.561593
0.561593
0.399998
0.400956
0.545204
0.545204
0.003091
0.402919
0.503054
0.503054
0.399997
0.405197
0.593321
0.593321
0.400015
0.412050
0.572224
0.572224
0.399998
0.400002
0.532352
0.332352
0.425999
0.400057
0.564902
0.364902
0.410830
0.400172
0.579385
0.379385
0.405916
0.400743
0.593691
0.393907
0.401843
0.401534
0.597488
0.407630
0.400813
0.404316
0.599004
0.598956
0.400156
0.407397
0.597008
0.597008
0.400044
0.416269
0.583190
0.583190
0.400000
0.424647
0.599976
0.599976
0.400813
0.445138
0.599338
0.599338
0.400156

0.350575
0.426116
0.324417
0.008244
0.406050
0.424496
0.378232
0.007033
0.404782
0.419331
0.193617
0.004783
0.402618
0.421739
0.255179
0.002646
0.408113
0.338607
0.097002
0.008113
0.406050
0.406086
0.168685
0.006050
0.411297
0.424472
0.203371
0.011298
0.409323
0.426988
0.265695
0.009352
0.414351
0.431094
0.333294
0.014482
0.412457
0.429575
0.387620
0.013441
0.203926
0.422839
0.186685
0.008686
0.203251
0.421146
0.221697
0.018974
0.235427
0.420112
0.171194
0.000698
0.398073
0.418358
0.167886
0.000000
0.403925
0.421704
0.176138
0.003929
0.401733
0.421136
0.173531
0.001815
0.407295
0.425474
0.182824
0.007609
0.405207
0.423838
0.182183
0.007134
0.410514
0.428023
0.196717
0.015275
0.408519
0.426439
0.232598
0.025759
0.208113
0.426119
0.183878
0.058054
0.206050
0.424496
0.181823
0.124019
0.204782
0.423506
0.178667
0.012989
0.202739
0.421828
0.175076
0.029663
0.212836
0.426119
0.183799
0.008798
0.395659
0.424496
0.180666
0.009615
0.411297
0.428647
0.188421
0.019504
0.409323
0.427076
0.185592
0.036368
0.414351
0.431097
0.192754
0.064292
0.412457
0.429575
0.191211
0.130426

0.450065
0.489845
0.489845
0.146501
0.450967
0.500864
0.500864
0.093389
0.451736
0.506677
0.506677
0.066146
0.453473
0.516911
0.516911
0.039448
0.454826
0.523328
0.523328
0.033037
0.457669
0.534365
0.534365
0.032241
0.459759
0.541125
0.541125
0.036369
0.463938
0.552480
0.552480
0.055761
0.466885
0.559272
0.382741
0.082609
0.472558
0.570391
0.565774
0.175074
0.449291
0.476428
0.476428
0.015594
0.449543
0.483653
0.483653
0.000863
0.449817
0.488444
0.488444
0.000000
0.450554
0.497148
0.497148
0.006848
0.451202
0.502773
0.502563
0.016206
0.452705
0.512741
0.512741
0.050179
0.453897
0.519029
0.323963
0.091870
0.456439
0.529731
0.460082
0.215033
0.458333
0.534709
0.334710
0.309118
0.462159
0.526269
0.326577
0.416553
0.449196
0.464883
0.464883
0.105056
0.449207
0.470173
0.470173
0.059163
0.449243
0.473809
0.447289
0.042794
0.449416
0.480648
0.480648
0.061533
0.449622
0.485213
0.286038
0.110554
0.450212
0.493562
0.339805
0.251537
0.450751
0.498991
0.298991
0.338418
0.452035
0.508671
0.308706
0.408046
0.453076
0.514814
0.314814
0.416714
0.455334
0.525484
0.325484
0.423559

0.417491
0.430338
0.430338
0.334570
0.419932
0.430675
0.430675
0.143795
0.421201
0.430811
0.251866
0.073974
0.423057
0.430929
0.423248
0.029768
0.424038
0.430933
0.430933
0.021998
0.425481
0.430824
0.430824
0.016071
0.429369
0.435529
0.435529
0.027378
0.430602
0.435474
0.435474
0.024902
0.434224
0.439816
0.439816
0.033573
0.435301
0.439800
0.439800
0.031803
0.407191
0.424122
0.228587
0.418325
0.410880
0.424480
0.344984
0.413402
0.412672
0.424613
0.224613
0.379884
0.415182
0.424696
0.224981
0.198447
0.416464
0.424661
0.229125
0.096474
0.418306
0.424455
0.344959
0.000000
0.422614
0.429729
0.429182
0.022961
0.424123
0.429604
0.429604
0.013543
0.428085
0.434411
0.434411
0.025703
0.429365
0.434344
0.434344
0.022917
0.387821
0.422884
0.222884
0.421659
0.401948
0.423592
0.223625
0.420215
0.405356
0.423931
0.223931
0.419143
0.409528
0.424357
0.224357
0.416785
0.411506
0.424531
0.224531
0.408116
0.414240
0.424683
0.224716
0.281200
0.418748
0.429534
0.230292
0.174649
0.420843
0.429704
0.271243
0.056792
0.424902
0.434172
0.399663
0.041622
0.426608
0.434353
0.434353
0.029102

0.158300
0.314892
0.314892
0.212254
0.151360
0.320549
0.320549
0.207723
0.131678
0.279016
0.279016
0.205639
0.118574
0.278548
0.278548
0.203076
0.104722
0.212283
0.212283
0.202003
0.090086
0.220145
0.220145
0.200835
0.083161
0.223966
0.223966
0.200137
0.077796
0.227564
0.227564
0.019377
0.080052
0.227804
0.227804
0.000932
0.095534
0.225344
0.225344
0.000000
0.172955
0.245515
0.245515
0.226006
0.165748
0.286928
0.286928
0.218288
0.156234
0.237596
0.237596
0.214476
0.144545
0.267635
0.267635
0.209368
0.135525
0.195950
0.195950
0.157266
0.120500
0.204408
0.204408
0.006694
0.111030
0.209050
0.209050
0.002763
0.095627
0.217131
0.217131
0.001220
0.087559
0.221529
0.221529
0.000678
0.078773
0.226595
0.226595
0.000183
0.184884
0.321842
0.321842
0.247039
0.179473
0.344623
0.344623
0.235556
0.174867
0.269821
0.269821
0.229540
0.167122
0.272288
0.272288
0.221156
0.162111
0.205377
0.205377
0.216174
0.154401
0.200148
0.200148
0.211063
0.151007
0.199555
0.199555
0.208169
0.149890
0.202497
0.202497
0.024321
0.153384
0.206152
0.206152
0.004417
0.168107
0.213922
0.213922
0.001713

0.246626
0.500287
0.500287
0.100287
0.292039
0.500287
0.500287
0.100287
0.144927
0.500287
0.500287
0.100507
0.327482
0.500287
0.500287
0.100287
0.306580
0.500287
0.500287
0.466615
0.323519
0.500287
0.500287
0.000000
0.300689
0.500287
0.500287
0.323727
0.302789
0.500287
0.500287
0.301325
0.306580
0.500287
0.500287
0.300385
0.323519
0.500287
0.500287
0.300288
0.129656
0.500287
0.500287
0.102988
0.377497
0.500287
0.500287
0.100265
0.303733
0.500287
0.500287
0.484087
0.314523
0.500287
0.500287
0.000491
0.300456
0.500287
0.500287
0.307812
0.301551
0.500287
0.500287
0.300513
0.300289
0.500287
0.500287
0.300303
0.300325
0.500287
0.500287
0.300287
0.300456
0.500287
0.500287
0.300287
0.301551
0.500287
0.500287
0.300287
0.302079
0.500287
0.500287
0.500287
0.308641
0.500287
0.500287
0.361342
0.300351
0.500287
0.500287
0.500287
0.300886
0.500287
0.500287
0.500287
0.300287
0.500287
0.500287
0.499774
0.300299
0.500287
0.500287
0.391675
0.300287
0.495652
0.495652
0.323727
0.300287
0.500235
0.500235
0.301325
0.300287
0.500287
0.500287
0.300385
0.300299
0.500287
0.500287
0.300288

0.200181
0.400000
0.400000
0.200651
0.400000
0.400000
0.400000
0.200001
0.400000
0.400000
0.400000
0.395288
0.400000
0.400000
0.400000
0.212749
0.400000
0.400000
0.400000
0.000000
0.400000
0.400000
0.400000
0.000000
0.397232
0.400000
0.400000
0.400000
0.400000
0.400000
0.400000
0.400000
0.207861
0.400000
0.400000
0.400000
0.317685
0.400000
0.400000
0.400000
0.200000
0.400000
0.400000
0.200000
0.200000
0.400000
0.400000
0.200000
0.200000
0.400000
0.400000
0.200062
0.331901
0.400000
0.400000
0.200000
0.356698
0.400000
0.400000
0.313350
0.400000
0.400000
0.400000
0.201881
0.201849
0.400000
0.400000
0.400000
0.248697
0.400000
0.400000
0.399896
0.200001
0.400000
0.400000
0.400000
0.200148
0.400000
0.400000
0.400000
0.200181
0.400000
0.400000
0.200651
0.400000
0.400000
0.400000
0.200001
0.279147
0.400000
0.400000
0.395288
0.399811
0.400000
0.400000
0.212749
0.200362
0.400000
0.400000
0.400000
0.215180
0.400000
0.400000
0.400000
0.200000
0.400000
0.400000
0.400000
0.200020
0.400000
0.400000
0.400000
0.200000
0.400000
0.400000
0.400000
0.200000
0.400000
0.400000
0.400000

0.400018
0.455717
0.455717
0.598891
0.400116
0.475072
0.475072
0.599655
0.400267
0.487820
0.487820
0.599844
0.400818
0.510078
0.510078
0.599965
0.401430
0.523477
0.523477
0.213448
0.403179
0.544672
0.544672
0.526479
0.404826
0.556131
0.556131
0.036237
0.408933
0.572258
0.572258
0.001767
0.412416
0.579911
0.528241
0.000124
0.420313
0.589279
0.589279
0.000000
0.399999
0.426486
0.426486
0.593071
0.400000
0.439416
0.439416
0.597005
0.400006
0.448801
0.448801
0.596261
0.400060
0.467005
0.467005
0.459233
0.400156
0.479244
0.479244
0.411098
0.400540
0.501096
0.501096
0.400231
0.400993
0.514568
0.352041
0.100967
0.402349
0.536447
0.536447
0.399995
0.403670
0.548620
0.348622
0.000001
0.407059
0.566296
0.367906
0.004217
0.400018
0.455717
0.455717
0.598891
0.400116
0.475072
0.475072
0.599655
0.400267
0.487820
0.487820
0.599844
0.400818
0.510078
0.510078
0.599965
0.401430
0.523477
0.328511
0.599984
0.403179
0.544672
0.536726
0.529816
0.404826
0.556131
0.356131
0.436237
0.408933
0.572258
0.372385
0.401453
0.412416
0.579911
0.379911
0.344494
0.420313
0.589279
0.389279
0.400000

0.398515
0.503456
0.503456
0.198706
0.398515
0.552914
0.552914
0.199400
0.398515
0.398301
0.398301
0.198519
0.398532
0.465980
0.465980
0.198574
0.398774
0.301897
0.301897
0.198515
0.407766
0.358930
0.358930
0.198515
0.284540
0.398301
0.398301
0.198519
0.591654
0.465980
0.465980
0.198574
0.598514
0.503456
0.503456
0.198706
0.598515
0.552914
0.552914
0.005036
0.398516
0.582057
0.582057
0.201469
0.398625
0.594390
0.594390
0.206450
0.399742
0.525528
0.525528
0.198886
0.427728
0.566996
0.566996
0.199995
0.316347
0.425539
0.425539
0.198528
0.568767
0.491460
0.491460
0.198647
0.398516
0.525528
0.525528
0.198886
0.398950
0.566996
0.566996
0.000000
0.406200
0.582057
0.582057
0.001469
0.568821
0.594390
0.594390
0.006450
0.398690
0.597863
0.597863
0.216754
0.474275
0.598457
0.598457
0.235624
0.376050
0.588580
0.588580
0.202998
0.471123
0.596418
0.596418
0.209767
0.398515
0.544606
0.544606
0.199187
0.398560
0.577796
0.577796
0.200883
0.398515
0.588580
0.588580
0.202998
0.398515
0.596418
0.596418
0.209767
0.398515
0.597863
0.597863
0.216754
0.398560
0.598457
0.598457
0.041260

0.201446
0.288967
0.271662
0.001446
0.200750
0.330470
0.310361
0.000750
0.202461
0.355843
0.341403
0.002460
0.201860
0.386652
0.370584
0.002167
0.203451
0.398532
0.386001
0.017580
0.203249
0.405821
0.392175
0.400489
0.205218
0.407847
0.396715
0.404204
0.207037
0.407845
0.395884
0.403694
0.211160
0.408692
0.398645
0.404967
0.219674
0.408380
0.397685
0.404498
0.200001
0.368694
0.343729
0.000000
0.199228
0.393112
0.297495
0.003611
0.201338
0.401532
0.383244
0.107711
0.201231
0.405346
0.383676
0.400457
0.203898
0.406835
0.391796
0.402217
0.206658
0.406560
0.389695
0.401579
0.212180
0.407515
0.394565
0.403153
0.223441
0.407160
0.392997
0.402579
0.236309
0.408057
0.396610
0.404003
0.263846
0.407722
0.395388
0.403481
0.001766
0.404224
0.386919
0.353189
0.002063
0.405894
0.385784
0.400750
0.181030
0.407060
0.392620
0.402460
0.209340
0.406715
0.390647
0.401839
0.216211
0.407654
0.395122
0.403373
0.230883
0.407304
0.393658
0.402813
0.246337
0.408188
0.397056
0.404204
0.278424
0.407857
0.395897
0.403694
0.303819
0.408693
0.398646
0.404967
0.345431
0.408380
0.397685
0.404498

0.421623
0.195480
0.018165
0.270909
0.432793
0.235407
0.048982
0.266837
0.374418
0.197225
0.006848
0.261554
0.385580
0.234178
0.039229
0.248632
0.286513
0.258445
0.061706
0.238292
0.384183
0.301415
0.102828
0.217563
0.183409
0.328142
0.128930
0.203742
0.202387
0.373095
0.173350
0.180154
0.262574
0.399754
0.199890
0.166606
0.352821
0.442690
0.242881
0.146690
0.434898
0.216975
0.024496
0.246774
0.428557
0.257828
0.061619
0.238303
0.234249
0.197624
0.000000
0.226956
0.359196
0.237955
0.038920
0.206986
0.172018
0.265122
0.065634
0.193500
0.168315
0.314417
0.114579
0.170774
0.146356
0.345711
0.145830
0.158040
0.130908
0.398955
0.199278
0.139987
0.123448
0.430469
0.231186
0.131663
0.124807
0.479881
0.282196
0.122705
0.285727
0.304126
0.126810
0.275116
0.392833
0.354606
0.168181
0.274624
0.244140
0.284314
0.093936
0.262702
0.242950
0.335228
0.140279
0.251360
0.232162
0.367091
0.170352
0.242499
0.216499
0.420614
0.222027
0.225350
0.205337
0.452019
0.252808
0.214443
0.186120
0.501365
0.301620
0.197151
0.175358
0.528384
0.328519
0.188301
0.160666
0.567927
0.368118
0.177790

0.366369
0.394745
0.392219
0.011311
0.370683
0.396693
0.396691
0.012724
0.372956
0.397822
0.295863
0.013508
0.376383
0.399643
0.378853
0.014834
0.378270
0.400703
0.213247
0.015614
0.381194
0.402417
0.254175
0.016916
0.382837
0.403416
0.203978
0.018042
0.385422
0.405037
0.209492
0.031556
0.386892
0.405983
0.218528
0.084260
0.389227
0.407522
0.259280
0.364405
0.350097
0.390566
0.255901
0.010232
0.360922
0.392707
0.344388
0.048900
0.364377
0.393941
0.200331
0.010747
0.369049
0.395924
0.226723
0.012324
0.371462
0.397072
0.197283
0.014777
0.375059
0.398923
0.138868
0.053320
0.377025
0.399999
0.000000
0.169644
0.380054
0.401739
0.001777
0.412274
0.381750
0.402752
0.202963
0.417138
0.384409
0.404395
0.144340
0.418375
0.366369
0.394745
0.197801
0.297159
0.370683
0.396693
0.213875
0.412679
0.372956
0.397822
0.197892
0.020381
0.376383
0.399643
0.200529
0.117465
0.378270
0.400703
0.200703
0.301462
0.381194
0.402417
0.202427
0.416871
0.382837
0.403416
0.203416
0.417636
0.385422
0.405037
0.205037
0.418862
0.386892
0.405983
0.205984
0.419583
0.389227
0.407522
0.207532
0.420764

0.403748
0.230405
0.230405
0.014572
0.425641
0.240682
0.240682
0.003011
0.438564
0.247725
0.247725
0.000778
0.459496
0.260936
0.260936
0.000000
0.471573
0.269737
0.118718
0.000295
0.490689
0.285809
0.285803
0.001467
0.501461
0.296249
0.296249
0.003873
0.518112
0.314857
0.314857
0.005313
0.527269
0.326666
0.326666
0.022428
0.541079
0.347235
0.347235
0.015323
0.247047
0.252789
0.252789
0.000184
0.295699
0.266732
0.266732
0.000158
0.479265
0.275960
0.085919
0.000670
0.497933
0.292705
0.279200
0.002160
0.508324
0.303502
0.103503
0.003470
0.524288
0.319768
0.120302
0.006479
0.533013
0.334772
0.144732
0.008862
0.546089
0.355715
0.342210
0.013879
0.553053
0.368640
0.368640
0.018220
0.563226
0.390533
0.390533
0.025158
0.286977
0.282458
0.083972
0.016376
0.304926
0.299854
0.192111
0.006621
0.314918
0.311022
0.111022
0.005856
0.331597
0.330697
0.130750
0.008180
0.428817
0.343043
0.143043
0.010731
0.550805
0.364308
0.164308
0.016301
0.557335
0.377359
0.177359
0.021715
0.566809
0.399344
0.199396
0.028736
0.571689
0.412541
0.214054
0.049508
0.578579
0.434281
0.326538
0.048929

0.236116
0.251162
0.207239
0.241510
0.238132
0.259134
0.214363
0.255103
0.229468
0.250342
0.205041
0.227641
0.232196
0.259151
0.212924
0.248499
0.233984
0.264492
0.217678
0.257279
0.237234
0.273465
0.225609
0.270158
0.246724
0.285071
0.239770
0.284535
0.250686
0.294225
0.247998
0.295433
0.260396
0.305751
0.261828
0.308653
0.265086
0.314977
0.270206
0.318197
0.236568
0.245651
0.000000
0.238045
0.237694
0.252401
0.118345
0.249789
0.228934
0.243907
0.196688
0.234034
0.230620
0.251540
0.203237
0.246990
0.231754
0.256227
0.207207
0.254223
0.233875
0.264204
0.213685
0.265563
0.242965
0.275476
0.228257
0.279655
0.245760
0.283830
0.235527
0.289948
0.255038
0.295134
0.249470
0.303228
0.258559
0.303766
0.257151
0.312604
0.246550
0.248903
0.004980
0.240429
0.247213
0.254523
0.009752
0.251168
0.238540
0.246200
0.000899
0.238691
0.239549
0.252725
0.012440
0.250212
0.240235
0.256786
0.204950
0.256868
0.241553
0.263785
0.215930
0.267570
0.249838
0.274309
0.229007
0.281135
0.251730
0.281835
0.235608
0.291222
0.260173
0.292496
0.248573
0.304203
0.262729
0.300470
0.255699
0.313661

0.424269
0.487809
0.300240
0.024269
0.438513
0.488124
0.306060
0.038513
0.399210
0.486582
0.293941
0.000000
0.415108
0.487485
0.297480
0.015108
0.373524
0.483597
0.290505
0.373524
0.389514
0.485734
0.292371
0.033169
0.349627
0.477514
0.288956
0.349627
0.364238
0.481758
0.289752
0.164355
0.373524
0.483597
0.290505
0.373524
0.389514
0.485734
0.292371
0.389514
0.192747
0.486048
0.292853
0.005589
0.208818
0.487187
0.295914
0.008823
0.173463
0.482424
0.289976
0.367297
0.383068
0.485001
0.291521
0.257887
0.344163
0.475340
0.288760
0.234634
0.358245
0.480252
0.289373
0.158246
0.324950
0.463488
0.288409
0.124950
0.336442
0.471508
0.288563
0.136442
0.344163
0.475340
0.288760
0.234634
0.358245
0.480252
0.289373
0.158246
0.361219
0.481035
0.289551
0.361219
0.376682
0.484110
0.290812
0.376640
0.338950
0.472864
0.288617
0.338950
0.352446
0.478494
0.289077
0.352446
0.320860
0.459687
0.288386
0.320860
0.331632
0.468551
0.288481
0.331632
0.307421
0.441172
0.288369
0.307421
0.315277
0.453350
0.288371
0.115395
0.320860
0.459687
0.288386
0.320860
0.331632
0.468551
0.288481
0.331632

0.210328
0.546369
0.546369
0.145194
0.216737
0.560248
0.560248
0.083836
0.203535
0.520452
0.520452
0.051524
0.207356
0.537085
0.537085
0.018387
0.200624
0.492535
0.492535
0.006459
0.237200
0.510042
0.510042
0.000000
0.350436
0.465820
0.465820
0.002893
0.399198
0.482215
0.482215
0.373315
0.399956
0.492535
0.492535
0.396075
0.401882
0.510012
0.510012
0.397034
0.202388
0.513533
0.513533
0.104190
0.205895
0.530577
0.530577
0.410808
0.203272
0.485626
0.485626
0.001717
0.307094
0.503030
0.503030
0.001183
0.396443
0.459655
0.459655
0.060720
0.398822
0.475511
0.475511
0.394259
0.397908
0.437926
0.437926
0.382285
0.398045
0.450699
0.450699
0.388399
0.398229
0.457442
0.457442
0.391079
0.398822
0.452348
0.452348
0.394195
0.216898
0.478842
0.478842
0.542078
0.385802
0.496022
0.496022
0.482048
0.398096
0.453761
0.453761
0.325985
0.398532
0.468995
0.468995
0.413839
0.397888
0.433311
0.433311
0.389594
0.397971
0.445482
0.445482
0.388943
0.397875
0.418247
0.418247
0.363813
0.397877
0.427028
0.427028
0.373934
0.397888
0.433311
0.433311
0.379210
0.397971
0.445453
0.445453
0.386215

0.187493
0.315828
0.315828
0.218648
0.251590
0.322267
0.322267
0.101816
0.331456
0.305815
0.305815
0.066183
0.379325
0.312029
0.312029
0.060970
0.361356
0.296229
0.296229
0.053157
0.368259
0.302166
0.302166
0.055459
0.350368
0.287162
0.287162
0.060070
0.357225
0.292763
0.292763
0.052546
0.361356
0.296229
0.296229
0.209103
0.368259
0.302166
0.302166
0.090641
0.000723
0.328820
0.328820
0.074169
0.204196
0.335472
0.335472
0.075866
0.187271
0.318389
0.318389
0.064200
0.216468
0.324875
0.324875
0.068342
0.266209
0.308282
0.308282
0.058421
0.381558
0.314556
0.314556
0.061891
0.364115
0.298581
0.298581
0.053972
0.371025
0.304592
0.304592
0.056578
0.375175
0.308282
0.308282
0.061577
0.382091
0.314556
0.314556
0.062023
0.010900
0.342204
0.342204
0.236772
0.017650
0.349002
0.349002
0.121252
0.000000
0.331470
0.331470
0.081874
0.206840
0.338156
0.338156
0.078235
0.189222
0.320969
0.320969
0.065865
0.203374
0.327501
0.327501
0.070109
0.216688
0.310774
0.310774
0.068764
0.368414
0.317106
0.317106
0.063929
0.388971
0.320969
0.320969
0.221811
0.395881
0.327501
0.327501
0.105290

0.599997
0.599997
0.405254
0.007469
0.599997
0.599997
0.418581
0.000000
0.599997
0.599997
0.400371
0.259391
0.599997
0.599997
0.402162
0.150785
0.599997
0.599997
0.405254
0.599997
0.599997
0.599997
0.418581
0.599997
0.599997
0.599997
0.435251
0.599997
0.599997
0.599997
0.483644
0.599997
0.599997
0.599997
0.522359
0.599997
0.599997
0.599997
0.578152
0.599997
0.400003
0.599997
0.400160
0.398754
0.428650
0.599997
0.401121
0.000088
0.599897
0.599997
0.399999
0.400443
0.599997
0.599997
0.400036
0.399998
0.599997
0.599997
0.400160
0.599997
0.599997
0.599997
0.401121
0.425510
0.599997
0.599997
0.402942
0.599997
0.599997
0.599997
0.411553
0.599997
0.599997
0.599997
0.423225
0.599997
0.599997
0.599997
0.461146
0.599997
0.399952
0.599997
0.399998
0.407424
0.399997
0.599997
0.400010
0.400000
0.385105
0.599997
0.399997
0.585104
0.400637
0.599997
0.399998
0.549979
0.491783
0.599997
0.399998
0.599952
0.599997
0.599997
0.400010
0.599997
0.599997
0.599997
0.400062
0.599997
0.599997
0.599997
0.400546
0.599997
0.599997
0.599997
0.401568
0.599997
0.599997
0.599997
0.406904
0.599997

0.208197
0.539003
0.328523
0.408197
0.209689
0.540739
0.328008
0.409689
0.190399
0.517789
0.323121
0.390397
0.391476
0.519739
0.322491
0.391553
0.392566
0.520816
0.322470
0.392566
0.394771
0.522430
0.323055
0.394771
0.396395
0.523283
0.323786
0.396395
0.399581
0.524494
0.325647
0.000000
0.414867
0.543382
0.329767
0.014867
0.418006
0.544008
0.331924
0.018006
0.187004
0.512406
0.322060
0.386208
0.387274
0.514396
0.321418
0.387274
0.370596
0.490726
0.318873
0.370596
0.371290
0.492812
0.318260
0.371290
0.372075
0.494055
0.318190
0.372075
0.373994
0.496085
0.318596
0.373994
0.375506
0.497266
0.319163
0.375506
0.378608
0.499150
0.320643
0.378608
0.392007
0.518143
0.322618
0.392007
0.395187
0.519495
0.324405
0.381499
0.386165
0.508080
0.325336
0.386165
0.385838
0.510287
0.323386
0.385838
0.371499
0.486643
0.321741
0.371499
0.370670
0.488655
0.320059
0.370670
0.370534
0.489893
0.319283
0.370534
0.370920
0.491978
0.318433
0.370920
0.371521
0.493228
0.318211
0.371521
0.373136
0.495281
0.318354
0.373136
0.387570
0.514775
0.321376
0.387570
0.389457
0.516561
0.321613
0.389457

0.399999
0.587865
0.584369
0.000042
0.399999
0.596519
0.596519
0.000001
0.399999
0.599978
0.407545
0.000896
0.400011
0.599992
0.514009
0.000191
0.400063
0.599999
0.596503
0.008019
0.400557
0.599999
0.599999
0.025123
0.401613
0.599999
0.599999
0.156262
0.407189
0.599999
0.599999
0.410274
0.415418
0.599999
0.599999
0.504216
0.445043
0.599999
0.599999
0.456216
0.400000
0.579117
0.380905
0.000000
0.400037
0.536339
0.383122
0.000249
0.400163
0.599479
0.399480
0.002947
0.401150
0.592625
0.392769
0.073305
0.403042
0.599999
0.401787
0.262213
0.412078
0.599949
0.446732
0.400062
0.424392
0.599999
0.553183
0.404644
0.464343
0.599999
0.599999
0.401214
0.500755
0.599999
0.599999
0.425012
0.564091
0.599999
0.599999
0.409263
0.400378
0.599882
0.399882
0.012091
0.402230
0.597010
0.397030
0.185918
0.405459
0.599999
0.399999
0.378751
0.419489
0.599992
0.399992
0.400155
0.437089
0.599999
0.399999
0.407421
0.487828
0.599999
0.400019
0.402144
0.527536
0.599999
0.400351
0.435350
0.581743
0.599999
0.414585
0.414095
0.595717
0.599999
0.476243
0.504216
0.599931
0.599999
0.599720
0.456216

0.146824
0.135914
0.135914
0.091970
0.129287
0.124411
0.124411
0.091954
0.319881
0.158984
0.158984
0.092327
0.360665
0.143887
0.143887
0.092028
0.413563
0.187715
0.187715
0.093806
0.394792
0.169116
0.169116
0.092701
0.331046
0.221455
0.221455
0.097384
0.421405
0.199836
0.000000
0.094846
0.260272
0.258917
0.258917
0.104121
0.276080
0.235155
0.235155
0.099483
0.190784
0.165651
0.165651
0.092556
0.169610
0.149655
0.149655
0.092109
0.220103
0.195720
0.195720
0.094463
0.202954
0.176305
0.176305
0.093061
0.110867
0.230535
0.152566
0.098730
0.405538
0.208284
0.008284
0.095730
0.262633
0.268659
0.068659
0.106422
0.262892
0.244539
0.044539
0.101157
0.274406
0.308153
0.230185
0.118546
0.267320
0.283424
0.083425
0.110400
0.217697
0.204025
0.204025
0.095267
0.216401
0.183830
0.183830
0.093528
0.205069
0.239824
0.239824
0.100291
0.358043
0.217002
0.217002
0.096786
0.265739
0.278488
0.278488
0.109002
0.259891
0.254089
0.254089
0.103070
0.276769
0.317985
0.317985
0.122371
0.270350
0.293320
0.093483
0.113423
0.283833
0.356103
0.356103
0.141139
0.279837
0.332559
0.332559
0.128748

0.225655
0.198907
0.198907
0.028029
0.221945
0.196941
0.196941
0.002279
0.232700
0.211156
0.211156
0.011928
0.229847
0.209544
0.209544
0.000000
0.240759
0.223432
0.223432
0.014174
0.238394
0.221154
0.221154
0.009355
0.249314
0.232592
0.232592
0.025284
0.247453
0.220932
0.220932
0.023090
0.258352
0.221968
0.221968
0.039134
0.256936
0.190166
0.190166
0.037657
0.160023
0.214238
0.214238
0.011157
0.231930
0.212673
0.212673
0.001587
0.042849
0.226355
0.226355
0.016437
0.046235
0.223048
0.223048
0.012578
0.176831
0.232735
0.232735
0.028634
0.249787
0.216378
0.216378
0.026722
0.260678
0.214058
0.214058
0.042686
0.259365
0.178397
0.178397
0.041277
0.270211
0.168269
0.168269
0.056794
0.269283
0.131343
0.131343
0.055543
0.044970
0.229746
0.229746
0.066621
0.043218
0.228620
0.228620
0.042222
0.053778
0.242225
0.242225
0.049419
0.052146
0.241352
0.241352
0.038196
0.063027
0.254635
0.254635
0.050761
0.062169
0.253003
0.253003
0.046454
0.091659
0.263836
0.263836
0.061028
0.271809
0.252737
0.252737
0.059225
0.282575
0.253166
0.253166
0.074053
0.282070
0.221843
0.221843
0.072876

0.007596
0.400000
0.204243
0.000020
0.114505
0.400000
0.200320
0.000000
0.197998
0.400000
0.200046
0.000000
0.235070
0.400000
0.200001
0.000000
0.326785
0.400000
0.204243
0.000020
0.399996
0.400000
0.200320
0.000000
0.400000
0.400000
0.279322
0.002738
0.400000
0.400000
0.215100
0.000169
0.400000
0.400000
0.399356
0.068576
0.400000
0.400000
0.347791
0.010660
0.000001
0.400000
0.200010
0.006923
0.000145
0.400000
0.200000
0.000565
0.001795
0.400000
0.200000
0.000087
0.046989
0.400000
0.200000
0.000001
0.153830
0.400000
0.200010
0.006923
0.211012
0.400000
0.200000
0.000565
0.257928
0.400000
0.201631
0.124439
0.397477
0.400000
0.200092
0.023813
0.400000
0.400000
0.244144
0.392091
0.400000
0.400000
0.206617
0.246980
0.000001
0.400000
0.204243
0.202851
0.000122
0.400000
0.200320
0.049194
0.001416
0.400000
0.200046
0.016089
0.035090
0.400000
0.200001
0.001663
0.127138
0.400000
0.204243
0.202851
0.214640
0.400000
0.200320
0.049194
0.276532
0.400000
0.279322
0.399429
0.399731
0.400000
0.215100
0.328853
0.400000
0.400000
0.399356
0.400000
0.400000
0.400000
0.347791
0.399999

0.212912
0.373820
0.197035
0.309305
0.211558
0.378553
0.192388
0.313367
0.208715
0.381331
0.191109
0.312759
0.199866
0.385865
0.190968
0.307023
0.193930
0.388531
0.191813
0.300737
0.299681
0.392887
0.194298
0.286114
0.362535
0.395451
0.196233
0.275473
0.341120
0.399641
0.199887
0.256250
0.328318
0.402100
0.202219
0.244696
0.308568
0.406055
0.206182
0.226914
0.177219
0.383159
0.190785
0.311185
0.195416
0.387646
0.191467
0.303060
0.000000
0.390286
0.192670
0.295451
0.174104
0.394600
0.195560
0.279134
0.325497
0.397140
0.197645
0.267906
0.332537
0.401286
0.201435
0.248505
0.320107
0.403709
0.203799
0.237289
0.301525
0.407551
0.207768
0.220624
0.292093
0.409624
0.210131
0.212285
0.279629
0.412234
0.214012
0.201562
0.098148
0.392024
0.215239
0.338510
0.226443
0.396298
0.210134
0.339255
0.222880
0.398815
0.208593
0.337581
0.213703
0.402936
0.208039
0.330486
0.205571
0.405365
0.208648
0.323535
0.188691
0.409345
0.210756
0.307962
0.209258
0.411692
0.212474
0.296822
0.354250
0.415536
0.215782
0.276853
0.341311
0.417795
0.217914
0.264894
0.321340
0.421429
0.221556
0.246492

0.096193
0.244838
0.114294
0.195625
0.091175
0.239651
0.228387
0.191559
0.088146
0.236546
0.038251
0.189339
0.083210
0.231392
0.053007
0.186434
0.101900
0.244838
0.114294
0.195625
0.286809
0.239651
0.228387
0.191559
0.304141
0.253154
0.253080
0.202733
0.299186
0.247956
0.247956
0.198220
0.311980
0.261463
0.261463
0.210313
0.307094
0.256272
0.256272
0.205532
0.106113
0.255233
0.055736
0.004592
0.102982
0.250035
0.058533
0.000000
0.140868
0.246916
0.046917
0.197344
0.293187
0.241724
0.041784
0.193139
0.306112
0.255233
0.055736
0.204592
0.301173
0.250035
0.058533
0.200000
0.313922
0.263537
0.096544
0.212260
0.309054
0.258350
0.208612
0.207428
0.321613
0.271803
0.268384
0.220199
0.316821
0.266642
0.266642
0.215211
0.275164
0.265607
0.065607
0.214223
0.311007
0.260426
0.060437
0.209346
0.308075
0.257311
0.057311
0.206477
0.303154
0.252114
0.052114
0.201815
0.315856
0.265607
0.065607
0.214223
0.311007
0.260426
0.060437
0.209346
0.323516
0.273861
0.073989
0.222215
0.318743
0.268708
0.071704
0.217197
0.331049
0.282052
0.095794
0.230366
0.326357
0.276941
0.171618
0.225256

0.533825
0.598715
0.598715
0.002669
0.598715
0.598715
0.598715
0.017637
0.598715
0.598715
0.598715
0.001051
0.598715
0.598715
0.598715
0.000208
0.598715
0.598715
0.598715
0.032741
0.598715
0.598715
0.598715
0.005687
0.511382
0.595339
0.595339
0.159662
0.598333
0.598705
0.598705
0.070747
0.401330
0.598715
0.598715
0.198700
0.435838
0.598715
0.598715
0.191293
0.398715
0.598715
0.598715
0.066323
0.398715
0.598715
0.598715
0.176622
0.398780
0.598715
0.598715
0.006374
0.598715
0.598715
0.598715
0.031313
0.455326
0.598715
0.598715
0.000000
0.587718
0.598715
0.598715
0.001526
0.399433
0.598715
0.598715
0.017620
0.412899
0.598715
0.598715
0.002081
0.398715
0.598715
0.598715
0.124976
0.398791
0.598715
0.598715
0.045967
0.531079
0.598715
0.598715
0.320067
0.598715
0.598715
0.598715
0.391587
0.422078
0.598715
0.598715
0.104511
0.542901
0.598715
0.598715
0.235778
0.398883
0.598715
0.598715
0.046906
0.403458
0.598715
0.598715
0.059299
0.398715
0.598715
0.598715
0.160508
0.398728
0.598715
0.598715
0.076258
0.398715
0.598715
0.598715
0.212865
0.398715
0.598715
0.598715
0.244905

0.334623
0.460050
0.262628
0.010350
0.527248
0.453183
0.260252
0.008144
0.518624
0.449219
0.249540
0.002663
0.515047
0.442907
0.244187
0.404808
0.511004
0.439311
0.241889
0.404532
0.503527
0.433663
0.240731
0.403688
0.498941
0.430492
0.242471
0.403285
0.491269
0.425589
0.251453
0.402847
0.511114
0.439311
0.277950
0.404642
0.503531
0.433663
0.302094
0.403691
0.311904
0.446648
0.246815
0.000000
0.311235
0.440493
0.241256
0.403497
0.262225
0.436998
0.237003
0.358349
0.480146
0.431530
0.231584
0.385630
0.487744
0.428473
0.228640
0.394948
0.486823
0.423766
0.224529
0.401363
0.483286
0.421180
0.222811
0.402314
0.476048
0.417274
0.222097
0.402596
0.495872
0.428473
0.236950
0.403075
0.488203
0.423766
0.243072
0.402744
0.274073
0.460050
0.260051
0.349799
0.500008
0.453183
0.253205
0.380903
0.398539
0.449219
0.249219
0.282575
0.430796
0.442907
0.242907
0.320588
0.450454
0.439311
0.239312
0.343982
0.476287
0.433663
0.233685
0.376447
0.484966
0.430492
0.230572
0.389310
0.488232
0.425589
0.226024
0.399810
0.510223
0.439311
0.240305
0.403752
0.503471
0.433663
0.236863
0.403632

0.269424
0.270640
0.270640
0.116903
0.288030
0.264913
0.264913
0.115949
0.406930
0.233781
0.077166
0.110928
0.453637
0.227699
0.227667
0.110347
0.418738
0.200126
0.200126
0.108337
0.424137
0.194595
0.194595
0.107856
0.426636
0.192275
0.192275
0.107947
0.429495
0.190167
0.190167
0.108714
0.457864
0.224807
0.224807
0.110590
0.463618
0.221446
0.221446
0.111896
0.288522
0.260079
0.068913
0.116606
0.296072
0.256521
0.236411
0.118706
0.260368
0.223235
0.023236
0.110982
0.265932
0.220649
0.021135
0.112712
0.257084
0.191165
0.000000
0.108163
0.430180
0.189948
0.169838
0.109230
0.430733
0.190286
0.190286
0.110218
0.430487
0.192582
0.192582
0.112430
0.467601
0.220069
0.220069
0.114227
0.469737
0.220766
0.220766
0.117474
0.318638
0.310456
0.110457
0.128936
0.336765
0.306797
0.106846
0.130892
0.456397
0.269869
0.069869
0.118554
0.503022
0.266175
0.066175
0.120684
0.467791
0.232047
0.032047
0.112091
0.473528
0.229166
0.029215
0.113947
0.476103
0.228363
0.029727
0.115572
0.478880
0.228643
0.111450
0.119052
0.507078
0.264624
0.262498
0.122624
0.512353
0.263330
0.263330
0.126839

0.000546
0.298321
0.132894
0.000051
0.001310
0.320998
0.122398
0.000410
0.002120
0.334225
0.134346
0.000112
0.004362
0.354442
0.154443
0.000116
0.006465
0.364950
0.199523
0.000116
0.012143
0.379101
0.180501
0.000422
0.018027
0.385480
0.385475
0.013075
0.037956
0.392865
0.318329
0.395865
0.062208
0.395662
0.395662
0.400116
0.136988
0.398367
0.398367
0.400116
0.000135
0.256755
0.056772
0.096354
0.000269
0.276457
0.076457
0.399844
0.000573
0.289410
0.089410
0.000000
0.002645
0.311955
0.111955
0.004161
0.006628
0.325466
0.125484
0.097267
0.026639
0.346708
0.146708
0.400115
0.054311
0.358100
0.168961
0.400116
0.133000
0.373969
0.174257
0.400116
0.181944
0.381401
0.378651
0.400116
0.219491
0.390361
0.247491
0.400116
0.000609
0.226969
0.061541
0.393916
0.003711
0.240142
0.041542
0.397524
0.009866
0.249708
0.049828
0.337491
0.039184
0.268250
0.068251
0.399662
0.075555
0.280699
0.115272
0.399908
0.156494
0.302871
0.104271
0.400068
0.189419
0.316489
0.316484
0.400099
0.202350
0.338487
0.263951
0.400114
0.203798
0.350642
0.350642
0.400116
0.207225
0.368129
0.368129
0.400116

0.599479
0.599336
0.399722
0.003946
0.599479
0.598050
0.400370
0.001043
0.599479
0.595346
0.401080
0.000229
0.599479
0.583595
0.404311
0.056075
0.599479
0.570494
0.410065
0.399536
0.599479
0.538885
0.432240
0.399484
0.599479
0.595346
0.529495
0.400229
0.599479
0.583595
0.569391
0.399651
0.599479
0.599336
0.596538
0.403946
0.599479
0.598050
0.598024
0.401043
0.399478
0.591976
0.391978
0.000000
0.399479
0.575403
0.375441
0.397785
0.599120
0.559135
0.359300
0.399503
0.599479
0.523970
0.325158
0.399480
0.599479
0.500949
0.304126
0.399479
0.599479
0.465323
0.278109
0.399479
0.599479
0.559135
0.385104
0.399503
0.599479
0.523970
0.392591
0.399480
0.599479
0.591976
0.498779
0.399913
0.599479
0.575403
0.545199
0.399563
0.590580
0.599336
0.399336
0.395048
0.599235
0.598050
0.398050
0.400799
0.599472
0.595346
0.395347
0.400222
0.599479
0.583595
0.383607
0.399651
0.599479
0.570494
0.370558
0.399536
0.599479
0.538885
0.339457
0.399484
0.599479
0.595346
0.397019
0.400229
0.599479
0.583595
0.391167
0.399651
0.599479
0.599336
0.415694
0.403946
0.599479
0.598050
0.446126
0.401043

0.354352
0.350124
0.152218
0.262948
0.544300
0.334951
0.139879
0.213242
0.484100
0.326941
0.127300
0.228159
0.483741
0.315389
0.116546
0.251800
0.554282
0.350124
0.152218
0.262948
0.544302
0.334951
0.139879
0.274553
0.601176
0.379009
0.186737
0.280335
0.585656
0.360309
0.175322
0.282444
0.630270
0.412935
0.234317
0.287841
0.615639
0.391197
0.227291
0.285687
0.346696
0.387059
0.187265
0.019651
0.354825
0.367537
0.168285
0.044216
0.270467
0.356825
0.156835
0.171115
0.329742
0.340747
0.140827
0.000000
0.546696
0.387059
0.187265
0.219651
0.554825
0.367537
0.168285
0.244216
0.608883
0.422064
0.223485
0.262467
0.609711
0.399691
0.203252
0.274349
0.646836
0.460382
0.266135
0.290511
0.641284
0.436141
0.247789
0.290006
0.317642
0.431402
0.231405
0.167763
0.532972
0.408457
0.208495
0.131447
0.458605
0.395366
0.195409
0.125879
0.463163
0.375100
0.175104
0.145613
0.517572
0.431402
0.231405
0.167763
0.532973
0.408457
0.208495
0.192757
0.579946
0.470257
0.270368
0.222686
0.598234
0.445740
0.246204
0.244475
0.632905
0.509912
0.310846
0.278070
0.644540
0.485153
0.287668
0.287040

0.400415
0.393878
0.393878
0.210914
0.405338
0.467175
0.467175
0.219587
0.400909
0.248316
0.248316
0.202612
0.405082
0.345659
0.345659
0.212594
0.403144
0.372283
0.372283
0.192188
0.406581
0.443626
0.443626
0.203424
0.408876
0.470721
0.470721
0.209882
0.413149
0.495951
0.495951
0.149589
0.416012
0.505190
0.505190
0.033043
0.421336
0.518410
0.518410
0.040404
0.401339
0.467828
0.467828
0.200521
0.405312
0.486640
0.486640
0.212055
0.403889
0.398082
0.398082
0.189295
0.407173
0.455850
0.455850
0.200854
0.407377
0.450896
0.450896
0.177085
0.410191
0.467113
0.467113
0.010502
0.412006
0.473742
0.473742
0.000000
0.415308
0.484420
0.484420
0.017965
0.417490
0.491110
0.491110
0.032552
0.421526
0.502791
0.502791
0.067108
0.404692
0.464044
0.464044
0.191726
0.407837
0.474359
0.474359
0.213323
0.408340
0.453681
0.453681
0.174080
0.411073
0.465801
0.465801
0.188583
0.412358
0.452485
0.452485
0.165182
0.414911
0.459927
0.459927
0.187927
0.416472
0.464785
0.464785
0.206536
0.419186
0.473575
0.473575
0.179505
0.420914
0.479259
0.479259
0.092570
0.424030
0.489390
0.489390
0.165487

0.367312
0.413391
0.364237
0.398059
0.369282
0.412200
0.362989
0.207440
0.377878
0.418785
0.369905
0.006474
0.378324
0.417521
0.368448
0.001233
0.386251
0.423943
0.375489
0.008019
0.386003
0.422628
0.373894
0.006153
0.393531
0.428895
0.380972
0.016226
0.392890
0.427546
0.379281
0.010978
0.400129
0.433664
0.386350
0.417566
0.399240
0.432294
0.384592
0.226928
0.109576
0.406247
0.357122
0.391621
0.351331
0.405193
0.356492
0.389816
0.363971
0.412000
0.362811
0.396785
0.366663
0.410832
0.361634
0.394920
0.375518
0.417460
0.368495
0.069879
0.376226
0.416212
0.367082
0.000000
0.384285
0.422673
0.374102
0.406797
0.384172
0.421370
0.372537
0.404904
0.391786
0.427675
0.379611
0.411647
0.391226
0.426334
0.377941
0.409780
0.167312
0.413391
0.364237
0.398059
0.169282
0.412200
0.362989
0.396218
0.177878
0.418785
0.369905
0.403092
0.204499
0.417521
0.368448
0.401233
0.386251
0.423943
0.375489
0.408019
0.386003
0.422628
0.373894
0.406153
0.393531
0.428895
0.380972
0.412844
0.392890
0.427546
0.379281
0.410977
0.400129
0.433664
0.386350
0.417566
0.399240
0.432294
0.384592
0.415706

0.599992
0.599992
0.599992
0.599992
0.599992
0.599992
0.599992
0.599992
0.599992
0.599992
0.599992
0.599992
0.599992
0.599992
0.599992
0.199999
0.599992
0.599992
0.599992
0.199992
0.599992
0.599992
0.599992
0.038864
0.599992
0.599992
0.599992
0.401655
0.599992
0.599992
0.599992
0.000000
0.599992
0.599992
0.599992
0.599992
0.599992
0.599992
0.599992
0.438864
0.400152
0.599992
0.599992
0.599992
0.599992
0.599992
0.599992
0.599992
0.599992
0.599992
0.431488
0.593205
0.599992
0.599992
0.599992
0.405206
0.599992
0.599992
0.599992
0.400122
0.599992
0.599992
0.599992
0.006542
0.599992
0.599992
0.599992
0.399992
0.599992
0.599992
0.599992
0.399992
0.599992
0.599992
0.599992
0.400122
0.599992
0.599992
0.599992
0.399992
0.399992
0.599992
0.400012
0.599992
0.399992
0.599992
0.599992
0.599992
0.399992
0.599992
0.399992
0.599992
0.519675
0.599992
0.399992
0.599992
0.599992
0.599992
0.400012
0.599992
0.599992
0.599992
0.599992
0.438864
0.599992
0.599992
0.599992
0.401655
0.599992
0.599992
0.599992
0.399993
0.599992
0.599992
0.599992
0.599992
0.599992
0.599992
0.599992
0.438864

0.200742
0.468320
0.468320
0.202006
0.202315
0.517204
0.517204
0.253081
0.204119
0.541295
0.541295
0.038605
0.209467
0.570838
0.570838
0.001607
0.214666
0.582397
0.582397
0.000128
0.228006
0.593529
0.593529
0.000000
0.239552
0.596804
0.596804
0.038605
0.266034
0.599187
0.599187
0.001607
0.286730
0.599685
0.599685
0.202006
0.329313
0.599949
0.599949
0.253081
0.200021
0.359143
0.359143
0.412041
0.200171
0.413412
0.413412
0.400308
0.200434
0.446707
0.446707
0.012421
0.201514
0.498775
0.498775
0.304519
0.202826
0.525737
0.525737
0.000001
0.206902
0.560632
0.560632
0.000736
0.211005
0.575169
0.575169
0.012421
0.221868
0.590098
0.590098
0.304519
0.231526
0.594838
0.594838
0.412056
0.254279
0.598551
0.598551
0.400309
0.199999
0.272520
0.272520
0.599400
0.200000
0.311114
0.311114
0.535576
0.200006
0.338944
0.338944
0.438571
0.200082
0.391269
0.391269
0.401524
0.200238
0.424553
0.424553
0.060124
0.200952
0.478785
0.478785
0.397898
0.201880
0.508205
0.508205
0.438605
0.204922
0.548282
0.548282
0.401528
0.208104
0.565998
0.565998
0.599999
0.216822
0.585350
0.585350
0.535685

