0.058999
0.072219
0.009684
0.000000
0.065040
0.078970
0.016219
0.006203
0.063288
0.079390
0.012073
0.006516
0.068790
0.085554
0.017979
0.015302
0.071873
0.089043
0.021243
0.020263
0.076658
0.094523
0.026229
0.028033
0.079321
0.097615
0.028954
0.032404
0.083425
0.102456
0.033059
0.039221
0.085691
0.105177
0.035264
0.043039
0.089146
0.109419
0.038519
0.048962
0.050612
0.073340
0.004770
0.004408
0.056739
0.079790
0.010952
0.013229
0.054586
0.079741
0.005921
0.012616
0.060162
0.085629
0.011492
0.020639
0.063280
0.088956
0.014551
0.025156
0.068106
0.094169
0.019188
0.032205
0.070785
0.097105
0.021698
0.036156
0.074898
0.101687
0.025437
0.042289
0.077160
0.104254
0.027417
0.045705
0.080593
0.108242
0.031798
0.050973
0.048124
0.076319
0.007846
0.015818
0.053063
0.082748
0.014300
0.024251
0.050719
0.082374
0.009928
0.022945
0.056794
0.088275
0.014614
0.030666
0.060208
0.091616
0.017879
0.035020
0.065523
0.096863
0.022872
0.041829
0.068494
0.099824
0.025604
0.045652
0.073089
0.104458
0.029727
0.051603
0.075639
0.107063
0.031947
0.054926
0.079551
0.111122
0.035230
0.060067

0.086927
0.083024
0.052534
0.025538
0.088113
0.080721
0.051808
0.020358
0.087760
0.081960
0.048766
0.020476
0.088765
0.079449
0.047972
0.015086
0.087665
0.079988
0.043850
0.014174
0.088500
0.077258
0.042989
0.008549
0.086636
0.077088
0.037745
0.006583
0.087312
0.074129
0.036821
0.000700
0.090676
0.076775
0.040636
0.003666
0.090891
0.073391
0.039123
0.000000
0.078751
0.079665
0.045758
0.024352
0.080482
0.077789
0.045637
0.020832
0.080226
0.079416
0.042502
0.020266
0.081787
0.077358
0.042353
0.015463
0.080727
0.078247
0.038059
0.014944
0.082134
0.075999
0.037889
0.009966
0.080251
0.076143
0.032390
0.008343
0.081517
0.073698
0.032208
0.003169
0.085479
0.077018
0.036830
0.007102
0.086272
0.074163
0.036054
0.001364
0.075585
0.082348
0.044641
0.032250
0.076638
0.081184
0.045428
0.028532
0.075955
0.082456
0.041405
0.028432
0.078284
0.081115
0.042188
0.024587
0.076763
0.081650
0.036958
0.023410
0.078939
0.080130
0.037750
0.019423
0.076558
0.079918
0.032826
0.017142
0.078600
0.078216
0.032076
0.012998
0.082773
0.081617
0.036925
0.017019
0.084314
0.079501
0.037121
0.012318

0.077135
0.098941
0.030003
0.045629
0.081922
0.104005
0.034954
0.052161
0.072727
0.093136
0.017597
0.032807
0.077474
0.098350
0.022664
0.039705
0.073257
0.089895
0.014003
0.024615
0.077671
0.095103
0.018664
0.031600
0.072671
0.085674
0.008785
0.014944
0.076775
0.090907
0.013062
0.022058
0.077529
0.084029
0.013924
0.013289
0.081752
0.089542
0.018584
0.017989
0.068061
0.097530
0.020243
0.046717
0.072915
0.102453
0.025011
0.052830
0.063724
0.092144
0.007454
0.034279
0.068502
0.097177
0.012293
0.040704
0.064953
0.089716
0.004581
0.027164
0.069322
0.094681
0.008903
0.033581
0.065003
0.086301
0.000000
0.018574
0.068986
0.091228
0.005602
0.025021
0.071282
0.085926
0.007241
0.015863
0.075359
0.091094
0.011425
0.022838
0.065510
0.098480
0.020744
0.052682
0.069559
0.103543
0.026157
0.058865
0.060536
0.093828
0.010288
0.041184
0.065857
0.098986
0.014212
0.047671
0.063234
0.092600
0.007909
0.035835
0.068116
0.097655
0.012881
0.042267
0.064756
0.090414
0.005458
0.029078
0.069225
0.095394
0.009907
0.035494
0.071676
0.090842
0.013339
0.027438
0.076164
0.095999
0.018035
0.034283

0.061424
0.082848
0.006195
0.014367
0.065693
0.088882
0.012871
0.022862
0.061263
0.079288
0.001081
0.006976
0.067242
0.085742
0.008584
0.013107
0.076167
0.092923
0.021559
0.023997
0.081614
0.098816
0.028341
0.032563
0.089847
0.105429
0.040292
0.042579
0.094811
0.110810
0.046422
0.050375
0.102405
0.116902
0.057430
0.059589
0.106929
0.121816
0.062972
0.066684
0.063832
0.090875
0.005056
0.023646
0.069000
0.096274
0.012624
0.031301
0.064871
0.087729
0.000000
0.013971
0.070376
0.093543
0.007096
0.022522
0.079555
0.100689
0.020667
0.033441
0.084559
0.105991
0.027061
0.041209
0.093025
0.112574
0.039560
0.051255
0.097574
0.117410
0.045323
0.058314
0.105384
0.123475
0.056836
0.067558
0.109519
0.127885
0.062028
0.073971
0.073845
0.102341
0.014015
0.038483
0.078959
0.107421
0.020496
0.045794
0.074055
0.099174
0.009947
0.029067
0.079525
0.104653
0.015342
0.037235
0.088153
0.111272
0.028236
0.047406
0.093119
0.116265
0.034877
0.054821
0.101072
0.122360
0.046740
0.064173
0.105581
0.126910
0.052721
0.070905
0.112910
0.132522
0.063637
0.079506
0.117005
0.136669
0.069023
0.085617

0.030766
0.058576
0.018727
0.027108
0.036117
0.063993
0.021582
0.032247
0.025175
0.051877
0.007849
0.015531
0.030408
0.057389
0.010530
0.020823
0.024948
0.047737
0.007889
0.009361
0.030511
0.053598
0.011187
0.015250
0.023486
0.042599
0.006532
0.004553
0.029403
0.048837
0.010451
0.008473
0.029476
0.049912
0.017268
0.014222
0.035401
0.055978
0.021235
0.020476
0.019919
0.056233
0.011095
0.029154
0.025371
0.061559
0.013518
0.033800
0.014374
0.049872
0.000000
0.017944
0.019659
0.055253
0.004008
0.022682
0.014983
0.046510
0.001372
0.013003
0.020604
0.052230
0.004188
0.018329
0.014272
0.042125
0.001270
0.006830
0.020254
0.048209
0.004727
0.012762
0.020205
0.049036
0.012059
0.018551
0.026233
0.054985
0.015630
0.024289
0.017032
0.056907
0.017059
0.037883
0.021658
0.062475
0.020064
0.042606
0.010852
0.051302
0.007275
0.027818
0.016826
0.056915
0.010056
0.032628
0.011446
0.048235
0.008387
0.023209
0.017710
0.054148
0.011737
0.028547
0.010707
0.044153
0.008087
0.017432
0.017291
0.050395
0.012009
0.023318
0.017328
0.050341
0.017697
0.028004
0.022550
0.056458
0.021715
0.033707

0.073825
0.074625
0.074625
0.033553
0.075779
0.072450
0.072450
0.026936
0.069780
0.066655
0.066655
0.020083
0.071382
0.064018
0.064018
0.012783
0.064608
0.057593
0.057593
0.005292
0.065874
0.054485
0.054485
0.000000
0.070408
0.066730
0.066730
0.019948
0.071931
0.064061
0.064061
0.012638
0.075099
0.074785
0.074785
0.033288
0.076893
0.072544
0.072544
0.026650
0.064532
0.071202
0.071202
0.034819
0.067166
0.069527
0.069527
0.028652
0.060854
0.063591
0.063591
0.021801
0.063130
0.061460
0.061460
0.014966
0.055983
0.054862
0.054862
0.007466
0.057922
0.052268
0.052268
0.001324
0.061661
0.063741
0.063741
0.021692
0.063844
0.061571
0.061571
0.014844
0.066167
0.071512
0.071512
0.034605
0.068613
0.069758
0.069758
0.028412
0.059472
0.073286
0.073286
0.045702
0.061438
0.072454
0.072454
0.040499
0.054896
0.066545
0.066545
0.033940
0.058112
0.065285
0.065285
0.028121
0.050677
0.058692
0.058692
0.020923
0.053571
0.057003
0.057003
0.014459
0.055914
0.066785
0.066785
0.033863
0.059021
0.065478
0.065478
0.028027
0.061357
0.073778
0.073778
0.045554
0.063277
0.072851
0.072851
0.040316

0.037114
0.043961
0.043961
0.021122
0.041956
0.048230
0.048230
0.023828
0.032787
0.037992
0.037992
0.011448
0.038850
0.042163
0.042163
0.014016
0.028935
0.031222
0.031222
0.000877
0.034910
0.035304
0.035304
0.003302
0.027966
0.029938
0.029938
0.000000
0.034072
0.034274
0.034274
0.002845
0.033865
0.033135
0.033135
0.003433
0.039834
0.037536
0.037536
0.004958
0.039758
0.046684
0.046684
0.022420
0.045587
0.050555
0.050555
0.024590
0.036041
0.040169
0.040169
0.012219
0.041777
0.043940
0.043940
0.014229
0.031478
0.032845
0.032845
0.001094
0.037138
0.036521
0.036521
0.004472
0.030210
0.031690
0.031690
0.000803
0.036036
0.035650
0.035650
0.003097
0.036418
0.035418
0.035418
0.003477
0.042117
0.039456
0.039456
0.006072
0.046815
0.055589
0.055589
0.034834
0.052566
0.059471
0.059471
0.037128
0.042752
0.049139
0.049139
0.025129
0.048444
0.052950
0.052950
0.027294
0.037876
0.041922
0.041922
0.014560
0.043527
0.045669
0.045669
0.016591
0.037029
0.040222
0.040222
0.013719
0.041745
0.044247
0.044247
0.016177
0.042114
0.043893
0.043893
0.016208
0.047804
0.047974
0.047974
0.018931

0.019639
0.042386
0.009956
0.003674
0.020854
0.040544
0.006222
0.000000
0.021580
0.047588
0.012080
0.011723
0.022793
0.045964
0.008386
0.005541
0.031001
0.057368
0.018490
0.022103
0.031843
0.055709
0.014564
0.016100
0.039256
0.066155
0.023587
0.031232
0.039726
0.064448
0.019398
0.025364
0.052855
0.077667
0.038788
0.045626
0.053327
0.076111
0.034965
0.040230
0.009606
0.041312
0.004990
0.009051
0.011421
0.040105
0.001665
0.003178
0.010982
0.045784
0.006014
0.015818
0.012750
0.044750
0.002662
0.010250
0.020560
0.055333
0.011789
0.025269
0.021882
0.054201
0.008118
0.019796
0.028906
0.063875
0.016199
0.033480
0.029783
0.062634
0.013845
0.028066
0.043304
0.075567
0.032023
0.047741
0.044156
0.074444
0.028361
0.042767
0.005942
0.042455
0.010024
0.019260
0.007286
0.042095
0.007773
0.014407
0.007222
0.046614
0.011105
0.025461
0.008713
0.046404
0.008825
0.020884
0.016471
0.056421
0.017542
0.034776
0.018757
0.056072
0.014927
0.030257
0.025756
0.065236
0.022668
0.042922
0.027564
0.064741
0.019691
0.038428
0.040311
0.076777
0.037898
0.056408
0.042023
0.076344
0.035198
0.052283

0.075873
0.109647
0.053046
0.063250
0.076978
0.108791
0.052251
0.058439
0.074308
0.105444
0.044461
0.050981
0.076765
0.103991
0.043088
0.045438
0.073322
0.100066
0.034362
0.037170
0.075108
0.098012
0.032407
0.030849
0.070884
0.093487
0.022694
0.021710
0.072031
0.090821
0.020149
0.014557
0.067011
0.085666
0.009389
0.004481
0.067543
0.082370
0.006240
0.000000
0.081080
0.116820
0.054690
0.070785
0.083796
0.116005
0.053959
0.066495
0.080429
0.112428
0.045487
0.058923
0.082525
0.111090
0.044253
0.053989
0.078403
0.106956
0.034830
0.045624
0.079915
0.105090
0.033092
0.040005
0.075022
0.100376
0.022662
0.030787
0.075978
0.097972
0.020411
0.024436
0.070295
0.092647
0.008911
0.014299
0.070717
0.089689
0.007425
0.007161
0.092223
0.126254
0.063549
0.082285
0.094823
0.125658
0.063309
0.078734
0.090918
0.121930
0.054341
0.071135
0.093000
0.120887
0.053696
0.067038
0.088357
0.116624
0.043770
0.058665
0.089953
0.115132
0.042721
0.053987
0.084554
0.110309
0.031777
0.044781
0.085689
0.108359
0.030322
0.039483
0.079509
0.102946
0.019748
0.029380
0.080206
0.100525
0.016423
0.023415

0.070966
0.065850
0.065850
0.025921
0.076547
0.070803
0.070803
0.030776
0.066610
0.058002
0.058002
0.012753
0.072234
0.063040
0.063040
0.017726
0.061471
0.049232
0.049232
0.000864
0.067155
0.054368
0.054368
0.003427
0.064172
0.052803
0.052803
0.003043
0.069568
0.057488
0.057488
0.007416
0.066070
0.055408
0.055408
0.006419
0.071194
0.059653
0.059653
0.010068
0.065212
0.063805
0.063805
0.027059
0.070807
0.068498
0.068498
0.031290
0.061108
0.056218
0.056218
0.014164
0.066718
0.060954
0.060954
0.018447
0.056199
0.047696
0.047696
0.000000
0.061840
0.052487
0.052487
0.004340
0.058395
0.050402
0.050402
0.003275
0.063749
0.054742
0.054742
0.006882
0.059765
0.052124
0.052124
0.005187
0.064846
0.056021
0.056021
0.009786
0.062857
0.066679
0.066679
0.037679
0.067595
0.071511
0.071511
0.041977
0.058203
0.059902
0.059902
0.026047
0.064057
0.064772
0.064772
0.030398
0.053860
0.052230
0.052230
0.013233
0.059740
0.057151
0.057151
0.017643
0.055977
0.054823
0.054823
0.016402
0.061592
0.059334
0.059334
0.020148
0.058265
0.056478
0.056478
0.018305
0.062644
0.060587
0.060587
0.021389

0.015894
0.044645
0.012396
0.015386
0.016524
0.043488
0.009443
0.010265
0.009391
0.038639
0.003469
0.005064
0.011232
0.037128
0.000000
0.001760
0.011116
0.043810
0.005455
0.011888
0.013031
0.042452
0.001961
0.006417
0.011325
0.047923
0.006095
0.017618
0.013351
0.046728
0.002570
0.012316
0.016354
0.054688
0.016333
0.028645
0.018888
0.053873
0.013382
0.023848
0.017534
0.051326
0.015385
0.023722
0.019699
0.050313
0.012371
0.018800
0.011312
0.044937
0.005742
0.013423
0.013251
0.043619
0.002241
0.007995
0.011135
0.048786
0.006041
0.018881
0.013195
0.047633
0.002508
0.013617
0.009381
0.051569
0.004953
0.023252
0.011604
0.050593
0.002976
0.018134
0.013099
0.057410
0.014664
0.033647
0.015927
0.056855
0.011729
0.029053
0.025264
0.060417
0.028167
0.037304
0.027896
0.059786
0.025741
0.032937
0.018329
0.053935
0.018765
0.027558
0.020843
0.053067
0.015939
0.022750
0.016849
0.056844
0.018489
0.032335
0.019574
0.056179
0.015688
0.027705
0.013770
0.058701
0.016873
0.036081
0.016756
0.058254
0.014097
0.031615
0.017518
0.063196
0.024841
0.045172
0.019053
0.063193
0.022702
0.041214

0.045766
0.072068
0.038439
0.034026
0.047068
0.070343
0.035124
0.027399
0.042523
0.065286
0.029078
0.020292
0.043259
0.062979
0.025058
0.012787
0.038126
0.057381
0.018395
0.004997
0.038294
0.054465
0.013635
0.000000
0.046753
0.066778
0.030569
0.020443
0.047125
0.064287
0.026367
0.012853
0.054291
0.075085
0.041457
0.034348
0.054860
0.072992
0.037773
0.027549
0.036934
0.070166
0.033282
0.039095
0.037207
0.069082
0.030454
0.033276
0.032699
0.064183
0.024470
0.026497
0.034005
0.062536
0.020944
0.019856
0.028884
0.057097
0.014337
0.012420
0.029608
0.054864
0.011442
0.004897
0.037735
0.066083
0.026369
0.026841
0.038625
0.064224
0.022632
0.020099
0.045461
0.074003
0.037119
0.039804
0.046516
0.072495
0.033867
0.033784
0.046519
0.080548
0.046919
0.054589
0.048471
0.079786
0.044567
0.049541
0.043692
0.074855
0.038647
0.043068
0.045132
0.073599
0.035679
0.037292
0.039769
0.068159
0.029173
0.030214
0.040700
0.066390
0.025560
0.023658
0.047225
0.075826
0.039618
0.042831
0.048321
0.074402
0.036482
0.036982
0.054509
0.082523
0.048895
0.054133
0.054908
0.081424
0.046205
0.048935

0.080971
0.091752
0.091752
0.059243
0.083852
0.090581
0.090581
0.053175
0.078177
0.084715
0.084715
0.045846
0.080684
0.083033
0.083033
0.038950
0.081992
0.081806
0.081806
0.034510
0.083846
0.079393
0.079393
0.026588
0.084763
0.077720
0.077720
0.021510
0.085964
0.074545
0.074545
0.012486
0.086488
0.072405
0.072405
0.006724
0.087031
0.068432
0.068432
0.000000
0.072155
0.087183
0.087183
0.060111
0.074177
0.086544
0.086544
0.054633
0.068311
0.080610
0.080610
0.047400
0.071443
0.079472
0.079472
0.041130
0.073119
0.078572
0.078572
0.037074
0.075575
0.076705
0.076705
0.029807
0.076846
0.075360
0.075360
0.025133
0.078630
0.072736
0.072736
0.016802
0.079499
0.070929
0.070929
0.011468
0.080610
0.067517
0.067517
0.003553
0.077453
0.096279
0.096279
0.074907
0.081070
0.096037
0.096037
0.070244
0.075778
0.089942
0.089942
0.063238
0.077977
0.089272
0.089272
0.057880
0.079767
0.088670
0.088670
0.054399
0.082436
0.087329
0.087329
0.048138
0.083848
0.086318
0.086318
0.044098
0.085888
0.084283
0.084283
0.036874
0.086924
0.082848
0.082848
0.032236
0.088337
0.080092
0.080092
0.023983

0.060347
0.080098
0.004134
0.018903
0.064852
0.086312
0.010064
0.023930
0.062574
0.086695
0.003391
0.022683
0.068021
0.092448
0.008829
0.029793
0.077564
0.099355
0.023392
0.040300
0.082626
0.104703
0.028455
0.046915
0.091379
0.111058
0.041789
0.056570
0.096081
0.116028
0.046502
0.062725
0.104110
0.121876
0.058712
0.071596
0.108480
0.126495
0.063098
0.077322
0.063282
0.088182
0.002934
0.024065
0.068619
0.093824
0.008253
0.031036
0.065317
0.093487
0.000000
0.028682
0.070227
0.098706
0.006568
0.035120
0.080245
0.105744
0.020496
0.046025
0.084809
0.110596
0.025025
0.052016
0.093991
0.117066
0.039330
0.062026
0.098232
0.121576
0.043548
0.067601
0.106647
0.127523
0.056639
0.076791
0.110589
0.131716
0.060567
0.081979
0.073959
0.099321
0.013868
0.037943
0.079264
0.104717
0.019508
0.044750
0.075193
0.103813
0.011795
0.041551
0.080152
0.108847
0.015406
0.047914
0.089411
0.115337
0.029884
0.057986
0.094012
0.120012
0.034803
0.063899
0.102496
0.125977
0.048050
0.073145
0.106765
0.130318
0.052616
0.078639
0.114541
0.135801
0.064738
0.087127
0.118501
0.139833
0.068977
0.092232

0.078790
0.107357
0.038012
0.056134
0.080561
0.105824
0.036553
0.051664
0.076263
0.102034
0.025713
0.043658
0.077438
0.100026
0.023817
0.038702
0.072234
0.095658
0.011656
0.029842
0.072850
0.093183
0.009336
0.026883
0.087657
0.107818
0.031498
0.046595
0.088085
0.105432
0.029223
0.041447
0.101711
0.118995
0.049650
0.062043
0.101980
0.116699
0.047428
0.057186
0.068712
0.105345
0.027173
0.056849
0.069301
0.104407
0.026357
0.052981
0.064767
0.100596
0.014555
0.044633
0.066708
0.099172
0.013299
0.040298
0.061166
0.094739
0.000032
0.031031
0.062509
0.092840
0.000000
0.026220
0.077815
0.107221
0.021180
0.047997
0.078901
0.105363
0.019490
0.043441
0.092966
0.118673
0.040500
0.063615
0.093830
0.116861
0.038811
0.059304
0.079855
0.116225
0.036958
0.068270
0.082435
0.115478
0.036901
0.065088
0.077129
0.111380
0.024065
0.056372
0.079187
0.110222
0.023701
0.052811
0.072858
0.105500
0.011203
0.043144
0.074437
0.103944
0.008672
0.039202
0.088523
0.117165
0.029849
0.059309
0.089834
0.115628
0.029107
0.055556
0.102777
0.127863
0.048595
0.074179
0.103854
0.126353
0.047776
0.070609

0.094177
0.106445
0.066371
0.048361
0.097729
0.105024
0.067133
0.043406
0.099593
0.103951
0.067313
0.040147
0.102263
0.101795
0.067153
0.034230
0.103611
0.100281
0.066785
0.030383
0.105444
0.097389
0.065718
0.023468
0.106301
0.095431
0.064807
0.019012
0.107332
0.091793
0.062837
0.011058
0.107717
0.089384
0.061385
0.005963
0.107974
0.084985
0.058512
0.000000
0.084080
0.102252
0.057426
0.046950
0.086529
0.101450
0.059067
0.042646
0.088965
0.100738
0.059756
0.039772
0.092550
0.099169
0.060420
0.034491
0.094424
0.097998
0.060530
0.031024
0.097097
0.095665
0.060238
0.024738
0.098437
0.094036
0.059780
0.020658
0.100244
0.090935
0.058546
0.013330
0.101076
0.088842
0.057524
0.008612
0.102052
0.084964
0.055352
0.001747
0.092342
0.112871
0.064380
0.058894
0.096719
0.112323
0.064914
0.055428
0.099074
0.111782
0.065940
0.053076
0.102561
0.110529
0.067185
0.048697
0.104397
0.109567
0.067656
0.045791
0.107044
0.107614
0.067987
0.040475
0.108389
0.106232
0.067915
0.036999
0.110238
0.103577
0.067347
0.030716
0.111115
0.101772
0.066740
0.026649
0.112200
0.098407
0.065283
0.019362

0.079354
0.093964
0.093964
0.058855
0.081540
0.092832
0.092832
0.052192
0.076260
0.087644
0.087644
0.045424
0.079773
0.085931
0.085931
0.037842
0.073529
0.079990
0.079990
0.030273
0.076607
0.077680
0.077680
0.021705
0.069354
0.070938
0.070938
0.013270
0.072023
0.068010
0.068010
0.003637
0.067255
0.067029
0.067029
0.006597
0.069766
0.063879
0.063879
0.000000
0.082799
0.098475
0.098475
0.064265
0.086620
0.097364
0.097364
0.057777
0.080394
0.091698
0.091698
0.050836
0.083828
0.090057
0.090057
0.043472
0.076604
0.083622
0.083622
0.035728
0.079681
0.081436
0.081436
0.027420
0.071404
0.074181
0.074181
0.018807
0.074149
0.071427
0.071427
0.011311
0.068777
0.070787
0.070787
0.013891
0.071469
0.067921
0.067921
0.004354
0.089623
0.108001
0.108001
0.080200
0.093581
0.107340
0.107340
0.074627
0.086486
0.101406
0.101406
0.067945
0.090153
0.100306
0.100306
0.061612
0.082029
0.093607
0.093607
0.054170
0.085437
0.092056
0.092056
0.047019
0.076222
0.084539
0.084539
0.038752
0.079399
0.082521
0.082521
0.030716
0.074194
0.080741
0.080741
0.033889
0.075771
0.078661
0.078661
0.025687

0.076552
0.074633
0.074633
0.032249
0.078051
0.072333
0.072333
0.025409
0.068907
0.065174
0.065174
0.017885
0.070351
0.062533
0.062533
0.010350
0.071024
0.060740
0.060740
0.005552
0.071824
0.057400
0.057400
0.000000
0.080443
0.068868
0.068868
0.014184
0.081025
0.065501
0.065501
0.005857
0.092619
0.082256
0.082256
0.032117
0.093187
0.079180
0.079180
0.024466
0.068798
0.071903
0.071903
0.033944
0.070859
0.070054
0.070054
0.027554
0.060857
0.062491
0.062491
0.019922
0.062903
0.060331
0.060331
0.012868
0.063928
0.058825
0.058825
0.008361
0.065301
0.055959
0.055959
0.000378
0.073470
0.066416
0.066416
0.015657
0.074560
0.063452
0.063452
0.009286
0.086142
0.079962
0.079962
0.033467
0.087180
0.077260
0.077260
0.026183
0.064244
0.074401
0.074401
0.045199
0.066339
0.073350
0.073350
0.039820
0.057154
0.065518
0.065518
0.032385
0.058385
0.064218
0.064218
0.026422
0.059920
0.063234
0.063234
0.022588
0.062136
0.061248
0.061248
0.015757
0.070094
0.071070
0.071070
0.029824
0.071982
0.068953
0.068953
0.023016
0.082965
0.084189
0.084189
0.046470
0.084738
0.082269
0.082269
0.040223

0.026840
0.060462
0.024564
0.025296
0.033253
0.066222
0.028663
0.031356
0.020425
0.052853
0.014261
0.012449
0.026929
0.058848
0.018470
0.018903
0.018480
0.047840
0.011942
0.004159
0.025413
0.054298
0.016738
0.011336
0.026818
0.047812
0.014421
0.000803
0.033516
0.054403
0.019466
0.005432
0.042440
0.061422
0.030362
0.014978
0.048513
0.067431
0.034934
0.022065
0.013815
0.057581
0.018284
0.029191
0.020628
0.063307
0.022191
0.034717
0.007388
0.050382
0.008135
0.017106
0.014270
0.056307
0.013436
0.022960
0.005882
0.046109
0.006812
0.010177
0.013204
0.052480
0.011364
0.016713
0.016158
0.047651
0.011098
0.005546
0.023161
0.054085
0.015840
0.012588
0.032739
0.061318
0.027317
0.022204
0.039083
0.067178
0.031603
0.028632
0.007588
0.057700
0.021802
0.038664
0.013622
0.063695
0.026136
0.044082
0.000000
0.051186
0.012593
0.027779
0.007745
0.057365
0.016987
0.033492
0.000190
0.047223
0.011325
0.021545
0.006484
0.053819
0.016260
0.027879
0.010136
0.050027
0.016636
0.018185
0.017876
0.056599
0.021663
0.024931
0.027395
0.063604
0.032544
0.033894
0.034409
0.069588
0.037091
0.040049

0.066681
0.077358
0.020931
0.012149
0.070567
0.083472
0.026676
0.020852
0.061236
0.070100
0.009433
0.000000
0.066270
0.076501
0.015418
0.005952
0.064595
0.077156
0.011927
0.006723
0.069215
0.083029
0.017335
0.015217
0.066987
0.083173
0.013036
0.015198
0.071219
0.088557
0.017902
0.022927
0.068431
0.088199
0.012782
0.022132
0.072295
0.093131
0.017136
0.029153
0.069915
0.085705
0.023929
0.023677
0.074412
0.091205
0.029001
0.031431
0.065283
0.078756
0.012333
0.008990
0.069804
0.084503
0.017603
0.017288
0.067437
0.084521
0.013100
0.017073
0.071574
0.089789
0.017835
0.024620
0.068645
0.089306
0.012508
0.023633
0.072421
0.094130
0.016738
0.030485
0.068918
0.093151
0.010568
0.028734
0.072352
0.097563
0.015759
0.034942
0.079037
0.096356
0.035050
0.039106
0.083387
0.101488
0.040010
0.046312
0.074550
0.089929
0.024049
0.025577
0.078933
0.095289
0.029205
0.033282
0.076072
0.094811
0.024013
0.032314
0.080126
0.099752
0.028716
0.039365
0.076705
0.098789
0.022703
0.037653
0.080451
0.103345
0.026981
0.044101
0.076458
0.101899
0.021342
0.041647
0.079915
0.106097
0.024004
0.047539

0.050777
0.056738
0.056738
0.014816
0.053475
0.054784
0.054784
0.007664
0.049932
0.054852
0.054852
0.011862
0.052526
0.052793
0.052793
0.004604
0.047847
0.051766
0.051766
0.007415
0.050355
0.049588
0.049588
0.000000
0.054632
0.053464
0.053464
0.005015
0.056557
0.050847
0.050847
0.000003
0.068559
0.067370
0.067370
0.022635
0.070321
0.064948
0.064948
0.015436
0.040906
0.051070
0.051070
0.012652
0.042783
0.049553
0.049553
0.007489
0.039154
0.050129
0.050129
0.011238
0.042475
0.048551
0.048551
0.004314
0.037602
0.047940
0.047940
0.008301
0.040866
0.046291
0.046291
0.001300
0.045958
0.051154
0.051154
0.007781
0.048615
0.049083
0.049083
0.000455
0.060631
0.065332
0.065332
0.025326
0.063069
0.063418
0.063418
0.018575
0.046442
0.061832
0.061832
0.030140
0.050114
0.060826
0.060826
0.024149
0.045154
0.060286
0.060286
0.028359
0.048803
0.059254
0.059254
0.022353
0.044122
0.057563
0.057563
0.025173
0.046233
0.056495
0.056495
0.019111
0.051188
0.061043
0.061043
0.024958
0.054234
0.059557
0.059557
0.018574
0.065462
0.074452
0.074452
0.041153
0.068257
0.073075
0.073075
0.035269

0.061274
0.062743
0.062743
0.019182
0.063442
0.060465
0.060465
0.012112
0.058436
0.054728
0.054728
0.004769
0.060094
0.051894
0.051894
0.000000
0.066374
0.064660
0.064660
0.019633
0.068108
0.062177
0.062177
0.012474
0.073185
0.073506
0.073506
0.033163
0.075013
0.071364
0.071364
0.026646
0.078935
0.081333
0.081333
0.045449
0.080873
0.079521
0.079521
0.039535
0.052937
0.059934
0.059934
0.023339
0.054142
0.058333
0.058333
0.017031
0.049129
0.052672
0.052672
0.009930
0.051576
0.050524
0.050524
0.003863
0.057233
0.062313
0.062313
0.023996
0.059709
0.060472
0.060472
0.017581
0.064157
0.070866
0.070866
0.036778
0.066683
0.069324
0.069324
0.030951
0.069964
0.078396
0.078396
0.048360
0.072564
0.077149
0.077149
0.043088
0.061675
0.071651
0.071651
0.039828
0.064612
0.070362
0.070362
0.034214
0.059072
0.064550
0.064550
0.027308
0.061558
0.062785
0.062785
0.021044
0.065711
0.072842
0.072842
0.039783
0.068253
0.071375
0.071375
0.034098
0.071249
0.080126
0.080126
0.051078
0.073870
0.078951
0.078951
0.045940
0.076865
0.086458
0.086458
0.061268
0.078464
0.085572
0.085572
0.056648

0.096272
0.088297
0.057658
0.021296
0.101923
0.093040
0.064084
0.027636
0.093032
0.080646
0.047108
0.005825
0.098685
0.085533
0.053837
0.012593
0.092488
0.077460
0.040749
0.000000
0.098338
0.082749
0.048055
0.004560
0.099618
0.087768
0.047584
0.010915
0.105273
0.092773
0.054796
0.018138
0.111811
0.100491
0.063780
0.029416
0.116980
0.105061
0.070367
0.036012
0.088578
0.086560
0.052255
0.023180
0.094434
0.091103
0.058683
0.029000
0.085822
0.079477
0.041927
0.008337
0.091644
0.084116
0.048629
0.015664
0.086019
0.077304
0.036201
0.000810
0.092014
0.082314
0.043470
0.007769
0.092990
0.087207
0.042216
0.013711
0.098812
0.091972
0.049453
0.020399
0.105709
0.099941
0.058838
0.031941
0.111028
0.104286
0.065442
0.038038
0.085499
0.090234
0.051826
0.033219
0.090263
0.094913
0.058615
0.039005
0.081953
0.084107
0.042065
0.019525
0.088218
0.088855
0.049122
0.025653
0.082573
0.082459
0.036440
0.012544
0.088977
0.087533
0.044042
0.019387
0.089160
0.091623
0.042913
0.023906
0.095399
0.096471
0.048866
0.030530
0.102271
0.104098
0.058079
0.041462
0.107973
0.108521
0.065030
0.047502

0.055956
0.069722
0.010206
0.003753
0.056183
0.066708
0.007518
0.000000
0.060173
0.076400
0.012109
0.012086
0.060375
0.073599
0.009707
0.005783
0.063270
0.082059
0.012594
0.018974
0.063456
0.079456
0.010474
0.013187
0.070861
0.090522
0.019930
0.030058
0.071265
0.088255
0.018419
0.024977
0.077404
0.098064
0.025891
0.039820
0.078039
0.096124
0.024993
0.035417
0.047979
0.070331
0.004786
0.009549
0.048869
0.067983
0.002857
0.003611
0.051893
0.076376
0.005551
0.016452
0.052713
0.074189
0.003870
0.011003
0.054631
0.081405
0.004857
0.021947
0.055395
0.079370
0.004576
0.016956
0.062259
0.089543
0.011636
0.032119
0.063226
0.087815
0.010815
0.027800
0.068780
0.096757
0.016986
0.040987
0.069966
0.095330
0.016785
0.037319
0.046377
0.073783
0.006918
0.019722
0.046616
0.072264
0.006140
0.014916
0.048868
0.079562
0.007202
0.025712
0.050614
0.078166
0.006663
0.021352
0.051747
0.084334
0.006010
0.030343
0.053417
0.083059
0.005720
0.026407
0.059021
0.091917
0.011598
0.039236
0.060860
0.090910
0.011899
0.035929
0.065143
0.098579
0.017444
0.046857
0.067175
0.097839
0.016635
0.044164

0.049680
0.064500
0.064500
0.022880
0.058396
0.070848
0.070848
0.029428
0.056051
0.061637
0.061637
0.010646
0.064183
0.067858
0.067858
0.017445
0.060817
0.057366
0.057366
0.000000
0.068451
0.063522
0.063522
0.003803
0.072756
0.066958
0.066958
0.007742
0.079494
0.072272
0.072272
0.013771
0.083284
0.075219
0.075219
0.017076
0.089197
0.079744
0.079744
0.022076
0.037417
0.060468
0.060468
0.026682
0.045275
0.066782
0.066782
0.032540
0.044090
0.058901
0.058901
0.015736
0.052778
0.064985
0.064985
0.021732
0.050570
0.055892
0.055892
0.003110
0.058637
0.061808
0.061808
0.009301
0.063182
0.065097
0.065097
0.012695
0.070287
0.070158
0.070158
0.017830
0.074279
0.072950
0.072950
0.020606
0.080499
0.077208
0.077208
0.026176
0.040822
0.069641
0.069641
0.043584
0.048280
0.075860
0.075860
0.049072
0.047921
0.069144
0.069144
0.034197
0.056783
0.075090
0.075090
0.039773
0.055430
0.067252
0.067252
0.023254
0.063612
0.072987
0.072987
0.028973
0.068223
0.076178
0.076178
0.032109
0.075434
0.081094
0.081094
0.036856
0.079487
0.083810
0.083810
0.039423
0.085809
0.087961
0.087961
0.043247

0.039261
0.065270
0.029255
0.031715
0.045226
0.071090
0.032784
0.037442
0.034461
0.058387
0.018638
0.019568
0.040249
0.064297
0.022020
0.025494
0.028346
0.050470
0.006600
0.008793
0.033990
0.056501
0.009841
0.012325
0.036185
0.058599
0.018850
0.019207
0.041756
0.064421
0.022144
0.025105
0.042757
0.065717
0.029701
0.031004
0.048285
0.071358
0.033053
0.036673
0.028435
0.063479
0.022738
0.035019
0.034589
0.069226
0.025893
0.040248
0.023964
0.057086
0.012121
0.023383
0.029876
0.062874
0.015049
0.028745
0.018080
0.049628
0.000000
0.010494
0.023784
0.055488
0.004519
0.016011
0.026180
0.057502
0.012536
0.023091
0.031836
0.063183
0.015357
0.028416
0.032923
0.064338
0.023596
0.034448
0.038561
0.069868
0.026535
0.039602
0.024851
0.064206
0.028191
0.044143
0.029982
0.070193
0.031887
0.049396
0.019727
0.058691
0.018942
0.033710
0.026355
0.064697
0.022419
0.039080
0.014916
0.052113
0.008242
0.022086
0.021323
0.058170
0.011510
0.027596
0.022523
0.059353
0.019604
0.033506
0.028850
0.065230
0.022952
0.038829
0.030027
0.065561
0.029545
0.043750
0.035031
0.071288
0.032982
0.048908

0.091318
0.088986
0.053669
0.014395
0.098228
0.094841
0.061218
0.022377
0.088766
0.080780
0.042572
0.000000
0.095621
0.086821
0.050446
0.005212
0.099502
0.090207
0.054890
0.010003
0.105598
0.095469
0.061847
0.017435
0.109041
0.098403
0.065758
0.021571
0.114433
0.102934
0.071856
0.027943
0.121270
0.111307
0.081132
0.040507
0.126175
0.115411
0.086684
0.046281
0.083799
0.087357
0.048390
0.018103
0.089260
0.092989
0.055892
0.025384
0.080263
0.079957
0.037800
0.001348
0.087365
0.085707
0.045573
0.009114
0.091383
0.088919
0.049952
0.013440
0.097691
0.093891
0.056793
0.020113
0.101250
0.096651
0.060633
0.023803
0.106819
0.100893
0.066603
0.030722
0.114096
0.109623
0.076330
0.042398
0.119160
0.113460
0.081764
0.047503
0.092685
0.100054
0.057060
0.034535
0.099464
0.105264
0.064332
0.041350
0.090363
0.092963
0.047897
0.018812
0.097070
0.098295
0.054013
0.026087
0.100868
0.101276
0.058281
0.030144
0.106835
0.105892
0.064961
0.036408
0.110204
0.108457
0.068716
0.039875
0.115482
0.112402
0.074568
0.045186
0.122254
0.120439
0.083705
0.057142
0.127057
0.124010
0.089038
0.061950

0.019802
0.048223
0.015570
0.015922
0.020380
0.047033
0.012253
0.010061
0.014136
0.041828
0.005707
0.003789
0.015852
0.040154
0.001681
0.000000
0.016976
0.047649
0.007692
0.011754
0.018600
0.046134
0.003575
0.005465
0.018350
0.052337
0.008136
0.018372
0.019895
0.050974
0.003895
0.012328
0.024892
0.059444
0.019486
0.030304
0.026800
0.058457
0.015898
0.024897
0.022566
0.055563
0.018518
0.025447
0.024625
0.054520
0.015063
0.019895
0.017457
0.048926
0.007948
0.013533
0.019060
0.047450
0.003803
0.007309
0.018465
0.053334
0.008004
0.019819
0.019991
0.052009
0.003726
0.013830
0.018003
0.056635
0.006490
0.024789
0.019463
0.055454
0.003901
0.018995
0.023582
0.062847
0.017516
0.035983
0.025476
0.062066
0.013783
0.030834
0.031702
0.064908
0.032255
0.039961
0.034072
0.064248
0.029468
0.035114
0.026184
0.058358
0.022237
0.028881
0.028194
0.057336
0.018863
0.023446
0.026170
0.061820
0.021862
0.034341
0.028170
0.060969
0.018410
0.029144
0.024751
0.064234
0.020033
0.038587
0.026755
0.063552
0.016473
0.033594
0.030118
0.069139
0.029181
0.048265
0.030995
0.068853
0.026294
0.043873

0.009030
0.038563
0.000000
0.004818
0.014685
0.045455
0.004705
0.009103
0.009517
0.043895
0.001776
0.009716
0.016224
0.050383
0.005875
0.015986
0.026409
0.057770
0.019207
0.025929
0.032637
0.063800
0.023050
0.031782
0.042013
0.070615
0.035308
0.040951
0.047795
0.076220
0.038911
0.046415
0.056426
0.082508
0.050182
0.054870
0.061794
0.087717
0.053559
0.059970
0.009780
0.045054
0.001995
0.011393
0.016396
0.051446
0.005946
0.017510
0.009954
0.048998
0.001968
0.017304
0.016234
0.055029
0.006956
0.022825
0.026909
0.062576
0.019517
0.033071
0.032742
0.068182
0.022682
0.038230
0.042563
0.075141
0.035718
0.047672
0.047980
0.080352
0.038694
0.052493
0.057017
0.086768
0.050674
0.061193
0.062047
0.091612
0.053471
0.065697
0.017985
0.054541
0.015978
0.026791
0.024652
0.060755
0.020006
0.032632
0.018661
0.057553
0.015433
0.031884
0.023566
0.063471
0.018963
0.037204
0.033583
0.070527
0.031964
0.046597
0.039535
0.076024
0.035275
0.051564
0.048751
0.082531
0.047223
0.060220
0.054275
0.087637
0.050328
0.064857
0.062755
0.093636
0.061311
0.072834
0.067880
0.098380
0.064222
0.077164

0.062066
0.081808
0.020790
0.013249
0.068153
0.088135
0.027169
0.022235
0.059106
0.074549
0.008808
0.000000
0.065088
0.081123
0.015450
0.006129
0.063412
0.081760
0.010929
0.006573
0.068841
0.087718
0.016973
0.015367
0.066434
0.087748
0.011432
0.014882
0.071362
0.093147
0.016938
0.022861
0.080008
0.099981
0.029150
0.033251
0.084469
0.104873
0.034128
0.040479
0.053860
0.081735
0.014757
0.019954
0.058410
0.087835
0.020929
0.028187
0.049896
0.075453
0.003289
0.004464
0.056030
0.081726
0.009653
0.013299
0.053916
0.081869
0.004116
0.012728
0.059486
0.087554
0.009913
0.020746
0.056591
0.087080
0.003305
0.019251
0.061650
0.092233
0.009893
0.026530
0.070909
0.099272
0.021519
0.037057
0.075488
0.103940
0.026299
0.043649
0.064325
0.093757
0.026196
0.035911
0.070210
0.099340
0.032144
0.043497
0.061722
0.087791
0.014972
0.021532
0.067476
0.093542
0.021130
0.029675
0.064582
0.093042
0.014555
0.028146
0.069861
0.098288
0.020254
0.035591
0.066192
0.097191
0.014038
0.033159
0.071046
0.101982
0.017887
0.039978
0.079652
0.108469
0.029982
0.049706
0.084053
0.112813
0.034779
0.055887

0.046872
0.045290
0.045290
0.004013
0.048655
0.042906
0.042906
0.000000
0.049452
0.049426
0.049426
0.009648
0.051415
0.047183
0.047183
0.003513
0.050790
0.052567
0.052567
0.014250
0.052976
0.050472
0.050472
0.008268
0.050851
0.054705
0.054705
0.017824
0.053304
0.052768
0.052768
0.011980
0.053383
0.061615
0.061615
0.029195
0.056317
0.060096
0.060096
0.023854
0.037987
0.042977
0.042977
0.006390
0.040568
0.041118
0.041118
0.000509
0.039902
0.046417
0.046417
0.011071
0.042674
0.044682
0.044682
0.005323
0.040461
0.048810
0.048810
0.014701
0.043473
0.047212
0.047212
0.009073
0.039617
0.050143
0.050143
0.017282
0.042924
0.048694
0.048694
0.013000
0.041444
0.056691
0.056691
0.028407
0.045281
0.055679
0.055679
0.023392
0.032689
0.045472
0.045472
0.016917
0.034890
0.044430
0.044430
0.011858
0.032749
0.048655
0.048655
0.021340
0.036601
0.047743
0.047743
0.016409
0.032770
0.050758
0.050758
0.024733
0.036901
0.049995
0.049995
0.019920
0.031265
0.051764
0.051764
0.027096
0.035740
0.051169
0.051169
0.022393
0.034142
0.057433
0.057433
0.037244
0.037013
0.057278
0.057278
0.033024

0.093504
0.086703
0.051854
0.021324
0.094409
0.084069
0.050828
0.015691
0.089403
0.078960
0.041373
0.006692
0.089990
0.075890
0.040039
0.002921
0.098408
0.086299
0.051450
0.015293
0.098762
0.083137
0.049896
0.009031
0.110294
0.098902
0.066590
0.032778
0.110611
0.095947
0.065126
0.026935
0.121353
0.110633
0.080674
0.049054
0.121635
0.107872
0.079295
0.043601
0.086597
0.084275
0.045971
0.020258
0.088013
0.082025
0.045489
0.015045
0.082773
0.076809
0.035497
0.005761
0.083871
0.074126
0.034721
0.000000
0.091936
0.083780
0.045476
0.013566
0.092747
0.080949
0.044413
0.009121
0.104331
0.096635
0.061121
0.031291
0.105075
0.093991
0.060116
0.025784
0.115859
0.108597
0.075668
0.047782
0.116540
0.106127
0.074719
0.042646
0.083977
0.087662
0.045562
0.029190
0.084807
0.086153
0.045996
0.024970
0.079428
0.081019
0.037004
0.015704
0.081293
0.079106
0.035795
0.010993
0.089216
0.088320
0.046221
0.023833
0.090760
0.086236
0.046079
0.018953
0.101825
0.100880
0.061846
0.040869
0.103249
0.098930
0.061697
0.036316
0.113550
0.112565
0.076373
0.056718
0.114863
0.110741
0.076220
0.052469

0.083517
0.084964
0.084964
0.046786
0.089299
0.089568
0.089568
0.050955
0.078872
0.077447
0.077447
0.033774
0.084784
0.082163
0.082163
0.038054
0.073254
0.068872
0.068872
0.019329
0.079325
0.073718
0.073718
0.023730
0.066606
0.059165
0.059165
0.003335
0.072866
0.064162
0.064162
0.007870
0.062423
0.054861
0.054861
0.000831
0.069131
0.060453
0.060453
0.003441
0.076644
0.081476
0.081476
0.046632
0.081503
0.085853
0.085853
0.050110
0.070919
0.074070
0.074070
0.033793
0.076960
0.078519
0.078519
0.037305
0.065237
0.065576
0.065576
0.019499
0.071423
0.070114
0.070114
0.023051
0.058474
0.055921
0.055921
0.003633
0.064835
0.060563
0.060563
0.009055
0.054591
0.052509
0.052509
0.000000
0.061417
0.057754
0.057754
0.004534
0.080615
0.090834
0.090834
0.062516
0.086584
0.095189
0.095189
0.065957
0.075647
0.083739
0.083739
0.050744
0.081765
0.088187
0.088187
0.054237
0.069671
0.075614
0.075614
0.037635
0.075970
0.080175
0.080175
0.041189
0.062628
0.066390
0.066390
0.023083
0.069140
0.071082
0.071082
0.026704
0.059585
0.062602
0.062602
0.019277
0.064994
0.067867
0.067867
0.023758

0.067881
0.069231
0.069231
0.014111
0.075120
0.075551
0.075551
0.021981
0.064393
0.060257
0.060257
0.000000
0.071685
0.066861
0.066861
0.004767
0.068058
0.065899
0.065899
0.006697
0.074940
0.071856
0.071856
0.014081
0.070413
0.070121
0.070121
0.015111
0.076944
0.075489
0.075489
0.021439
0.071495
0.072980
0.072980
0.021596
0.077728
0.077812
0.077812
0.026938
0.059697
0.067465
0.067465
0.021009
0.065583
0.073487
0.073487
0.027844
0.055169
0.059297
0.059297
0.004526
0.062695
0.065523
0.065523
0.011881
0.058363
0.063837
0.063837
0.012829
0.065489
0.069453
0.069453
0.019126
0.060192
0.066971
0.066971
0.019194
0.066976
0.072030
0.072030
0.024502
0.060686
0.068746
0.068746
0.023707
0.067185
0.073297
0.073297
0.029599
0.066437
0.079302
0.079302
0.040858
0.073647
0.084929
0.084929
0.047032
0.063015
0.071544
0.071544
0.025945
0.070263
0.077373
0.077373
0.032586
0.064855
0.074916
0.074916
0.032810
0.071795
0.080231
0.080231
0.038530
0.065396
0.076987
0.076987
0.037926
0.072085
0.081839
0.081839
0.042788
0.066162
0.077796
0.077796
0.041366
0.071150
0.082231
0.082231
0.045427

0.055365
0.049395
0.049395
0.002936
0.061494
0.054244
0.054244
0.007170
0.054136
0.046902
0.046902
0.001506
0.060482
0.052136
0.052136
0.003956
0.060520
0.056334
0.056334
0.013485
0.066764
0.061449
0.061449
0.018216
0.065965
0.064792
0.064792
0.026675
0.072134
0.069808
0.069808
0.031282
0.070500
0.072319
0.072319
0.038728
0.076620
0.077255
0.077255
0.043223
0.048595
0.045756
0.045756
0.002497
0.053572
0.050374
0.050374
0.007639
0.046725
0.044156
0.044156
0.000000
0.053177
0.049154
0.049154
0.004234
0.053013
0.053434
0.053434
0.014193
0.059384
0.058349
0.058349
0.018346
0.058320
0.061713
0.061713
0.027164
0.064637
0.066562
0.066562
0.031246
0.062673
0.069036
0.069036
0.038982
0.068963
0.073838
0.073838
0.043004
0.055673
0.057555
0.057555
0.020234
0.061809
0.062089
0.062089
0.023780
0.054431
0.055595
0.055595
0.017547
0.060786
0.060492
0.060492
0.021682
0.059497
0.063631
0.063631
0.030224
0.065805
0.068467
0.068467
0.034290
0.063615
0.070722
0.070722
0.041764
0.069903
0.075515
0.075515
0.045772
0.068083
0.076904
0.076904
0.052228
0.073101
0.081672
0.081672
0.056191

0.045700
0.062850
0.062850
0.029518
0.049888
0.061736
0.061736
0.023387
0.052117
0.060833
0.060833
0.019450
0.055373
0.058937
0.058937
0.012446
0.057056
0.057565
0.057565
0.007973
0.059421
0.054887
0.054887
0.000059
0.064333
0.059323
0.059323
0.005536
0.066041
0.056189
0.056189
0.000000
0.078611
0.073216
0.073216
0.023033
0.080093
0.070263
0.070263
0.015314
0.033340
0.056935
0.056935
0.029050
0.036714
0.056458
0.056458
0.023382
0.039534
0.055925
0.055925
0.019717
0.043735
0.054626
0.054626
0.013161
0.045962
0.053602
0.053602
0.008954
0.049198
0.051486
0.051486
0.002993
0.055019
0.056931
0.056931
0.008353
0.057554
0.054366
0.054366
0.000532
0.070227
0.071152
0.071152
0.025757
0.072462
0.068720
0.068720
0.018490
0.039453
0.066318
0.066318
0.044121
0.043167
0.066282
0.066282
0.039202
0.046129
0.066025
0.066025
0.036006
0.050582
0.065208
0.065208
0.030262
0.052971
0.064485
0.064485
0.026563
0.056493
0.062895
0.062895
0.019966
0.062089
0.067989
0.067989
0.026252
0.064921
0.065960
0.065960
0.019324
0.076725
0.081362
0.081362
0.042305
0.079240
0.079427
0.079427
0.035864

0.027201
0.061009
0.028396
0.041453
0.033569
0.066615
0.031956
0.046267
0.020022
0.054580
0.018633
0.032021
0.026514
0.060344
0.022142
0.036956
0.023145
0.053433
0.013811
0.024925
0.029094
0.059005
0.016897
0.029794
0.024973
0.051353
0.007680
0.016806
0.030410
0.056758
0.010345
0.021620
0.032112
0.051925
0.012302
0.016407
0.037478
0.057412
0.015304
0.019395
0.016301
0.057402
0.020569
0.042013
0.021773
0.063067
0.023924
0.046539
0.007462
0.050999
0.010401
0.032716
0.014262
0.056811
0.013666
0.037330
0.011560
0.050653
0.005904
0.026165
0.017725
0.056213
0.008657
0.030649
0.014249
0.049324
0.000000
0.018555
0.019813
0.054660
0.004032
0.022922
0.022992
0.051066
0.006317
0.017290
0.028452
0.056454
0.008898
0.022013
0.019954
0.064173
0.031560
0.053371
0.026946
0.069855
0.035197
0.057851
0.013518
0.057590
0.021643
0.044486
0.018870
0.063455
0.025253
0.049078
0.016872
0.058011
0.018389
0.038897
0.023409
0.063607
0.021499
0.043356
0.020653
0.057464
0.013791
0.032306
0.026573
0.062819
0.016406
0.036646
0.029643
0.059544
0.019922
0.031270
0.035393
0.064909
0.022801
0.035914

0.021592
0.035391
0.035391
0.017213
0.028648
0.040097
0.040097
0.020516
0.017084
0.028984
0.028984
0.008360
0.024136
0.033691
0.033691
0.011660
0.021481
0.027719
0.027719
0.002332
0.028071
0.032152
0.032152
0.005462
0.028613
0.031061
0.031061
0.004871
0.034917
0.035442
0.035442
0.006626
0.042058
0.043027
0.043027
0.015805
0.047928
0.047141
0.047141
0.018904
0.011599
0.029392
0.029392
0.014491
0.017635
0.034250
0.034250
0.017699
0.005670
0.023038
0.023038
0.005658
0.013193
0.027884
0.027884
0.008844
0.011139
0.022416
0.022416
0.000000
0.018138
0.026943
0.026943
0.004059
0.019543
0.026761
0.026761
0.001960
0.026210
0.031209
0.031209
0.005058
0.033823
0.039214
0.039214
0.014693
0.040021
0.043381
0.043381
0.017630
0.016495
0.037638
0.037638
0.025397
0.023995
0.042476
0.042476
0.028606
0.012728
0.030991
0.030991
0.016686
0.018758
0.035852
0.035852
0.019898
0.017036
0.030808
0.030808
0.011604
0.024054
0.035351
0.035351
0.014612
0.025519
0.035198
0.035198
0.013573
0.032193
0.039649
0.039649
0.016681
0.039544
0.047271
0.047271
0.025767
0.045746
0.051437
0.051437
0.028710

0.059843
0.061430
0.061430
0.016903
0.061948
0.059179
0.059179
0.009490
0.058346
0.059573
0.059573
0.014465
0.060437
0.057266
0.057266
0.006998
0.055708
0.056556
0.056556
0.010516
0.057796
0.054175
0.054175
0.002939
0.051904
0.052365
0.052365
0.005054
0.054002
0.049892
0.049892
0.000083
0.066002
0.066435
0.066435
0.022902
0.067935
0.064160
0.064160
0.015778
0.051145
0.056304
0.056304
0.014512
0.052574
0.054414
0.054414
0.009102
0.048805
0.055337
0.055337
0.013656
0.051535
0.053447
0.053447
0.006446
0.046526
0.053163
0.053163
0.011252
0.049296
0.051256
0.051256
0.004022
0.043008
0.049774
0.049774
0.007306
0.045837
0.047835
0.047835
0.000000
0.057863
0.064144
0.064144
0.025147
0.060471
0.062366
0.062366
0.018436
0.055918
0.067025
0.067025
0.032606
0.059021
0.065717
0.065717
0.026331
0.053923
0.065497
0.065497
0.031334
0.057100
0.064214
0.064214
0.025099
0.050730
0.062825
0.062825
0.028639
0.054001
0.061554
0.061554
0.022394
0.047975
0.058995
0.058995
0.024521
0.049695
0.057726
0.057726
0.018218
0.061025
0.072704
0.072704
0.041024
0.064140
0.071539
0.071539
0.035232

0.054333
0.061063
0.061063
0.013039
0.061029
0.066988
0.066988
0.018119
0.049390
0.052566
0.052566
0.000000
0.057870
0.058524
0.058524
0.002390
0.057068
0.063247
0.063247
0.014049
0.065324
0.069012
0.069012
0.019053
0.063159
0.072546
0.072546
0.029289
0.071264
0.078162
0.078162
0.034113
0.078870
0.086700
0.086700
0.046416
0.086254
0.091854
0.091854
0.050892
0.058500
0.066573
0.066573
0.019358
0.066490
0.071781
0.071781
0.023370
0.054186
0.057544
0.057544
0.003400
0.062124
0.062779
0.062779
0.009196
0.060294
0.067236
0.067236
0.019551
0.068123
0.072375
0.072375
0.023536
0.064839
0.075565
0.075565
0.034088
0.072630
0.080647
0.080647
0.037999
0.080422
0.089536
0.089536
0.050953
0.087520
0.094200
0.094200
0.054589
0.066721
0.078275
0.078275
0.038095
0.074506
0.083327
0.083327
0.041970
0.061575
0.069443
0.069443
0.023332
0.069388
0.074564
0.074564
0.027297
0.065737
0.077441
0.077441
0.037482
0.073528
0.082515
0.082515
0.041378
0.070126
0.084151
0.084151
0.050145
0.076220
0.089216
0.089216
0.053992
0.083672
0.097437
0.097437
0.065731
0.090812
0.102082
0.102082
0.069303

0.076013
0.091585
0.019293
0.029436
0.079304
0.096931
0.023879
0.036598
0.069181
0.084529
0.005517
0.014862
0.073440
0.090085
0.010214
0.022442
0.068792
0.080097
0.001950
0.008295
0.073480
0.086112
0.007497
0.013716
0.082049
0.092825
0.021283
0.024435
0.086451
0.098423
0.026478
0.032263
0.094325
0.104602
0.039104
0.042101
0.098459
0.109811
0.043968
0.049363
0.076846
0.098133
0.017345
0.036893
0.080647
0.102971
0.021298
0.043289
0.070435
0.091150
0.002848
0.022572
0.074229
0.096167
0.008610
0.029327
0.070317
0.087273
0.000000
0.014097
0.074567
0.092742
0.004908
0.021696
0.083618
0.099547
0.019654
0.032667
0.087615
0.104640
0.024262
0.039723
0.095924
0.110898
0.037759
0.049785
0.099684
0.115642
0.042085
0.056336
0.085441
0.107901
0.028134
0.050529
0.089328
0.112549
0.032395
0.056723
0.079229
0.101356
0.014232
0.037120
0.083139
0.106182
0.018605
0.043668
0.078540
0.097523
0.012078
0.028833
0.082887
0.102774
0.015794
0.036170
0.091257
0.109044
0.029391
0.046254
0.095338
0.113932
0.034280
0.053064
0.103025
0.119701
0.046728
0.062315
0.106855
0.124251
0.051306
0.068635

0.077142
0.081108
0.047848
0.019218
0.078118
0.079061
0.047539
0.013131
0.074475
0.074637
0.038393
0.004097
0.076727
0.071988
0.037638
0.000000
0.080625
0.080190
0.040694
0.008416
0.082742
0.077560
0.040129
0.001798
0.091507
0.088065
0.051821
0.017104
0.093201
0.085258
0.050909
0.010344
0.101173
0.094783
0.061523
0.024167
0.102467
0.091786
0.060264
0.017219
0.083729
0.088223
0.051192
0.024567
0.086305
0.086155
0.051060
0.018707
0.081957
0.081389
0.041036
0.009235
0.084045
0.078762
0.040518
0.002665
0.086488
0.085440
0.041468
0.011474
0.088475
0.082817
0.041144
0.005067
0.096484
0.092239
0.051886
0.018757
0.098043
0.089403
0.051160
0.012117
0.105304
0.097899
0.060868
0.024392
0.106455
0.094833
0.059738
0.019301
0.093511
0.099821
0.058592
0.039196
0.096116
0.098123
0.059050
0.034255
0.091161
0.093223
0.048296
0.024716
0.093366
0.091045
0.048467
0.019171
0.094522
0.096529
0.049153
0.026212
0.096681
0.094386
0.047989
0.020862
0.104182
0.103116
0.058190
0.033624
0.105929
0.100769
0.058191
0.028041
0.112736
0.108651
0.067423
0.039503
0.114093
0.106087
0.067014
0.033649

0.056582
0.056526
0.056526
0.017510
0.058292
0.054434
0.054434
0.011250
0.051190
0.048332
0.048332
0.004532
0.052694
0.045862
0.045862
0.000153
0.053026
0.051755
0.051755
0.009642
0.054694
0.049444
0.049444
0.002950
0.053811
0.054152
0.054152
0.013516
0.055655
0.051990
0.051990
0.006973
0.063786
0.061539
0.061539
0.019688
0.065290
0.059204
0.059204
0.013077
0.048630
0.053916
0.053916
0.019133
0.050952
0.052283
0.052283
0.013266
0.043314
0.045927
0.045927
0.006474
0.045443
0.043927
0.043927
0.000000
0.044496
0.048498
0.048498
0.010320
0.046778
0.046627
0.046627
0.003975
0.044565
0.050010
0.050010
0.012912
0.047016
0.048259
0.048259
0.006663
0.054912
0.057149
0.057149
0.018176
0.056958
0.055164
0.055164
0.013324
0.043996
0.056004
0.056004
0.029493
0.045894
0.055155
0.055155
0.024538
0.037758
0.048689
0.048689
0.017963
0.040754
0.047513
0.047513
0.012458
0.038621
0.051001
0.051001
0.021553
0.041779
0.049955
0.049955
0.016175
0.039898
0.052261
0.052261
0.023948
0.041672
0.051343
0.051343
0.018670
0.049556
0.059910
0.059910
0.029517
0.052447
0.058730
0.058730
0.024083

0.064503
0.095386
0.023214
0.047281
0.065772
0.094339
0.021048
0.043535
0.061197
0.090133
0.011840
0.035979
0.061908
0.088668
0.009101
0.031759
0.068656
0.091233
0.019061
0.035567
0.069004
0.089427
0.016136
0.031040
0.074952
0.091465
0.024920
0.034073
0.074946
0.089314
0.021788
0.031426
0.088254
0.102642
0.041271
0.048675
0.088209
0.100594
0.038366
0.044124
0.054786
0.092330
0.012425
0.046086
0.054843
0.091725
0.010504
0.042705
0.050128
0.087489
0.000782
0.034931
0.051306
0.086450
0.000000
0.031068
0.059143
0.089719
0.009813
0.035910
0.059946
0.088339
0.007118
0.031764
0.066903
0.091041
0.017386
0.035773
0.067341
0.089320
0.014509
0.031324
0.080998
0.102424
0.034517
0.050466
0.081368
0.100778
0.031857
0.046302
0.065427
0.102183
0.024270
0.056981
0.067270
0.101756
0.022951
0.054145
0.062146
0.097329
0.014100
0.046246
0.063467
0.096523
0.011074
0.042994
0.070581
0.099488
0.021575
0.047389
0.071542
0.098357
0.019552
0.043852
0.077859
0.100806
0.028879
0.047487
0.078469
0.099350
0.026655
0.043649
0.091019
0.111457
0.045040
0.061335
0.091553
0.110063
0.042988
0.057742

0.055617
0.065731
0.065731
0.033820
0.062851
0.071602
0.071602
0.040262
0.051425
0.058376
0.058376
0.021644
0.058762
0.064477
0.064477
0.028518
0.046014
0.049926
0.049926
0.008203
0.053514
0.056308
0.056308
0.015567
0.049734
0.046377
0.046377
0.000000
0.056909
0.052774
0.052774
0.004666
0.064312
0.060649
0.060649
0.014488
0.070860
0.066473
0.066473
0.021524
0.046127
0.062375
0.062375
0.037631
0.052242
0.068243
0.068243
0.043650
0.040740
0.055566
0.055566
0.026357
0.048488
0.061629
0.061629
0.032754
0.035617
0.047653
0.047653
0.013867
0.043508
0.053963
0.053963
0.020696
0.040746
0.045327
0.045327
0.004009
0.048232
0.051580
0.051580
0.011850
0.055980
0.059586
0.059586
0.020860
0.062810
0.065274
0.065274
0.027325
0.051135
0.071580
0.071580
0.051458
0.058620
0.077169
0.077169
0.057013
0.046510
0.064708
0.064708
0.040798
0.054123
0.070503
0.070503
0.046710
0.042217
0.056780
0.056780
0.029004
0.048427
0.062831
0.062831
0.035323
0.046333
0.055256
0.055256
0.020377
0.053707
0.061217
0.061217
0.026926
0.061223
0.068842
0.068842
0.036068
0.067951
0.074264
0.074264
0.042019

0.029945
0.031631
0.031631
0.002683
0.036570
0.036868
0.036868
0.005255
0.040386
0.039858
0.039858
0.007748
0.046486
0.044594
0.044594
0.011624
0.049994
0.047287
0.047287
0.013782
0.055593
0.051534
0.051534
0.017101
0.058805
0.053938
0.053938
0.018926
0.063921
0.057708
0.057708
0.021692
0.070643
0.065888
0.065888
0.032864
0.075475
0.069479
0.069479
0.035541
0.023246
0.027824
0.027824
0.000000
0.028666
0.032991
0.032991
0.004101
0.032591
0.035934
0.035934
0.006387
0.038859
0.040579
0.040579
0.009910
0.042459
0.043212
0.043212
0.011850
0.048196
0.047349
0.047349
0.014797
0.051484
0.049680
0.049680
0.016393
0.056711
0.053318
0.053318
0.020145
0.063865
0.062008
0.062008
0.030648
0.068800
0.065474
0.065474
0.032957
0.031552
0.038130
0.038130
0.013806
0.037234
0.043160
0.043160
0.017836
0.041034
0.046030
0.046030
0.020091
0.047110
0.050569
0.050569
0.023579
0.050604
0.053148
0.053148
0.025510
0.056178
0.057209
0.057209
0.028461
0.059377
0.059504
0.059504
0.030070
0.064471
0.063097
0.063097
0.032486
0.071180
0.071174
0.071174
0.043453
0.075992
0.074597
0.074597
0.045798

0.017555
0.049587
0.016136
0.025905
0.023257
0.054874
0.020102
0.030923
0.011741
0.042995
0.007405
0.015890
0.017482
0.048411
0.011416
0.021098
0.010444
0.039314
0.005863
0.010495
0.016475
0.045035
0.010263
0.016139
0.017609
0.040606
0.009165
0.007740
0.023511
0.046384
0.013701
0.013675
0.023761
0.041028
0.011476
0.006387
0.029565
0.046890
0.016171
0.010267
0.007943
0.045955
0.009809
0.026781
0.012601
0.051239
0.013666
0.031518
0.000887
0.039609
0.001153
0.017148
0.006832
0.045003
0.006168
0.022045
0.000000
0.036456
0.000311
0.012585
0.006238
0.042147
0.004575
0.017902
0.008489
0.038853
0.004880
0.011033
0.014558
0.044565
0.009250
0.016608
0.015914
0.040365
0.008433
0.008520
0.021846
0.046126
0.012933
0.014379
0.013948
0.054083
0.020632
0.038722
0.019881
0.059247
0.024475
0.043267
0.007734
0.047693
0.012103
0.029501
0.013730
0.052982
0.015987
0.034207
0.007427
0.044219
0.010768
0.024947
0.012308
0.049810
0.015038
0.030059
0.014722
0.046979
0.015538
0.023857
0.020834
0.052564
0.019881
0.029191
0.022397
0.048881
0.019329
0.021855
0.028343
0.054487
0.023768
0.027437

0.065091
0.093320
0.016688
0.033203
0.066832
0.091624
0.015481
0.028010
0.067610
0.090391
0.014416
0.024591
0.068467
0.087976
0.012070
0.018376
0.068719
0.086309
0.010319
0.014333
0.068706
0.083162
0.006828
0.010193
0.083150
0.098879
0.029648
0.032851
0.083094
0.095966
0.026398
0.026146
0.096315
0.110374
0.047299
0.049803
0.096224
0.107678
0.044275
0.043625
0.054929
0.091497
0.005286
0.035003
0.055674
0.090472
0.004846
0.030663
0.056887
0.089638
0.004221
0.027756
0.058437
0.087880
0.002576
0.022397
0.059087
0.086605
0.001228
0.018869
0.059709
0.084108
0.000000
0.012459
0.074425
0.099216
0.021436
0.037092
0.074946
0.096897
0.018769
0.031179
0.088412
0.110744
0.039882
0.053765
0.088845
0.108589
0.037388
0.048311
0.064148
0.101984
0.015525
0.047221
0.066850
0.101307
0.014210
0.043808
0.068200
0.100696
0.014167
0.041473
0.070005
0.099337
0.013513
0.037099
0.070825
0.098317
0.012772
0.034181
0.071757
0.096273
0.010959
0.028821
0.085176
0.109955
0.032073
0.051171
0.085983
0.108052
0.030354
0.046220
0.098260
0.120591
0.049683
0.066710
0.098956
0.118819
0.048055
0.062137

0.065233
0.057222
0.057222
0.006554
0.070998
0.061562
0.061562
0.010473
0.061309
0.054027
0.054027
0.002629
0.067591
0.058905
0.058905
0.007293
0.056217
0.049729
0.049729
0.000000
0.063067
0.055174
0.055174
0.002762
0.058589
0.057984
0.057984
0.012187
0.065677
0.063424
0.063424
0.017453
0.072578
0.071401
0.071401
0.028774
0.079072
0.076436
0.076436
0.033692
0.057155
0.054143
0.054143
0.006850
0.063127
0.058233
0.058233
0.011623
0.053208
0.051598
0.051598
0.004275
0.059740
0.056241
0.056241
0.008221
0.048002
0.047910
0.047910
0.000317
0.055149
0.053137
0.053137
0.005030
0.049408
0.055550
0.055550
0.014636
0.056879
0.060841
0.060841
0.019266
0.064315
0.069278
0.069278
0.031154
0.071144
0.074167
0.074167
0.035478
0.053272
0.058193
0.058193
0.020149
0.058943
0.062558
0.062558
0.023474
0.047898
0.055514
0.055514
0.017654
0.055025
0.060417
0.060417
0.021673
0.042058
0.051700
0.051700
0.013851
0.049837
0.057175
0.057175
0.018584
0.044169
0.058130
0.058130
0.026693
0.050233
0.063709
0.063709
0.031367
0.057750
0.071761
0.071761
0.042342
0.065213
0.076905
0.076905
0.046699

0.034361
0.063816
0.029679
0.037778
0.035767
0.062761
0.026929
0.033215
0.029406
0.057412
0.020523
0.027334
0.030431
0.056006
0.017287
0.022285
0.023340
0.050117
0.010256
0.015892
0.023996
0.048359
0.006519
0.010337
0.022286
0.045689
0.008801
0.009546
0.022885
0.043761
0.005042
0.006158
0.036943
0.058280
0.024143
0.024320
0.037472
0.056455
0.020623
0.018905
0.023680
0.060858
0.023247
0.039219
0.025622
0.060279
0.020802
0.035066
0.018941
0.054802
0.014161
0.029163
0.020486
0.053874
0.011215
0.024533
0.013020
0.047829
0.003912
0.018105
0.014181
0.046551
0.001881
0.012977
0.012665
0.044080
0.003439
0.012761
0.013789
0.042658
0.000000
0.007450
0.028087
0.056869
0.019259
0.027417
0.029104
0.055515
0.016038
0.022443
0.019976
0.060962
0.026825
0.046408
0.021281
0.061086
0.025254
0.042998
0.014460
0.055582
0.018694
0.037258
0.016935
0.055372
0.016652
0.033403
0.009287
0.049279
0.009418
0.027137
0.011391
0.048738
0.006898
0.022822
0.010290
0.045813
0.008925
0.022145
0.011079
0.045132
0.006413
0.017657
0.024759
0.058542
0.024405
0.036213
0.026640
0.057878
0.022046
0.032005

