0.48341592
0.44563344
0.55257564
0.58304046
0.47347446
0.4411886
0.54789072
0.58266516
0.48131084
0.45165992
0.56165674
0.6004248
0.4719934
0.44755282
0.55736812
0.60022758
0.47636454
0.45298826
0.56573016
0.6099208
0.46771312
0.4492981
0.56192992
0.61004784
0.4639915
0.4467264
0.55877712
0.60780134
0.45596478
0.44338382
0.55535356
0.60811376
0.44034812
0.42616046
0.53364366
0.5823962
0.43291016
0.42315164
0.53051558
0.58286056
0.49826466
0.44581432
0.56407776
0.5756553
0.487795
0.44117936
0.55917904
0.57537298
0.49558298
0.45096252
0.57262128
0.59184346
0.48577242
0.44669866
0.56815804
0.59178308
0.49017924
0.45167594
0.57638792
0.60059736
0.48106442
0.4478491
0.57244046
0.60088182
0.4769748
0.444706
0.56866588
0.5976666
0.4685145
0.44124342
0.5651148
0.59814604
0.45243306
0.4238342
0.54273894
0.57215628
0.44457622
0.42069744
0.53947076
0.5727516
0.4894541
0.42738196
0.54707854
0.54382466
0.47814996
0.422086
0.54091462
0.54253384
0.48655246
0.43175172
0.55474312
0.55842712
0.47586704
0.42680544
0.54897448
0.55733884
0.48104082
0.43201478
0.5579278
0.56619954
0.47101382
0.42748158
0.5526337
0.56542862
0.46780136
0.42490282
0.5499955
0.56294416
0.45842666
0.42073556
0.54510206
0.56237488
0.44379352
0.40490244
0.52498674
0.5388926
0.43505114
0.4010815
0.52042294
0.5384721
