0.18332268
0.169932
0.20450748
0.2186863
0.17975784
0.16809834
0.20282782
0.21877764
0.1835353
0.17205874
0.20794566
0.22461494
0.17985216
0.17044548
0.20646772
0.22466848
0.17903506
0.16948708
0.20559732
0.22346726
0.17563766
0.16809268
0.20434162
0.2237772
0.17224068
0.16404706
0.19928558
0.21759682
0.16912546
0.16284548
0.19825168
0.21802812
0.16351582
0.15701868
0.19044694
0.20917936
0.16069298
0.15599954
0.1896246
0.20955832
0.18957246
0.17024512
0.20858186
0.21592912
0.18587528
0.16830944
0.2065692
0.21578476
0.18987814
0.17230154
0.21208824
0.22157204
0.18594672
0.17058806
0.21041678
0.22149368
0.1851697
0.1696439
0.209681
0.22039046
0.18153614
0.16815382
0.20825202
0.22055684
0.17810756
0.16414248
0.20321138
0.2144067
0.17476898
0.1628484
0.20197914
0.21481898
0.1689397
0.15693904
0.19399878
0.20614132
0.16590964
0.15583228
0.19289768
0.2066195
0.1868309
0.16363226
0.20180824
0.20355242
0.18306486
0.16141992
0.19968818
0.20305164
0.18724056
0.1655349
0.20513288
0.20880342
0.1831906
0.16352168
0.20326444
0.20852802
0.18274878
0.16286566
0.20270004
0.20759018
0.17877298
0.16106754
0.2010574
0.2075144
0.17561866
0.1575149
0.19637724
0.20186146
0.17204772
0.1559132
0.19489976
0.201956
0.16643086
0.15044294
0.18733494
0.19387994
0.16316146
0.14903762
0.18597714
0.19412304
