0.4881106
0.45957948
0.53926392
0.59491324
0.47759806
0.45547226
0.53484986
0.59590624
0.48650302
0.4645392
0.54830452
0.61004766
0.47666096
0.46090122
0.54440536
0.61145578
0.47822274
0.46117288
0.5466066
0.61155494
0.4690797
0.45797248
0.543263
0.61333028
0.46072652
0.4476166
0.5316416
0.59750958
0.45229832
0.44478122
0.52878876
0.59947948
0.43608852
0.4264676
0.50704078
0.5723886
0.42840906
0.42405978
0.5046364
0.57459662
0.50304342
0.46005062
0.54842234
0.58631948
0.49189338
0.45569686
0.54372784
0.5873776
0.5012832
0.46461986
0.55752438
0.60098388
0.49082922
0.46075774
0.5533725
0.60248584
0.49273316
0.4610653
0.5558073
0.6024438
0.48301368
0.4576648
0.55224876
0.60434018
0.4745853
0.44727666
0.54045408
0.58842828
0.46562508
0.44426596
0.53742556
0.59053908
0.448889
0.42571292
0.51505224
0.56319848
0.4407089
0.4231314
0.51247654
0.56552132
0.49469134
0.44042154
0.530195
0.55129716
0.48267048
0.43532226
0.52427424
0.55125566
0.4929977
0.44450972
0.53875156
0.5647639
0.4816133
0.43985926
0.53330556
0.5651157
0.4845209
0.4408729
0.53670174
0.56582026
0.47384018
0.43666272
0.5318193
0.56654374
0.4664551
0.42742252
0.5213924
0.55230308
0.4565449
0.42361386
0.51706114
0.55326222
0.44096916
0.40655812
0.49660978
0.5283865
0.4318755
0.4032036
0.49277824
0.52959004
