0.274872
0.391457
0.320614
0.157172
0.303997
0.397622
0.324720
0.142680
0.295866
0.389232
0.312847
0.128531
0.323845
0.391983
0.308355
0.126571
0.324134
0.389885
0.309073
0.124363
0.343124
0.394078
0.315776
0.133351
0.350584
0.390464
0.318296
0.133214
0.368708
0.393560
0.307330
0.141624
0.386112
0.405313
0.336727
0.199576
0.398510
0.405627
0.340165
0.172266
0.236851
0.397621
0.295190
0.171761
0.261042
0.400099
0.300237
0.167707
0.253561
0.394226
0.282023
0.149672
0.289123
0.396046
0.291129
0.146880
0.288001
0.397106
0.290362
0.160316
0.310245
0.399771
0.291104
0.150534
0.323205
0.399417
0.286592
0.191215
0.336715
0.401614
0.293976
0.178355
0.352102
0.413038
0.324168
0.215983
0.374631
0.415221
0.317643
0.207956
0.238693
0.412154
0.310364
0.267934
0.257284
0.416427
0.312657
0.253709
0.241692
0.410081
0.299500
0.236723
0.277084
0.412748
0.293352
0.222904
0.275898
0.409647
0.296217
0.227076
0.314089
0.412445
0.299922
0.208200
0.329552
0.413306
0.311661
0.240140
0.352422
0.415950
0.310976
0.242018
0.371598
0.423827
0.335075
0.284712
0.385729
0.426636
0.338665
0.271744
