0.18347182
0.17014298
0.20225644
0.21857434
0.1802362
0.16877912
0.20109248
0.21923292
0.18398206
0.17287108
0.20683946
0.22577002
0.18058096
0.17168964
0.2058537
0.22646896
0.17952584
0.17074438
0.2045431
0.22535332
0.17631682
0.16967148
0.2036248
0.22612334
0.17333216
0.16643194
0.19928082
0.2209627
0.17027724
0.16541876
0.19837336
0.2218285
0.16393838
0.15794586
0.18941708
0.21054594
0.16108838
0.15702144
0.18857478
0.2113815
0.18923938
0.17036004
0.20590868
0.21536472
0.18598128
0.1688758
0.20450068
0.21585064
0.18984972
0.17282536
0.21043256
0.22221402
0.186208
0.17152684
0.20901738
0.22289484
0.18507576
0.1704433
0.20786208
0.22144362
0.1816338
0.16925778
0.20670416
0.22228366
0.17856602
0.16596708
0.20233502
0.21719226
0.17528676
0.16484804
0.20130456
0.2179842
0.1689127
0.1575478
0.19238906
0.2069159
0.16585334
0.15652722
0.19136202
0.20751306
0.18471182
0.16244554
0.19777692
0.20185004
0.18120032
0.16070614
0.19612942
0.20213114
0.1852616
0.16473596
0.20202742
0.20820708
0.18151008
0.16316044
0.20065286
0.20863994
0.18083216
0.16243244
0.19971572
0.20747158
0.17713292
0.16096632
0.19831558
0.2079331
0.17447942
0.15817338
0.19447318
0.20350364
0.17105868
0.15677782
0.19312744
0.20393036
0.16514146
0.15017096
0.18490418
0.19391668
0.16191434
0.1488833
0.18372814
0.19434658
