0.279204
0.424912
0.377344
0.269448
0.304405
0.426081
0.374125
0.215377
0.301870
0.422596
0.369159
0.156374
0.329921
0.422241
0.358529
0.148137
0.344402
0.421928
0.359722
0.083940
0.371282
0.421165
0.354025
0.088271
0.372804
0.426401
0.364341
0.080722
0.393068
0.422316
0.358361
0.088634
0.403051
0.438753
0.386780
0.136905
0.409491
0.437695
0.388987
0.112403
0.242380
0.422263
0.344522
0.264696
0.270875
0.425202
0.338630
0.256339
0.268873
0.419624
0.321623
0.233058
0.296517
0.419807
0.322511
0.210709
0.305664
0.418511
0.321285
0.190695
0.337028
0.417091
0.316668
0.175022
0.353761
0.423562
0.324392
0.164111
0.367821
0.423243
0.327847
0.153378
0.377248
0.433389
0.353574
0.221208
0.387728
0.433066
0.354020
0.198779
0.238389
0.430952
0.355012
0.331153
0.277171
0.435578
0.361886
0.309974
0.267080
0.429966
0.340095
0.300632
0.310983
0.432243
0.339238
0.279448
0.315782
0.429003
0.330524
0.290053
0.338146
0.429885
0.329129
0.276532
0.338536
0.430498
0.339016
0.286632
0.364331
0.431787
0.337857
0.270462
0.372234
0.438780
0.356820
0.314185
0.387728
0.439957
0.358274
0.313989
