0.25107506
0.12313256
0.19441512
0.40884862
0.21743794
0.12325124
0.19484512
0.41484784
0.21077718
0.11910672
0.20113882
0.44174672
0.17614412
0.11842004
0.19274516
0.48665536
0.1758527
0.11512372
0.19207146
0.4541817
0.14759722
0.11673824
0.19431672
0.45818722
0.14760926
0.11378438
0.18749798
0.42753856
0.1408398
0.11782614
0.19510478
0.44151306
0.13061274
0.0995959
0.16580222
0.36484412
0.11957582
0.10339846
0.17412914
0.37342096
0.28177446
0.11850224
0.21962906
0.32753546
0.25094004
0.115865
0.20311494
0.36658906
0.26004054
0.11299544
0.20723952
0.4124016
0.21178528
0.11350822
0.21355222
0.40645186
0.1982708
0.10724536
0.21540412
0.41354794
0.17276954
0.11051462
0.22484274
0.44545092
0.16786728
0.09996928
0.20856712
0.36881992
0.15138662
0.1036289
0.2079242
0.37627014
0.1480358
0.08986946
0.18325288
0.30735254
0.13984128
0.09413052
0.18573754
0.3047274
0.27752394
0.10144392
0.20890066
0.23766962
0.240182
0.1012371
0.21164766
0.25658306
0.2451316
0.09853252
0.2182512
0.27105174
0.2124549
0.09961956
0.20120978
0.2917923
0.21290396
0.09386334
0.19983798
0.29247688
0.17462562
0.094606
0.203475
0.30661316
0.17335662
0.0881517
0.2080968
0.2705276
0.16105344
0.08987194
0.2069482
0.26557604
0.15257754
0.0807678
0.18756956
0.23488068
0.14123116
0.08290376
0.18491664
0.24166588
