0.5016802
0.45871308
0.55058722
0.5887132
0.4910517
0.45381882
0.54644084
0.58852374
0.49884942
0.46207836
0.5587106
0.60193362
0.48891342
0.45765592
0.555064
0.60213534
0.4886562
0.45922446
0.555892
0.60564296
0.47939354
0.45522416
0.55265564
0.60612044
0.46842476
0.44436926
0.53746688
0.59019792
0.45975688
0.4406231
0.5344566
0.59062884
0.44107758
0.41969258
0.50914648
0.55958028
0.43305336
0.41623098
0.5063637
0.55998434
0.51596506
0.45763682
0.559093
0.57780654
0.50481376
0.45255394
0.55483306
0.57777636
0.51319336
0.46083466
0.56756364
0.59090858
0.50275656
0.45624702
0.5638306
0.59130384
0.50248082
0.45757146
0.5643573
0.59422188
0.49274664
0.45343384
0.5610619
0.59492744
0.48160126
0.44264786
0.54549058
0.57904084
0.47250178
0.43880432
0.5424587
0.57975034
0.45361894
0.4182163
0.5170368
0.5493738
0.44520222
0.41468222
0.51425146
0.55007
0.5066497
0.43823736
0.53880334
0.54284954
0.4946324
0.43249508
0.53338052
0.54189902
0.50402808
0.44106874
0.54688612
0.5549531
0.49266392
0.43577868
0.5419193
0.55437556
0.4933689
0.43754066
0.5434427
0.5576142
0.48268932
0.43268678
0.53889764
0.55733344
0.47278872
0.42301522
0.52500614
0.5430387
0.4627684
0.4184796
0.52076838
0.54280516
0.445291
0.39960256
0.49766708
0.51523496
0.43599714
0.39541152
0.49373092
0.51503622
