0.27352482
0.13579062
0.22331274
0.29656912
0.26181136
0.13372476
0.21826238
0.30265578
0.26460238
0.1278257
0.23173922
0.3749187
0.23016794
0.12432904
0.24208386
0.36338094
0.23624832
0.1212467
0.2350716
0.41183072
0.21436208
0.11810854
0.23724172
0.44330242
0.20499102
0.11702248
0.22565376
0.44424516
0.17463188
0.11265198
0.22319426
0.4428263
0.1698447
0.10649204
0.20151274
0.3551155
0.15550154
0.10310104
0.20325818
0.35567316
0.30953202
0.13204042
0.26215406
0.281852
0.28014572
0.12880812
0.26249578
0.2885915
0.28471694
0.12782538
0.27907794
0.3074335
0.2511762
0.12572668
0.27706144
0.30910172
0.25460766
0.12033556
0.28529704
0.3406417
0.21726952
0.1175592
0.27714556
0.33981998
0.21630564
0.11638162
0.26082882
0.3502219
0.1941472
0.11428272
0.26636554
0.35782106
0.1870668
0.10643572
0.23502394
0.31941172
0.16546782
0.1039687
0.23436988
0.31972382
0.29513156
0.12469292
0.25147088
0.21808772
0.26976088
0.12113322
0.2484908
0.2323128
0.27336992
0.12389646
0.2750723
0.24858248
0.2419708
0.12055404
0.27768132
0.25248442
0.2446184
0.11952694
0.27471678
0.25636756
0.22232662
0.11568594
0.28237982
0.2600314
0.20771934
0.11459422
0.25466192
0.24619372
0.19754766
0.11104812
0.25419474
0.25314382
0.19269278
0.10659216
0.2239879
0.19788306
0.17754948
0.1026998
0.22545228
0.22144736
