0.064403
0.079206
0.049726
0.026314
0.068902
0.081898
0.051760
0.027248
0.065518
0.077890
0.047254
0.021149
0.070163
0.080393
0.049189
0.022391
0.070142
0.080966
0.049821
0.024782
0.074420
0.083281
0.051662
0.025925
0.076887
0.086663
0.056153
0.032933
0.080853
0.088849
0.057944
0.034212
0.085755
0.094020
0.065832
0.044142
0.089401
0.096137
0.067631
0.045050
0.058683
0.080017
0.046626
0.032177
0.063241
0.082699
0.048815
0.033397
0.059679
0.078848
0.044240
0.027442
0.064611
0.081335
0.046135
0.028389
0.064421
0.081693
0.046554
0.030571
0.068971
0.083978
0.048397
0.031573
0.071335
0.087206
0.052823
0.038230
0.075563
0.089356
0.054715
0.039204
0.080726
0.094525
0.062895
0.048647
0.084595
0.096590
0.064592
0.049804
0.062541
0.087038
0.054844
0.046814
0.067340
0.089822
0.057095
0.048130
0.063262
0.085849
0.052264
0.042447
0.068207
0.088468
0.054406
0.043653
0.067375
0.088367
0.054091
0.044954
0.072120
0.090801
0.056085
0.046052
0.073902
0.093427
0.059738
0.051677
0.078239
0.095726
0.061670
0.052802
0.083058
0.100302
0.069123
0.061090
0.087031
0.102494
0.071119
0.062340
