0.238653
0.328850
0.261655
0.187383
0.254209
0.329831
0.257723
0.189871
0.258051
0.324467
0.254070
0.136192
0.284292
0.325838
0.258618
0.170007
0.278538
0.327142
0.253868
0.117613
0.295572
0.326815
0.247235
0.103535
0.301294
0.335495
0.264625
0.090736
0.310848
0.333197
0.256166
0.103480
0.325036
0.344699
0.281794
0.140728
0.335064
0.341950
0.281352
0.132795
0.215693
0.334687
0.247969
0.186414
0.245932
0.338095
0.257219
0.183022
0.230408
0.332386
0.234724
0.172012
0.256407
0.333578
0.236964
0.171485
0.251714
0.336078
0.225769
0.152586
0.282731
0.334453
0.224504
0.171926
0.280420
0.342280
0.239916
0.151111
0.300356
0.342766
0.236474
0.146339
0.309045
0.353203
0.266038
0.191775
0.320221
0.354529
0.264208
0.208082
0.213402
0.348973
0.256090
0.243887
0.226763
0.352350
0.267294
0.237998
0.220071
0.345016
0.247181
0.215251
0.261944
0.347638
0.253492
0.215723
0.245132
0.347969
0.240770
0.228788
0.279641
0.351305
0.248008
0.224780
0.265422
0.352446
0.257579
0.231345
0.295576
0.355785
0.255358
0.230190
0.301131
0.362719
0.273842
0.251376
0.319550
0.366668
0.284241
0.234044
