0.48899102
0.45579652
0.54117658
0.58760188
0.4810447
0.45507904
0.54061466
0.5939942
0.4903097
0.46430886
0.554147
0.60829764
0.48308332
0.4642646
0.55425764
0.61548764
0.48233502
0.46279972
0.55243906
0.61299134
0.47582456
0.4633517
0.55317862
0.62082712
0.46730134
0.45061688
0.53910222
0.60008662
0.46130904
0.45144664
0.54014216
0.6080429
0.44419598
0.42975578
0.51466408
0.57403188
0.43877954
0.4308498
0.51599084
0.58202738
0.50210166
0.45519726
0.54966174
0.57868308
0.49347094
0.45400306
0.54864826
0.58469834
0.50321804
0.46299028
0.56239606
0.59821868
0.49529852
0.46244774
0.56203386
0.6049922
0.4947177
0.46086036
0.5600379
0.60198304
0.48751668
0.4609011
0.56029488
0.60937316
0.4791783
0.44827474
0.54615232
0.58856266
0.4724982
0.44857904
0.5466973
0.59603972
0.45533292
0.42720494
0.52110508
0.56254202
0.44924838
0.427772
0.5219364
0.57003546
0.49197914
0.43509816
0.5299363
0.54372368
0.4823751
0.43293422
0.5274632
0.5482346
0.49326262
0.44230826
0.5421281
0.56178788
0.48428762
0.44072534
0.54020914
0.5669638
0.48497028
0.44000028
0.5395172
0.56487384
0.47667504
0.43896344
0.53818228
0.57062238
0.47006358
0.4280819
0.52623608
0.55227082
0.46228178
0.4273089
0.52519854
0.55812022
0.44675098
0.40795606
0.50205152
0.5278039
0.43959278
0.40747144
0.50134872
0.53371266
