0.49977778
0.4644087
0.55509076
0.5981484
0.48893738
0.45847064
0.54981248
0.59609964
0.50205868
0.47191916
0.56730204
0.61563128
0.49163806
0.46624644
0.56231796
0.61376756
0.49148816
0.46476674
0.56195012
0.6109717
0.48174798
0.4596156
0.5575019
0.60960458
0.47481258
0.44948138
0.54696866
0.59328532
0.46571506
0.44475878
0.54299376
0.59226844
0.4501417
0.42618696
0.52074114
0.56369688
0.44163874
0.42174776
0.51706016
0.56273154
0.51295828
0.46240376
0.5625821
0.58630158
0.50167708
0.45637998
0.55729046
0.5845369
0.51551682
0.46981202
0.57520534
0.6035853
0.50467056
0.46407788
0.57023576
0.60204776
0.50494722
0.46289834
0.57028938
0.59960086
0.49480018
0.45769412
0.56586528
0.5985615
0.4882272
0.44800076
0.55575106
0.58287462
0.47874364
0.44322904
0.5518093
0.5821761
0.46297892
0.42481462
0.52932872
0.55392518
0.45411804
0.42033336
0.52568852
0.55326618
0.501517
0.4415135
0.54097986
0.55033348
0.48953376
0.43498026
0.53467762
0.54781252
0.50454894
0.44865668
0.55331614
0.56654086
0.49292302
0.44236474
0.54725904
0.56419932
0.49446192
0.44210408
0.54874634
0.56290502
0.48349422
0.43630786
0.54318984
0.56101924
0.47838284
0.42805486
0.53496274
0.54740992
0.46805944
0.42267664
0.52986998
0.54584936
0.45375264
0.40598754
0.50961286
0.52034054
0.44407806
0.40092358
0.50486156
0.518857
