0.48473444
0.44079944
0.54589452
0.5732173
0.47365162
0.43389818
0.53988286
0.56917412
0.4884387
0.45119656
0.56327416
0.59726334
0.47797242
0.44469896
0.55774048
0.59356092
0.48401534
0.45285396
0.56831966
0.60763606
0.47411154
0.4467203
0.56312518
0.60417706
0.46858828
0.442467
0.5562764
0.59862406
0.4593514
0.43683534
0.55151452
0.59559774
0.4415403
0.4188429
0.52552558
0.56788142
0.4329131
0.41362872
0.52108528
0.56514488
0.5013172
0.44084848
0.55730788
0.56355218
0.48978324
0.43391962
0.55136426
0.55996666
0.50482998
0.45055934
0.57476886
0.58668852
0.4939465
0.44406272
0.56934018
0.5834803
0.49986606
0.45150778
0.57947532
0.596211
0.48956912
0.4453899
0.57439892
0.5932557
0.48358718
0.44065198
0.56676712
0.58686336
0.4739744
0.4350327
0.56211144
0.58431042
0.45544888
0.41687202
0.5350755
0.55639452
0.44646184
0.41166172
0.5307226
0.55408834
0.4958166
0.42432628
0.53974286
0.53112724
0.48329804
0.41681568
0.5325997
0.52684172
0.49883164
0.43301554
0.55608058
0.55236822
0.4869094
0.42590028
0.54937302
0.54840594
0.49365324
0.43345408
0.56036014
0.56097498
0.48229552
0.42670116
0.55396844
0.55723946
0.47737252
0.42270598
0.54789824
0.55194036
0.4667136
0.41645098
0.5419378
0.5485978
0.44961506
0.39983246
0.51726032
0.52323484
0.4396385
0.39401548
0.51167508
0.52017322
