0.234547
0.299564
0.256046
0.157158
0.252835
0.301808
0.258995
0.152003
0.247697
0.297378
0.245286
0.132883
0.267408
0.299822
0.236805
0.121081
0.269077
0.295587
0.238131
0.091111
0.292786
0.297636
0.238131
0.098603
0.287739
0.308798
0.255211
0.101098
0.305844
0.310980
0.250083
0.095029
0.312781
0.321980
0.263418
0.125683
0.325194
0.323933
0.265137
0.122828
0.206498
0.306958
0.239800
0.169001
0.232185
0.311012
0.238849
0.185348
0.229295
0.304693
0.230228
0.161462
0.263343
0.308342
0.222975
0.163596
0.256810
0.302079
0.215730
0.155201
0.275716
0.303868
0.209162
0.148320
0.268911
0.314715
0.242122
0.131950
0.292805
0.317117
0.236879
0.134258
0.295380
0.327563
0.259457
0.174449
0.302397
0.329807
0.262134
0.167745
0.211647
0.320536
0.253846
0.224648
0.239016
0.326410
0.258154
0.219790
0.235377
0.318936
0.252347
0.214806
0.256579
0.323915
0.243786
0.217427
0.249929
0.316751
0.249016
0.191369
0.271501
0.320258
0.250430
0.197926
0.265539
0.327654
0.260421
0.220581
0.273104
0.331234
0.259829
0.212880
0.277404
0.338821
0.265454
0.241857
0.293133
0.342146
0.269506
0.239783
