409
185
1918
3063
349
257
990
1254
585
204
1123
2742
280
242
852
2589
326
195
637
3208
238
209
642
3023
299
223
680
1582
199
218
766
3032
176
157
416
2411
245
180
621
1678
1018
176
1659
1542
864
180
1525
1701
1014
276
2099
2423
323
214
2197
2382
395
314
1744
1559
364
176
1749
2449
299
204
1561
1832
378
199
759
954
242
214
456
1918
257
176
861
1766
561
171
1037
783
397
180
718
535
404
228
1259
947
406
238
1075
921
552
185
840
904
416
171
399
852
345
199
794
509
280
218
959
840
261
171
352
675
180
180
340
609
