2468
213
59257
2819
423
195
7417
7694
28454
145
625
156514
454
207
272
163096
514
151
16423
65081
187
700
226
185786
177
162
5349
15572
136
534
1136
30632
151
273
3522
11698
144
272
1295
92633
80616
152
570
8741
204
141
317
7034
3546
106
1389
105928
8567
137
1596
10282
32886
154
678
74752
707
482
132
58684
5162
147
6358
4953
1038
208
35578
84791
184
155
216
4526
178
462
18537
9438
472
168
273
890
281
85
4570
647
548
109
344
647
518
138
3894
2261
2664
100
403
24511
941
138
162
1720
11918
131
218
1519
370
109
500
5945
949
100
197
1256
222
290
1376
895
