575
176
290
2230
485
157
397
3646
464
171
342
2249
340
133
606
5305
383
152
378
3639
204
152
902
3839
261
157
440
2663
209
161
1233
2787
209
142
257
1756
204
157
285
1882
1099
171
502
1337
718
147
390
2720
754
152
452
3127
530
152
761
3532
409
147
923
2606
323
142
954
3948
257
142
794
2239
304
152
559
2704
345
133
435
2035
238
171
404
1563
1075
152
485
790
718
142
604
985
1259
142
478
883
552
152
509
935
606
171
411
809
376
185
495
978
649
161
525
921
323
176
875
685
349
190
366
602
326
214
366
804
