542
180
849
3337
252
171
1118
3682
247
185
575
3458
223
190
706
3689
273
171
1173
3503
228
176
861
3080
166
142
630
3139
147
133
666
2744
171
147
518
1947
157
128
759
2668
511
185
1002
2544
397
180
992
2608
521
204
1390
2356
359
180
1059
2701
430
199
1761
2344
218
180
2192
2411
307
176
1501
1551
261
157
1418
1858
195
157
571
1228
176
142
1223
1739
471
138
376
787
404
157
385
811
628
157
516
825
430
176
487
794
740
166
875
744
266
152
433
744
297
138
540
647
233
142
380
680
223
142
383
580
176
133
318
518
