0.1510985
0.11827122
0.10447076
0.0908349
0.08259952
0.0519662
0.0480402
0.05193014
0.04138886
0.04239134
0.03929516
0.03352414
0.03783518
0.03330974
0.0357289
0.03880338
0.03877148
0.03468504
0.0368272
0.02097534
0.0147119
0.01338858
0.01379986
0.01912176
0.01525622
0.03210906
0.01915474
0.01984472
0.01442938
0.025165
0.01369578
0.01492484
0.01367642
0.0178266
0.017729
0.01309878
0.01309878
0.0171188
0.01573832
0.01713326
0.02118562
0.01495194
0.0135837
0.01259372
0.01278214
0.01263644
0.0114858
0.01148306
0.0119735
0.01198944
0.01197314
0.01343642
0.0120987
0.0083105
0.00935382
0.00971352
0.00763956
0.0088538
0.00794246
0.00853558
0.01315384
0.01500406
0.00865094
0.00751056
0.00793888
0.00877966
0.00819474
0.00785496
0.00886074
0.00777468
0.00764618
0.0076249
0.00871756
0.00794766
0.00896336
0.00790594
0.00850594
0.00883336
0.00622124
0.00578198
0.00584504
0.0059759
0.00600302
0.00514644
0.00540356
0.00540356
0.00589164
0.00632346
0.00557164
0.0052794
0.00487
0.00511832
0.0051041
0.00569038
0.00593148
0.00566196
0.00621334
0.00959732
0.00647782
0.00643008
0.00976496
0.00833598
0.00684328
0.00620058
0.00620058
0.00600668
0.00597406
0.00616798
0.00613186
0.00603838
0.00666154
0.00603838
0.00588992
0.00930522
0.00913808
0.00617338
0.00708478
0.00598962
0.00526656
0.00564476
0.00552908
0.00552908
0.00552908
0.00928708
0.00573356
0.0060028
0.0061941
0.0061941
0.0061941
0.00737398
0.00666096
0.00631928
0.0063335
0.00794688
0.00620326
0.0059392
0.00552208
0.00684264
0.0057214
0.00551216
0.00609134
0.00907322
0.00583506
0.00581514
0.00536324
0.00540614
0.00502726
0.00502726
0.00502726
0.00490112
0.00500064
0.00490112
0.0054096
0.00624006
0.00547296
0.0050872
0.00480978
0.00501074
0.00501078
0.00560844
0.00501078
0.00501078
0.00516652
0.0048063
0.0048063
0.00465458
0.00462008
0.00489234
0.00464164
0.00516652
0.00620978
0.00516648
0.00516648
0.00504376
0.00473052
0.00494136
0.00481864
0.00518492
0.00562996
0.00489438
0.0044597
0.0044597
0.00810936
0.00543208
0.00458088
0.00457022
0.00559552
0.00520056
0.00466418
0.00454146
0.00508568
0.00566894
0.00454146
0.00466418
0.0060012
0.00454146
0.0071971
0.00454146
0.00454146
0.00454146
0.00454146
0.00466418
0.0046767
0.00466418
0.00466418
0.00466418
0.0062023
0.00466418
0.00466418
0.00466418
0.00466418
0.00595286
0.00466418
0.00598158
0.00446772
0.00446772
0.00590606
0.00483396
0.00446772
0.00518692
0.00446772
0.00446772
0.00446772
0.00446772
0.00446772
0.00446772
0.0069051
0.00494204
0.00426324
0.00424332
0.0044597
0.0044597
0.00444138
0.0044597
0.00466996
0.00500392
0.00501018
0.0051499
0.00446596
0.00446596
0.0044597
0.0044597
0.0044597
0.00470946
0.00446046
0.00475024
0.00475024
0.004751
0.00476392
0.00484458
0.00484458
0.00475024
0.00475024
0.00451598
0.00444926
0.00451598
0.00422544
0.0042688
0.00431904
0.00422544
0.0047667
0.00422544
0.00422544
0.00442992
0.00494304
0.00442992
0.00443042
0.0043884
0.00454902
0.00496076
0.00469144
0.00418392
0.0042317
0.00416472
0.00416472
0.00461256
0.00415846
0.00415846
0.00436294
0.00436294
0.00416374
0.00467034
0.00416282
0.00459364
0.00416282
0.00416384
0.00416384
0.00416384
0.00415948
0.00415846
0.0040587
0.0040587
0.00413116
0.00811706
0.00413116
0.00413116
0.00413116
0.00413116
0.00413116
0.00424332
0.00460626
0.00460626
0.00460626
0.00415846
0.00415846
0.00413634
0.00414304
0.00417244
0.00415846
0.00389786
0.00415846
0.00415846
0.00415846
0.00415846
0.00423722
0.00423722
0.00423722
0.00423722
0.00423722
0.00482432
0.00423722
0.00415846
0.00415846
0.0041407
0.00423016
0.00423016
0.0041407
0.00507014
0.00399938
0.0041738
0.0041412
0.0041412
0.005789
0.0041412
0.00557044
0.00587348
0.0041412
0.0041412
0.0041412
0.0041412
0.00560846
0.0040983
0.0040983
0.0040983
0.0040983
0.00424276
0.00424276
0.00424276
0.00424276
0.00424276
0.00424276
0.00424276
0.00428566
0.00428516
0.00428516
0.00428516
0.00436394
0.00428516
0.00428516
0.00428516
0.00428516
0.00431776
0.00428516
0.00428516
0.00428516
0.00428516
0.00428516
0.00428516
0.00428516
0.00428516
0.00428516
0.00450656
0.00428516
0.0049691
0.00428516
0.00496848
0.00496848
0.00496848
0.00428516
0.0048828
0.00424344
0.00424344
0.00424344
0.00443506
0.00451382
0.00433232
0.0041191
0.0041191
0.00433232
0.0066066
0.0041191
0.0041191
0.0041191
0.0040918
0.0038724
0.0038724
0.0038724
0.0038724
0.00413432
0.00413432
0.00413432
0.00410702
0.00413432
0.0040762
0.0041191
0.0040762
0.00413432
0.0041191
0.0041191
0.00466108
0.00420078
0.00436952
0.00436952
0.0043056
0.0043056
0.00428784
0.0041191
0.00379406
0.00379406
0.0048099
0.00376048
0.00376048
0.00379406
0.00379406
0.00379406
0.00379406
0.00379406
0.00379406
0.00379406
0.00387282
0.00359406
0.00362014
0.00362014
0.00362014
0.00362014
0.00424442
0.0037002
0.00366662
0.0037002
0.0037002
0.0037002
0.0037002
0.0037002
0.00442862
0.00442862
0.00442322
0.00387412
0.00419802
0.00400128
0.00400128
0.0040186
0.00481884
0.00400128
0.00387824
0.00384308
0.00426944
0.00455312
0.00415146
0.00415248
0.00389036
0.00389036
0.00389036
0.00389036
0.00389706
0.00389706
0.00376682
0.00389036
0.00391688
0.00389036
0.00405554
0.00464618
0.00392838
0.00389036
0.00389036
0.00389036
0.00389036
0.00391894
0.00391894
0.00383888
0.00422118
0.00446316
0.00391894
0.00389036
0.00389036
0.00389036
0.00391302
0.0038978
0.00474394
0.0038978
0.00495782
0.0039183
0.0039183
0.00391302
0.0039304
0.0038978
0.0039427
0.00391556
0.0038978
0.00391302
0.0038136
0.0038978
0.00387412
0.00389144
0.00389144
0.00387412
0.00393424
0.00391902
0.00391902
0.00391912
0.00394998
0.00391902
0.00391902
0.00391902
0.00391902
0.00391902
0.00393634
0.00391902
0.00391902
0.00412062
0.00407572
0.00407572
0.00387412
0.00407086
0.00446132
0.00387412
0.00387412
0.00389464
0.00388198
0.00338826
0.00389462
0.00389462
0.00389462
0.00389462
0.00389462
0.00389462
0.00387412
0.00387412
0.00387412
0.00417664
0.00387412
0.00387412
0.00399968
0.00387412
0.00392002
0.00387412
0.00387412
0.00387412
0.00387412
0.00387412
0.00428098
0.00387412
0.00387412
0.00387412
0.00385044
0.0043917
0.00432672
0.00432672
0.00429792
0.00429792
0.00376386
0.0037876
0.0037671
0.0037671
0.00363426
0.0037671
0.0037672
0.00424804
0.00379244
0.00430808
0.00432968
0.00381404
0.00382036
0.00381682
0.00378824
0.00395698
0.00395698
0.00372468
0.00397748
0.00397748
0.00397748
0.00397748
0.00407194
0.00407194
0.00380874
0.00380874
0.00380874
0.00371414
0.00371414
0.00371414
0.00371414
0.00375898
0.003745
0.0038396
0.0038396
0.0038396
0.00383682
0.00383682
0.00409948
0.00380596
0.0039747
0.00380596
0.00380596
0.00380596
0.00380596
0.00378546
0.00378824
0.00378546
0.00447324
0.00439964
0.00378546
0.00378546
0.00378546
0.00378546
0.00369086
0.00412438
0.00379178
0.0037054
0.00378546
0.00378546
0.00378546
0.00378546
0.00461596
0.00394998
0.00385368
0.00388516
0.00388516
0.00376948
0.00376624
0.00370126
0.00376624
0.00376624
0.00376624
0.00376624
0.00419952
0.00419952
0.00376624
0.0053828
0.00376624
0.00376624
0.00376624
0.0037639
0.00427406
0.00377218
0.00385638
0.0038774
0.00385638
0.00385638
0.00385638
0.00395912
0.00385638
0.00385638
0.0038944
0.00385638
0.00385638
0.00385638
0.00385638
0.00385638
0.00385638
0.00385638
0.00385638
0.00385638
0.00385638
0.00385638
0.00385638
0.00385638
0.00395794
0.003863
0.00385708
0.00385638
0.00385044
0.00385044
0.00385044
0.00385044
0.00385044
0.00385044
0.00385368
0.00385368
0.00385044
0.00385044
0.00385044
0.00385044
0.00385044
0.00385044
0.00385044
0.00385368
0.00385368
0.00385368
0.00385368
0.00385044
0.00385044
0.00382324
0.00382324
0.00439876
0.00382324
0.00382324
0.00382324
0.00374182
0.00382324
0.00382324
0.00384426
0.00382324
0.00443928
0.00370598
0.00423876
0.00423876
0.00423876
0.00411252
0.00381642
0.003697
0.003697
0.003697
0.00382324
0.00382324
0.00382994
0.00374182
0.0037704
0.0037704
0.00381006
0.0037704
0.00374182
0.00374182
0.00382324
0.00382324
0.0036904
0.0036904
0.0036904
0.0036904
0.00466184
0.0036904
0.0036904
0.0036904
0.00389608
0.00432366
0.0036904
0.0036904
0.0036904
0.0036904
0.00372126
0.0036904
0.00430396
0.0036904
0.00371752
0.0036904
0.00360898
0.00360898
0.0036904
0.0036904
0.0036904
0.0036904
0.0036904
0.0036904
0.0036904
0.00377586
0.00447806
0.00352306
0.00350778
0.00378684
0.00380212
0.00405492
0.00405492
0.00405492
0.0041706
0.00405492
0.0041672
0.00418776
0.00418776
0.0039087
0.00377586
0.0039087
0.00506158
0.0039087
0.0039087
0.0039087
0.0039087
0.0039087
0.0039087
0.00444996
0.0039087
0.0039087
0.0038871
0.0038658
0.003613
0.003613
0.003613
0.0038814
0.0038871
0.00390972
0.0039087
0.0039087
0.0039087
0.0039087
0.00376528
0.00396302
0.00400792
0.00419612
0.00419612
0.00419612
0.00399838
0.00419612
0.00419612
0.00411066
0.00411066
0.00411066
0.00411066
0.00411066
0.00388022
0.00388022
0.00388022
0.00388022
0.0043135
0.00414288
0.00414288
0.0041312
0.00414288
0.00406146
0.00401856
0.00409998
0.00409998
0.00414288
0.0041244
0.00414288
0.00414288
0.00414288
0.00414288
0.00414288
0.00398026
0.00398026
0.00398026
0.0042708
0.00398026
0.00398026
0.00398026
0.00398026
0.00410708
0.00398026
0.00398026
0.00469774
0.00398026
0.0054505
0.0041131
0.0041131
0.0041138
0.0041131
0.0041131
0.0041131
0.00440364
0.00440364
0.00440364
0.00440364
0.0041131
0.0041131
0.0041131
0.0042094
0.00449994
0.0041131
0.0041131
0.00432336
0.0041131
0.00435826
0.00415116
0.00454646
0.00382324
0.00382324
0.00382324
0.00382324
0.00401998
0.00382324
0.00385044
0.00385044
0.00385044
0.00456964
0.00385044
0.00385044
0.00376902
0.00376902
0.00385044
0.00385044
0.00385044
0.00385094
0.00385094
0.00385094
0.00385094
0.00385094
0.00385094
0.00385094
0.00383718
0.00395074
0.00435022
0.00392972
0.00441662
0.00385094
0.00392972
0.00385094
0.00385094
0.00395354
0.0041136
0.00383718
0.00385094
0.00385094
0.00385094
0.00385094
0.00385094
0.00385094
0.00385094
0.00376952
0.00376952
0.00385094
0.00470736
0.00385094
0.00385094
0.00385044
0.00385044
0.00385044
0.00385044
0.00385044
0.00385044
0.00385044
0.00385044
0.00385044
0.00385044
0.00385044
0.0038478
0.00385044
0.0043944
0.00385044
0.00385044
0.00385044
0.00385044
0.00385044
0.00385044
0.00385044
0.00385044
0.00385044
0.0039645
0.00394674
0.00394674
0.00394674
0.00394674
0.00440322
0.00394674
0.00394674
0.00468362
0.00394674
0.00394674
0.00440322
0.00440322
0.004157
0.004157
0.00394674
0.00443364
0.00394674
0.00394674
0.0039645
0.00394674
0.00394674
0.00394674
0.00390384
0.00390384
0.00476026
0.00466396
0.00466396
0.00466396
0.00470686
0.00385044
0.00385044
0.00385044
0.00385044
0.00385044
0.00385044
0.00385044
0.00385044
0.00385044
0.00385044
0.00385044
0.00385044
0.00385044
0.0038849
0.0038849
0.0038849
0.00380754
0.00380754
0.00393382
0.00395304
0.00395304
0.00395304
0.00395304
0.00424358
0.00395304
0.00395304
0.00395304
0.00395304
0.00395304
0.00395304
0.00395304
0.00395304
0.00395304
0.00395304
0.00395304
0.00395304
0.00395304
