0.10404584
0.07755148
0.0656393
0.0638636
0.0543331
0.05781038
0.04446794
0.04544578
0.05018296
0.0522799
0.04180968
0.03499652
0.0549365
0.05024216
0.03262508
0.03626758
0.04113026
0.03644456
0.03595696
0.02881578
0.03497052
0.04182646
0.02844404
0.02890866
0.02567182
0.03050124
0.02391498
0.0240903
0.03263282
0.02623196
0.02298782
0.02717576
0.02782206
0.01876534
0.024166
0.02246732
0.03223798
0.03014458
0.02687408
0.0245891
0.01858526
0.02163644
0.02373076
0.02038986
0.02515056
0.02083594
0.01902498
0.0196188
0.01854058
0.01680642
0.01613386
0.01800476
0.01784436
0.01899644
0.01669454
0.0178506
0.0182824
0.01835076
0.01910484
0.01807432
0.01710686
0.02145342
0.01523054
0.02239562
0.0180941
0.02365444
0.01809504
0.01669318
0.01819954
0.01442144
0.01423352
0.01831004
0.01980506
0.01706218
0.01454784
0.01494534
0.01565828
0.01777004
0.01861828
0.01818898
0.0184178
0.01442874
0.0167986
0.0190768
0.01258744
0.01466782
0.01353198
0.01541776
0.02070088
0.01319436
0.01671764
0.01176696
0.01459732
0.01345932
0.01463526
0.0137596
0.0113712
0.01664344
0.01166674
0.01477122
0.01357286
0.0130486
0.01598244
0.01331656
0.0120933
0.016208
0.01666724
0.01140172
0.01566948
0.01395052
0.01629126
0.01578062
0.01329122
0.01266228
0.0172753
0.01479278
0.0113086
0.01291032
0.01234742
0.01245712
0.01222768
0.0124397
0.01277394
0.01662106
0.01313612
0.01481588
0.01480844
0.01421516
0.01122072
0.01121276
0.01146852
0.01228454
0.01576328
0.01146852
0.01219394
0.01727344
0.01119014
0.01150808
0.0171061
0.01472688
0.01128828
0.01504048
0.01052074
0.01326162
0.01428902
0.01106342
0.01106252
0.0108826
0.01386198
0.01117326
0.01046
0.01040348
0.01049212
0.01040952
0.0113452
0.0129306
0.01040952
0.01040952
0.01610108
0.01285252
0.0119915
0.01031452
0.0116578
0.0111239
0.01050878
0.01142456
0.01241618
0.0148623
0.01060934
0.0114483
0.01304174
0.0119857
0.01134774
0.01518282
0.01378422
0.01085822
0.0115955
0.01220906
0.0114695
0.01348974
0.01223432
0.0112863
0.0112863
0.01099714
0.01099714
0.01049506
0.01315256
0.01194406
0.01284814
0.01056388
0.01312224
0.0110507
0.0133254
0.01328674
0.01329892
0.01307582
0.01346562
0.0123838
0.01279114
0.01118946
0.01099138
0.01259288
0.01256848
0.01191432
0.01159072
0.01030124
0.01123954
0.01079328
0.01067332
0.0114618
0.0144473
0.01232612
0.00982182
0.00973474
0.01066078
0.00973474
0.01020526
0.00935516
0.01041252
0.01139546
0.00935516
0.01325436
0.01107968
0.01276396
0.0098507
0.00955746
0.01014582
0.00998694
0.01086404
0.00967734
0.0098598
0.0137005
0.00967734
0.01027374
0.0114147
0.00955746
0.00955746
0.0101895
0.00933658
0.00973124
0.00951088
0.00947064
0.01529788
0.011576
0.00973378
0.0111854
0.01029552
0.01164954
0.01401056
0.01184794
0.01207316
0.01065448
0.01005844
0.0106913
0.00959804
0.01095632
0.01072644
0.00963758
0.01021494
0.00986118
0.0115887
0.00993314
0.01151998
0.01070046
0.01040366
0.01040366
0.01040366
0.01040366
0.01040366
0.0116878
0.00993314
0.0098592
0.0098592
0.00974536
0.01056306
0.01315432
0.01082618
0.011159
0.01031712
0.0092763
0.0092763
0.0099875
0.0099875
0.01173208
0.0092763
0.01098224
0.0092763
0.0092763
0.0106319
0.0092763
0.0092763
0.01003602
0.0092763
0.00975006
0.00975006
0.00966042
0.00997482
0.00966042
0.01101626
0.01063214
0.0092763
0.01186788
0.0092763
0.0092763
0.0121199
0.00986772
0.01097936
0.00990434
0.00990434
0.00990434
0.01032762
0.0093875
0.01018594
0.00969204
0.00966424
0.00908394
0.00885594
0.00931074
0.00915684
0.00915684
0.00958554
0.00900112
0.00900112
0.00894346
0.0090882
0.01038124
0.00900112
0.00900112
0.01001624
0.00900112
0.00941758
0.00889024
0.00914814
0.00914814
0.00957684
0.00953468
0.00900112
0.00877432
0.00962406
0.00900112
0.01045098
0.01002228
0.00900112
0.00900112
0.00966162
0.0089824
0.0089824
0.00953344
0.0089824
0.00925576
0.0089824
0.0089824
0.01053716
0.0096802
0.0089824
0.00940804
0.00906948
0.00906948
0.00906948
0.00972438
0.0093094
0.00914624
0.00942848
0.00905916
0.00936736
0.00936736
0.00994614
0.00890594
0.00905916
0.00924208
0.00924208
0.00905916
0.00883626
0.00971236
0.01056632
0.0097872
0.00905916
0.00883626
0.00905916
0.0097711
0.00994298
0.00947246
0.00947246
0.00905916
0.00914624
0.00905916
0.00905916
0.0095676
0.00905916
0.01026216
0.00905916
0.00938394
0.00905916
0.00905916
0.00905916
0.00883626
0.0095096
0.00905916
0.00945442
0.01125486
0.00905916
0.00920282
0.00860628
0.00920282
0.00945384
0.01155804
0.0095096
0.0095096
0.00968802
0.0087947
0.00883626
0.00883626
0.00896754
0.00934616
0.00934616
0.0085394
0.00905916
0.00941972
0.00959258
0.0088712
0.0088712
0.01110962
0.00894796
0.00896668
0.00896668
0.00919644
0.0088558
0.00896668
0.0091185
0.00896668
0.00896668
0.00896668
0.01007176
0.00896668
0.00896668
0.00959472
0.00896668
0.00896668
0.00837014
0.0097577
0.00999258
0.00896668
0.00896668
0.00807912
0.00909568
0.009964
0.00926048
0.0100137
0.0090813
0.0090813
0.00896668
0.00914374
0.00933456
0.01015506
0.0129897
0.0098165
0.00978436
0.00932874
0.00932874
0.00914374
0.00953136
0.00953136
0.00914374
0.01035998
0.00914374
0.00896668
0.00894796
0.00912502
0.00894174
0.0093654
0.00982604
0.00939896
0.00907788
0.00907788
0.0094208
0.00936132
0.00819032
0.00896668
0.00896668
0.00896668
0.00896668
0.00984318
0.00995438
0.00896668
0.0095657
0.00876168
0.00874296
0.0097343
0.00915564
0.00906988
0.00906988
0.00906988
0.0097747
0.00906988
0.00906988
0.00921782
0.00925646
0.00906988
0.00906988
0.00906988
0.00906988
0.01027288
0.00957928
0.0099278
0.00907446
0.00907446
0.00918566
0.00925152
0.00907446
0.00989464
0.01015304
0.00915522
0.00915522
0.00926642
0.009271
0.00948088
0.00907446
0.00906988
0.01009762
0.00907446
0.00907446
0.009492
0.00911688
0.01168242
0.00876168
0.00876168
0.00968308
0.00874296
0.0089381
0.00874296
0.00963038
0.00835896
0.00835896
0.00960492
0.0087175
0.00834024
0.00839688
0.00834024
0.00834024
0.00943126
0.00847016
0.00847016
0.00835896
0.00835896
0.00854978
0.00847016
0.00847016
0.00847016
0.00975928
0.00952752
0.00847016
0.00835896
0.00835896
0.00835896
0.00885744
0.00885744
0.00885744
0.00835896
0.00835896
0.00835896
0.00847016
0.00847016
0.00835896
0.00845144
0.00861414
0.00845144
0.00845144
0.00845144
0.0099623
0.00772634
0.00772634
0.00772634
0.01118602
0.00808518
0.00876498
0.00772634
0.00772634
0.00772634
0.00772634
0.00772634
0.00772634
0.00772634
0.00772634
0.00761514
0.00772634
0.00761514
0.00761514
0.00794364
0.00861402
0.00761514
0.00761514
0.00785618
0.00784924
0.00761514
0.00761514
0.00761514
0.00757358
0.00761514
0.00761514
0.00761514
0.00761514
0.00814554
0.00774414
0.00774414
0.00842394
0.00774414
0.00862064
0.00774414
0.00774414
0.00774414
0.01091992
0.00774414
0.00774414
0.00761514
0.00942974
0.00819894
0.0080091
0.00761514
0.00761514
0.00761514
0.00761514
0.00761514
0.00761514
0.00761514
0.00774414
0.00761514
0.00761514
0.00761514
0.00761514
0.00751808
0.00722172
0.0083084
0.00813632
0.00744306
0.00744306
0.00744306
0.00744306
0.00744306
0.00744306
0.00744306
0.007436
0.00778416
0.00744306
0.00744306
0.00744306
0.00852176
0.00744306
0.00744306
0.00755426
0.00744306
0.00755426
0.00755426
0.0077022
0.00755426
0.00755426
0.00800388
0.0080706
0.007514
0.00688174
0.00688174
0.00677054
0.00677054
0.00711682
0.00711682
0.00711682
0.00711682
0.00711682
0.00818002
0.00746954
0.00778804
0.00778804
0.00778804
0.00763232
0.0068648
0.00731382
0.00731382
0.00711682
0.00677054
0.0069093
0.00675992
0.00675992
0.00675992
0.00675992
0.00675992
0.00675992
0.00684832
0.00682664
0.00675992
0.00675992
0.00675992
0.00675992
0.00675992
0.00675992
0.00675992
0.00675992
0.00675992
0.00675992
0.00675992
0.0067412
0.0067412
0.00761754
0.00675992
0.00675992
0.00676706
0.00638826
0.00682664
0.00682664
0.00682664
0.00682664
0.00706768
0.00706768
0.00706768
0.00706768
0.00706768
0.00682664
0.00682664
0.00682664
0.00682664
0.00682664
0.006288
0.00682664
0.00682664
0.00682664
0.00683726
0.00799932
0.0093079
0.00683726
0.00683726
0.00683726
0.00683726
0.00683726
0.00681854
0.00831856
0.00690694
0.00683726
0.00683726
0.00683726
0.00683726
0.00683726
0.00683726
0.00683726
0.00683726
0.00683726
0.00683726
0.00683726
0.00738572
0.00738572
0.00738572
0.00738572
0.00864974
0.00942314
0.00754144
0.00804426
0.0068483
0.00886428
0.00767522
0.00721638
0.0068483
0.00711344
0.0068483
0.0068483
0.0068483
0.0068483
0.00663262
0.00617256
0.0064831
0.00617256
0.00690972
0.00638824
0.00638824
0.00638824
0.0084061
0.00638824
0.00638824
0.00782832
0.00638824
0.00642142
0.00642142
0.00642142
0.00642142
0.00642142
0.00642142
0.00642142
0.00657714
0.00642142
0.00642142
0.00840322
0.00657714
0.00568958
0.00652764
0.00577068
0.00577068
0.00605622
0.00637192
0.00576532
0.00577068
0.00662748
0.0064141
0.00609018
0.00609018
0.00593446
0.00593446
0.00593446
0.00769754
0.00593446
0.00593446
0.00593446
0.00604818
0.00621704
0.0074543
0.00593446
0.00593446
0.00526422
0.00495606
0.0057769
0.00584362
0.00583456
0.00590128
0.00632724
0.00583456
0.0059067
0.00766406
0.0065079
0.00583456
0.00583456
0.00583456
0.00583456
0.00597346
0.00601162
0.00601162
0.00583456
0.00586318
0.00596196
0.00586774
0.00583456
0.00583456
0.00583456
0.00583456
0.00563198
0.00616488
0.00523802
0.0060135
0.00523802
0.00572672
0.00523802
0.00523802
0.00616802
0.00583456
0.00786826
0.00633364
0.00583456
0.00616802
0.00630692
0.00630692
0.00583456
0.00583456
0.00583456
0.00583456
0.00583456
0.00583456
0.00583456
0.00707516
0.00583456
0.00655548
0.00583456
0.00583456
0.00583456
0.00677474
0.0057375
0.0057375
0.0057375
0.0057375
0.0057375
0.00570468
0.00583456
0.00583456
0.00656344
0.00583456
0.00583456
0.00750486
0.00583456
0.00583456
0.00583456
0.00583456
0.00583456
0.00583456
0.00597204
0.00597204
0.0066747
0.00639314
0.00597204
0.00622488
0.00604248
0.00566906
0.00569768
0.00566906
0.00817324
0.0063166
0.0063166
0.00612714
0.00595964
0.00595964
0.00595964
0.00595964
0.00595964
0.00597204
0.0074909
0.00597204
0.00597204
0.0069645
0.00597204
0.00597204
0.00597204
0.00597204
0.00597204
0.00597204
0.00597204
0.00650934
0.00597204
0.00597204
0.00597204
0.0061491
0.00663442
0.0064321
0.00596162
0.0064321
0.0064321
0.00597204
0.00597204
0.00597204
0.00597204
0.00597204
0.0066043
0.0061491
0.00636302
0.0061491
0.00635366
0.0061491
0.0061491
0.00575158
0.0061491
0.0061491
0.0061491
0.007197
0.0061491
0.0061491
0.00609044
0.00711384
0.0061491
0.0061491
0.0062765
0.00784606
0.0066153
0.00653846
0.00673444
0.00648142
0.00653846
0.0061491
0.006288
0.0061491
0.00631314
0.00631314
0.0061491
0.0061491
0.0061491
0.0061491
0.0061491
0.00669928
0.0058571
0.00573486
0.0058571
0.00666226
0.00687222
0.0058571
0.0058571
0.00666598
0.0058571
0.00718276
0.0058571
0.0058571
0.0058571
0.00606166
0.0058571
0.0058571
0.00636394
0.00636394
0.00712126
0.00636124
0.00636124
0.00636124
0.0064151
0.00597204
0.00776686
0.0071829
0.00597204
0.00597204
0.00597204
0.00597204
0.00597204
0.00720678
