0.175087
0.092685
0.055796
0.044403
0.030039
0.028482
0.022089
0.021161
0.027598
0.019231
0.025217
0.019490
0.015075
0.013270
0.018687
0.016253
0.013924
0.014599
0.014240
0.016060
0.014747
0.012537
0.012761
0.013302
0.014830
0.012828
0.015499
0.013357
0.011121
0.010785
0.014626
0.012271
0.011032
0.010407
0.012505
0.013745
0.011128
0.012425
0.010397
0.012697
0.012737
0.017068
0.011078
0.015911
0.013615
0.011817
0.013481
0.009992
0.011393
0.008427
0.012472
0.011901
0.012166
0.008787
0.008918
0.009199
0.006643
0.008334
0.009390
0.008454
0.007227
0.007830
0.006711
0.008223
0.007846
0.007616
0.008041
0.007486
0.008999
0.008422
0.009907
0.008978
0.007806
0.007830
0.007529
0.008315
0.008715
0.010006
0.007864
0.008265
0.006803
0.007204
0.008335
0.006433
0.006785
0.007065
0.007931
0.007466
0.006077
0.006870
0.005837
0.006195
0.008433
0.007363
0.005720
0.008662
0.008289
0.008077
0.007316
0.007259
0.007658
0.007257
0.006258
0.005672
0.008099
0.005551
0.005904
0.006241
0.005276
0.006760
0.005633
0.005215
0.004883
0.005173
0.004320
0.005767
0.007871
0.005015
0.005050
0.004752
0.005457
0.005528
0.004295
0.003922
0.005778
0.003929
0.005525
0.003777
0.004492
0.004290
0.004329
0.006109
0.004430
0.006176
0.005998
0.006841
0.005880
0.005833
0.006853
0.007017
0.005187
0.005659
0.006173
0.005395
0.005586
0.005526
0.006086
0.005157
0.004386
0.005337
0.006286
0.005201
0.004189
0.004183
0.004201
0.004199
0.004223
0.003872
0.004110
0.004615
0.003698
0.003875
0.004201
0.004046
0.004429
0.005243
0.005760
0.003385
0.003843
0.004122
0.004604
0.005377
0.004387
0.003709
0.004727
0.004413
0.004010
0.005783
0.004389
0.003774
0.003982
0.003970
0.004199
0.004384
0.003795
0.004371
0.004889
0.004117
0.004410
0.005021
0.003978
0.006261
0.005061
0.005940
0.004634
0.004452
0.004138
0.004086
0.005426
0.006595
0.004492
0.004268
0.004295
0.004362
0.004462
0.004125
0.005463
0.005183
0.004841
0.005135
0.004359
0.004279
0.004907
0.004440
0.004617
0.004191
0.004077
0.004669
0.004203
0.004247
0.004078
0.003805
0.003562
0.003554
0.004516
0.003954
0.006154
0.004164
0.004293
0.004918
0.004676
0.004997
0.004191
0.003936
0.003889
0.003687
0.003324
0.003756
0.004168
0.005556
0.003042
0.003079
0.003052
0.003024
0.003277
0.003014
0.003223
0.003301
0.003272
0.003464
0.003731
0.004039
0.004381
0.005474
0.004141
0.004141
0.003810
0.004307
0.004512
0.004140
0.004140
0.004228
0.004496
0.004543
0.004275
0.004576
0.004533
0.004221
0.004039
0.004114
0.004170
0.004280
0.004450
0.003948
0.006308
0.004493
0.003632
0.003632
0.003576
0.003509
0.003288
0.003405
0.003365
0.003362
0.003104
0.002589
0.002891
0.002589
0.003399
0.002812
0.002818
0.002584
0.002585
0.002688
0.003666
0.002870
0.002690
0.002585
0.003067
0.002690
0.002585
0.002585
0.003249
0.003426
0.003883
0.003965
0.003355
0.003447
0.003355
0.003751
0.003462
0.003415
0.002988
0.002982
0.002722
0.002898
0.002903
0.002853
0.002863
0.002863
0.003590
0.003227
0.002862
0.002862
0.002818
0.002818
0.002862
0.002862
0.002792
0.002792
0.002787
0.002858
0.002858
0.002813
0.002818
0.002818
0.003090
0.002856
0.002907
0.002812
0.002907
0.003467
0.002817
0.003813
0.003193
0.002669
0.002816
0.002880
0.002872
0.002872
0.002657
0.002895
0.003580
0.003091
0.002889
0.002913
0.002714
0.002738
0.002738
0.002633
0.002757
0.002857
0.002903
0.002800
0.002521
0.002544
0.002649
0.002537
0.002817
0.003150
0.003150
0.002952
0.002952
0.002952
0.002825
0.003278
0.003278
0.002825
0.002732
0.002732
0.002682
0.002789
0.002738
0.002664
0.002715
0.002664
0.002664
0.002664
0.002906
0.002715
0.003465
0.002906
0.002899
0.002894
0.002795
0.002740
0.002932
0.002740
0.002379
0.002555
0.003058
0.002949
0.002650
0.002650
0.003406
0.002884
0.002884
0.002866
0.002656
0.002872
0.002866
0.002632
0.002860
0.002866
0.002890
0.003123
0.002889
0.003030
0.003030
0.002714
0.002718
0.002718
0.002714
0.002635
0.002836
0.003047
0.002809
0.003028
0.002673
0.002726
0.002494
0.002690
0.003376
0.003138
0.002715
0.002721
0.002609
0.003159
0.003157
0.005469
0.003100
0.002614
0.002701
0.002722
0.002695
0.002695
0.002864
0.002651
0.002820
0.002763
0.002416
0.002255
0.002255
0.002247
0.002247
0.002078
0.002078
0.002086
0.002045
0.002350
0.002350
0.002181
0.002350
0.002446
0.002646
0.002350
0.002649
0.002292
0.002323
0.002415
0.002415
0.002292
0.002353
0.002353
0.002231
0.002353
0.002353
0.002353
0.002185
0.002062
0.002182
0.002192
0.002192
0.002192
0.002100
0.002877
0.002120
0.002269
0.002192
0.002160
0.002100
0.002135
0.002135
0.002140
0.002309
0.002331
0.002130
0.002299
0.002096
0.002096
0.002096
0.002637
0.002580
0.002029
0.002947
0.002981
0.002580
0.002580
0.002693
0.002022
0.001911
0.002789
0.001806
0.001806
0.002158
0.002184
0.003317
0.003232
0.002212
0.002071
0.002054
0.002054
0.002054
0.002098
0.002110
0.002120
0.001931
0.002163
0.002058
0.002032
0.002241
0.002154
0.002154
0.002154
0.002154
0.002110
0.002093
0.001986
0.001986
0.001986
0.002599
0.001986
0.001986
0.002436
0.002436
0.002083
0.002029
0.002002
0.002100
0.002087
0.002087
0.001815
0.001827
0.001815
0.001815
0.002087
0.001827
0.001815
0.001827
0.002013
0.001771
0.001771
0.001771
0.002447
0.002495
0.002545
0.002545
0.001821
0.002037
0.002007
0.002203
0.002152
0.002203
0.002033
0.002033
0.002203
0.001767
0.001818
0.002066
0.001900
0.001807
0.001807
0.001768
0.001941
0.001941
0.001946
0.001950
0.001950
0.001950
0.001894
0.001987
0.001987
0.001987
0.001854
0.002037
0.001854
0.001852
0.001773
0.001948
0.001945
0.001572
0.001572
0.001572
0.002133
0.001731
0.001680
0.001732
0.001732
0.001731
0.001731
0.001731
0.001731
0.001731
0.001731
0.001731
0.001731
0.001731
0.001723
0.001731
0.002037
0.001822
0.001822
0.002037
0.002020
0.001744
0.001975
0.001680
0.001854
0.001832
0.001923
0.001990
0.002092
0.001888
0.001978
0.002071
0.001980
0.001980
0.002071
0.002429
0.001980
0.001945
0.001978
0.001978
0.002028
0.001742
0.001762
0.001762
0.001888
0.002066
0.001967
0.001789
0.001789
0.001789
0.001789
0.001967
0.001967
0.001934
0.002180
0.002180
0.002180
0.002180
0.002279
0.002279
0.002378
0.002378
0.002154
0.002221
0.002221
0.002210
0.002052
0.002188
0.002043
0.002321
0.002249
0.002301
0.004044
0.002517
0.002550
0.002301
0.002334
0.002683
0.002683
0.002009
0.002041
0.002041
0.002041
0.002041
0.003346
0.003291
0.002039
0.002097
0.002096
0.002712
0.002097
0.003511
0.001936
0.002262
0.001979
0.001993
0.001993
0.001979
0.001979
0.001979
0.002026
0.002026
0.002026
0.001920
0.001969
0.002215
0.001969
0.001969
0.002265
0.002116
0.002067
0.002242
0.002010
0.002185
0.002093
0.002185
0.002090
0.002233
0.002307
0.002090
0.002090
0.002096
0.002182
0.002275
0.002090
0.002184
0.002352
0.002009
0.002009
0.002009
0.002022
0.002052
0.002052
0.002522
0.002056
0.001916
0.001918
0.001918
0.001888
0.001888
0.001918
0.001888
0.001918
0.002058
0.002028
0.002163
0.002187
0.002187
0.002024
0.002189
0.002189
0.002030
0.002329
0.002193
0.002193
0.002763
0.002053
0.002053
0.002607
0.002037
0.002035
0.001886
0.001872
0.001870
0.001870
0.001954
0.001886
0.001999
0.001889
0.001889
0.001889
0.001889
0.001889
0.001889
0.001792
0.001803
0.001803
0.001792
0.001792
0.002374
0.001668
0.001668
0.001668
0.001668
0.001668
0.001718
0.001613
0.001613
0.001655
0.001613
0.001655
0.001760
0.001718
0.001718
0.001784
0.001784
0.001784
0.001789
0.001789
0.002336
0.001789
0.001789
0.001789
0.001789
0.001789
0.001723
0.001723
0.001723
0.001678
0.001618
0.001574
0.001625
0.001650
0.001754
0.001702
0.001702
0.001702
0.001775
0.001775
0.001775
0.001730
0.001730
0.001775
0.001775
0.001775
0.001775
0.001583
0.001699
0.001618
0.001543
0.001618
0.001712
0.001637
0.001637
0.001712
0.001712
0.001816
0.001712
0.001544
0.001544
0.001618
0.001596
0.001551
0.001551
0.001618
0.001551
0.001518
0.001596
0.001591
0.001591
0.001629
0.001664
0.001659
0.001659
0.001659
0.001659
0.001659
0.001659
0.001458
0.001458
0.001458
0.001458
0.001613
0.002926
0.001613
0.001547
0.001625
0.001540
0.001603
0.001547
0.001613
0.002565
0.002028
0.001707
0.001707
0.001707
0.001791
0.001623
0.001521
0.001504
0.001521
0.001545
0.001545
0.001545
0.001545
0.001590
0.001590
0.001565
0.001590
0.001565
0.001565
0.001892
0.001565
0.001521
0.001565
0.001565
0.001565
0.001565
0.001565
0.001521
0.001715
0.001521
0.001613
0.001565
0.001521
0.001521
0.001521
0.001521
0.001521
0.001521
0.001521
0.001521
0.001488
0.001521
0.001488
0.001488
0.001488
0.001488
0.001545
0.001608
0.001545
0.001555
0.001642
0.001584
0.001574
0.001858
0.001632
0.001642
0.001624
0.001614
0.001678
0.001678
0.001734
0.001678
0.001681
0.001681
0.001681
0.001681
0.002257
0.001658
0.001676
0.001958
0.001960
0.001960
0.001960
0.002908
0.002910
0.002913
0.001960
0.001965
0.001927
0.002447
0.001678
0.001683
0.001654
0.001861
0.001658
0.001670
0.001940
0.001659
0.001936
0.001936
0.001671
0.001677
0.001675
0.001659
0.001659
0.001659
0.001659
0.001677
0.001677
0.001757
0.001755
0.001665
0.001665
0.001665
0.001580
0.001580
0.001580
0.001580
0.001580
0.001580
0.001580
0.001580
0.001582
0.001647
0.001688
0.001631
0.001688
0.001686
0.001684
0.001684
0.001674
0.001674
0.001674
0.001674
0.001674
0.001674
