0.1183196
0.09018716
0.08864476
0.068082
0.06083316
0.05480032
0.05846786
0.0664321
0.07272838
0.04659818
0.06293916
0.04798578
0.05336046
0.05884252
0.05305224
0.0532852
0.0451339
0.05131446
0.04344744
0.04377386
0.03984202
0.04816048
0.0424292
0.04060066
0.03815194
0.04816328
0.04999128
0.0534921
0.02726202
0.04821042
0.04262224
0.03166518
0.02765022
0.03539076
0.03330608
0.03222184
0.04028438
0.0358282
0.03722858
0.0348269
0.04383322
0.02482446
0.02619286
0.03910198
0.04571388
0.03045588
0.02970088
0.02924108
0.03795246
0.02885576
0.02222306
0.02864448
0.03422248
0.02691768
0.03843528
0.02563798
0.03502646
0.02930444
0.02070582
0.0233
0.02148924
0.03661322
0.03881566
0.0357734
0.03202972
0.02790064
0.03800918
0.02750972
0.0233913
0.02061002
0.02771854
0.02676944
0.02882128
0.03025684
0.02809722
0.02276206
0.0252332
0.0262839
0.01760804
0.01703408
0.02131548
0.02517954
0.01682258
0.02394544
0.0317804
0.01718546
0.02147694
0.02305866
0.02000714
0.02667788
0.02467594
0.0186393
0.02100688
0.02022512
0.0259349
0.0166412
0.02237546
0.02770922
0.02351966
0.01949514
0.01734914
0.02596558
0.02060088
0.01597484
0.01873326
0.01526162
0.02092746
0.028545
0.02117028
0.01529128
0.02017932
0.01698356
0.01682676
0.01519776
0.01313364
0.01642948
0.01319224
0.01755932
0.01822672
0.01788224
0.0237117
0.01571898
0.02259868
0.01886654
0.01512176
0.0171921
0.023321
0.01437018
0.0182196
0.02117952
0.01670374
0.01654918
0.01302652
0.01350694
0.0218158
0.01483952
0.02098918
0.01383244
0.01489882
0.02072712
0.02369714
0.01927486
0.0162662
0.0176752
0.01704412
0.02114816
0.01121452
0.0150521
0.0124866
0.01688568
0.01655488
0.01210784
0.01468714
0.01302148
0.01142556
0.01462248
0.0135621
0.0153181
0.01849412
0.01156144
0.01213306
0.02098976
0.01484854
0.01861746
0.01286266
0.02134012
0.01190394
0.01774666
0.00873292
0.01388202
0.0094816
0.01184854
0.01183744
0.01737584
0.01494932
0.0118566
0.01869558
0.01530998
0.01043318
0.01788924
0.01359248
0.0089323
0.01103074
0.01449272
0.010292
0.02012202
0.01400214
0.01296376
0.0115388
0.01031458
0.0127242
0.01054374
0.01485624
0.01116056
0.0139609
0.01358394
0.01419838
0.01315648
0.01248134
0.01147894
0.0081139
0.01466714
0.00926164
0.0090548
0.0123458
0.0129102
0.01279646
0.01415236
0.0095681
0.00964836
0.01034832
0.00955766
0.01234344
0.0094331
0.00915826
0.01207384
0.0080683
0.00941516
0.01359474
0.01662942
0.019371
0.00940622
0.0116598
0.01476286
0.01374182
0.01077366
0.00894644
0.01308926
0.01002984
0.00953846
0.01393184
0.01100498
0.01510996
0.01081838
0.01753968
0.01010714
0.009727
0.01137216
0.0082821
0.00884578
0.01306664
0.0127786
0.0105072
0.00872002
0.00932432
0.01257632
0.0066852
0.00806232
0.00640126
0.01086178
0.00764514
0.0068936
0.00697584
0.01172076
0.0086008
0.00847528
0.0086492
0.00950522
0.00787628
0.00855316
0.00758978
0.00783126
0.00617386
0.0060539
0.00647444
0.00624388
0.00673522
0.01036434
0.00947244
0.01018636
0.0067057
0.00624388
0.00624388
0.00824126
0.01182794
0.0085831
0.01287366
0.01024766
0.00808114
0.00808114
0.01056252
0.01196106
0.00629866
0.00993156
0.00943114
0.00750816
0.00932984
0.0070192
0.00784594
0.00720406
0.010682
0.00800288
0.008015
0.01422074
0.00796792
0.01041948
0.00968088
0.00864674
0.01000952
0.0102764
0.01128082
0.00673834
0.00727928
0.00894378
0.00769094
0.01206358
0.01125706
0.0069596
0.0069596
0.00665292
0.00827016
0.0107908
0.01152516
0.0082125
0.00730864
0.00796014
0.00708806
0.00612818
0.00612818
0.00612818
0.00612818
0.00658302
0.00612818
0.00904676
0.00641796
0.00978548
0.00641796
0.00641796
0.00738616
0.00682632
0.00969964
0.0084757
0.00691588
0.00719732
0.00656474
0.007249
0.0065525
0.00645292
0.01274846
0.01027024
0.00612818
0.00612818
0.00612818
0.0097527
0.01011952
0.00652394
0.01314738
0.00612818
0.00705988
0.00866528
0.00624388
0.01306022
0.00940904
0.00624388
0.00656884
0.00717636
0.00854896
0.00905972
0.0089968
0.01101448
0.00993562
0.00907794
0.00832598
0.00935446
0.00902424
0.00802266
0.00724742
0.00668696
0.00769908
0.00720144
0.00766662
0.00796106
0.0070677
0.0161493
0.00806284
0.00665754
0.00646462
0.00646462
0.00764902
0.00665754
0.00706882
0.00731806
0.01004054
0.00687458
0.0120798
0.00596364
0.0074687
0.01214074
0.00582018
0.00669288
0.00642178
0.01041674
0.00658668
0.00940338
0.00967702
0.0079433
0.00939174
0.006331
0.00686268
0.00863864
0.00699064
0.00707554
0.0070369
0.0087023
0.01146362
0.0113346
0.00819018
0.00727004
0.0091691
0.00754358
0.00943306
0.00866402
0.01111124
0.00763186
0.00640128
0.00640128
0.00628558
0.00722906
0.00640128
0.00640128
0.00862414
0.00640128
0.00917686
0.00787336
0.01092996
0.00595012
0.00835468
0.00844142
0.00641556
0.01073262
0.00639472
0.0086572
0.0072409
0.00646004
0.0104978
0.00729278
0.00747474
0.01047914
0.01011464
0.00750524
0.00846166
0.00815472
0.00700824
0.00624388
0.00745524
0.00701038
0.00851798
0.00840252
0.00693014
0.00693014
0.00869354
0.00673342
0.0085821
0.00829564
0.006599
0.00794528
0.01249802
0.00722312
0.00675416
0.00615658
0.00615658
0.00759282
0.00653184
0.00615658
0.0078107
0.009286
0.0064945
0.00679924
0.00703528
0.00825958
0.0065969
0.0093814
0.00775134
0.00716328
0.00778756
0.00826974
0.00798008
0.0073794
0.00936872
0.00629644
0.00628134
0.00757626
0.00758508
0.00885308
0.00942812
0.00854678
0.00897188
0.00627424
0.00587738
0.0086151
0.01155854
0.00902596
0.00709722
0.00709722
0.00785226
0.00786736
0.00748656
0.00817562
0.0074221
0.01123236
0.00960664
0.00594342
0.00666056
0.00885294
0.01379244
0.0090845
0.006208
0.00652258
0.0069303
0.006208
0.0058743
0.0058743
0.00617304
0.0073449
0.0073937
0.00587162
0.00586802
0.00748454
0.00680966
0.00780018
0.0083653
0.01009974
0.0091152
0.00739164
0.00612992
0.00615532
0.00667674
0.0078754
0.00657528
0.00622712
0.00718024
0.00979782
0.0099357
0.00610554
0.00582772
0.0091355
0.00582772
0.01011026
0.00678084
0.00582772
0.00566782
0.00711698
0.00645424
0.00524288
0.00722252
0.00531808
0.00531808
0.01155658
0.0063393
0.00599812
0.00667496
0.00697684
0.00658012
0.00807412
0.00630274
0.0070019
0.0088792
0.00653136
0.00539414
0.00845324
0.00624666
0.0056247
0.00665326
0.0056247
0.0047556
0.00517756
0.0047556
0.0043319
0.0047556
0.00516006
0.00655332
0.00741276
0.00683152
0.00853168
0.0065253
0.00560286
0.0047539
0.004563
0.00530168
0.00422954
0.0050785
0.00433194
0.00425674
0.00524576
0.00433194
0.00533646
0.00425152
0.00596338
0.00448428
0.00432238
0.00432238
0.00432238
0.00547698
0.00551816
0.00432238
0.00432238
0.00478218
0.00632828
0.00616196
0.00449028
0.00449028
0.00824904
0.0051577
0.00511584
0.0053486
0.00712528
0.0053486
0.0059322
0.00740554
0.00548552
0.00797588
0.01199496
0.00775574
0.0056971
0.00711018
0.004672
0.00650754
0.00460144
0.0054226
0.00846668
0.00461968
0.00460144
0.00458634
0.0070646
0.00458634
0.00458634
0.00458634
0.00566652
0.00436132
0.00607378
0.00436132
0.00570592
0.00604548
0.00436132
0.00436132
0.00436132
0.00436132
0.00508566
0.00770944
0.00436132
0.00482934
0.00513242
0.00460106
0.00465598
0.00553456
0.00557514
0.00557514
0.00490454
0.00476106
0.00621254
0.00441108
0.00441108
0.00441108
0.00444442
0.00441108
0.00441108
0.00492716
0.00441108
0.0054427
0.0054427
0.00420468
0.00417134
0.00425684
0.00510244
0.00402408
0.00511438
0.00449874
0.00585354
0.00585354
0.00498308
0.00785324
0.00498308
0.00501538
0.00570892
0.00450474
0.00393656
0.0041763
0.00745816
0.00488848
0.0088466
0.00499628
0.00499628
0.00460322
0.00393656
0.00393656
0.00393656
0.00449702
0.00487128
0.00393656
0.00487822
0.00502294
0.00393656
0.00520548
0.0058004
0.00393656
0.0032801
0.00393656
0.0048559
0.00393656
0.00393656
0.00519958
0.00397942
0.00378852
0.00629924
0.00445196
0.00495612
0.00392926
0.0039043
0.00474006
0.00398654
0.0039043
0.00355576
0.00355576
0.00355576
0.00387022
0.00611654
0.00426248
0.0073675
0.00429618
0.00394802
0.00394802
0.00355576
0.00438406
0.00355576
0.00355576
0.00354866
0.00355576
0.00355576
0.00355576
0.00380032
0.00581966
0.00498758
0.00476922
0.0037945
0.00355576
0.00384764
0.00355576
0.00339988
0.00355576
0.00422318
0.00495402
0.00415974
0.00355576
0.00355576
0.00419554
0.00355576
0.00355576
0.00355576
0.00355576
0.0047762
0.00422318
0.00355576
0.00442934
0.00388072
0.00388072
0.00586898
0.00377832
0.00399628
0.00397442
0.00355576
0.00355576
0.00355576
0.00427828
0.00355576
0.00527352
0.00355576
0.00355576
0.00523626
0.0047999
0.00355576
0.0051749
0.00355576
0.00355576
0.00355576
0.00355576
0.00355576
0.00491862
0.00381448
0.0049669
0.00370032
0.00331402
0.00364142
0.0054411
0.00370032
0.00370032
0.00393332
0.00393332
0.0058619
0.00393332
0.0073733
0.00513846
0.00567014
0.00648926
0.0039489
0.00355576
0.00381506
0.00355576
0.0039043
0.00779428
0.00382404
0.0047437
0.0034755
0.00447798
0.00485278
0.00384968
0.00488174
0.00539594
0.0034755
0.00409684
0.0041771
0.0041359
0.0036472
0.00396072
0.00355576
0.00337572
0.00337572
0.00393152
0.00525618
0.00394186
0.0052519
0.00429876
0.00709738
0.00355576
0.00355576
0.00355576
0.00385102
0.00502474
0.00348972
0.00442218
0.00442218
0.0043225
0.0035891
0.0035891
0.00355576
0.00355576
0.00460688
0.00355576
0.00453684
0.00818118
0.00464006
0.00558946
0.0056907
0.00437284
0.00550926
0.00550926
0.00742728
0.004409
0.004409
0.00565464
0.0039028
0.00405868
0.00355576
0.00447488
0.00355576
0.00434952
0.00425946
0.00460762
0.00403614
0.00604578
0.0038605
0.00471574
0.00378024
0.00378024
0.0050079
0.00535964
0.00585802
0.00458066
0.0042853
0.00663478
0.00400028
0.00400028
0.00400028
0.00377424
0.00377424
0.00377424
0.00547192
0.00432874
0.00588964
0.0039934
0.0039934
0.0036199
0.00519522
0.00450368
0.0047796
0.0034755
0.00485926
0.00458228
0.00388196
0.0034755
0.0034755
0.0034755
0.0034755
0.0048793
0.00302136
0.0034755
0.0046491
0.00360236
0.00360836
0.0034815
0.0034815
0.0047547
0.0034815
0.0048427
0.00395338
0.00532654
0.00455568
0.00395496
0.0046635
0.0034815
0.00397778
0.00397778
0.00533248
0.00533248
0.00397778
0.00397778
0.00397778
0.0034815
0.0034815
0.0034815
0.0034815
0.0034815
0.00459268
0.00689506
0.00332716
0.00332716
0.00380646
0.00380646
0.0034815
0.0034815
0.0034815
0.0034815
0.00312456
0.00436008
0.00699854
0.0034815
0.00445962
0.00445962
0.00445962
0.00445962
0.00580502
0.00485476
0.0034815
0.0034815
0.0034815
0.0034815
0.00379596
0.0034815
0.0034815
0.0034815
0.0034815
0.00660134
0.0034815
0.0035138
0.00507578
0.0035138
0.00475426
0.0034815
0.00408206
0.0034815
0.00434844
0.0034815
0.0034815
0.0034815
0.00513276
0.00382602
0.0043468
0.00614228
0.0034815
0.00532938
0.00651678
0.0034815
0.00492646
0.0034063
0.0034815
0.00450696
0.00415992
0.0034815
0.00386398
0.0034815
0.00412202
0.0034815
0.0034815
0.00580446
0.00455568
0.00435164
0.0034815
0.0034815
0.0034815
0.0034815
0.00405266
0.00310256
0.00310256
0.00310256
0.00358508
0.00363664
0.00310256
0.00310256
0.00310256
0.00391062
0.00517794
