0.105902
0.056901
0.036762
0.039753
0.026611
0.020937
0.021288
0.022063
0.019406
0.020530
0.015234
0.018209
0.017363
0.016534
0.016424
0.017828
0.014740
0.014042
0.013775
0.014264
0.017533
0.015930
0.013779
0.014538
0.019540
0.014373
0.013760
0.017136
0.014652
0.013528
0.013893
0.013341
0.012542
0.013121
0.013922
0.013472
0.014097
0.013524
0.013269
0.014407
0.012740
0.013005
0.013104
0.011182
0.011429
0.011407
0.011408
0.011447
0.010879
0.010830
0.011085
0.011437
0.011437
0.011657
0.011657
0.011482
0.011471
0.011324
0.011670
0.012075
0.011102
0.010936
0.011102
0.011428
0.011201
0.011653
0.010937
0.011558
0.011388
0.010937
0.010937
0.011275
0.011275
0.011247
0.011247
0.011579
0.011183
0.011183
0.010937
0.010937
0.010937
0.010937
0.010956
0.010925
0.010956
0.011193
0.011061
0.011193
0.011126
0.011117
0.011074
0.011082
0.010910
0.010910
0.010854
0.010854
0.010910
0.010910
0.010910
0.011082
0.010981
0.010910
0.010910
0.010910
0.011080
0.010910
0.011080
0.011052
0.011052
0.011042
0.011042
0.010872
0.010872
0.010872
0.010872
0.010572
0.010572
0.010572
0.010572
0.011086
0.010955
0.011125
0.010590
0.010728
0.011117
0.010913
0.010435
0.010728
0.010881
0.011040
0.010435
0.010604
0.010480
0.010480
0.010342
0.010342
0.010558
0.010558
0.010473
0.010297
0.010287
0.010259
0.010291
0.010223
0.010351
0.010351
0.010351
0.010336
0.010336
0.010379
0.010346
0.010618
0.010634
0.010409
0.010409
0.010297
0.010297
0.010297
0.010297
0.010297
0.010342
0.010297
0.010297
0.010450
0.010550
0.010397
0.010397
0.010397
0.010397
0.010397
0.010397
0.010397
0.010397
0.010397
0.010688
0.010688
0.010655
0.010655
0.010655
0.010655
0.010688
0.010946
0.010946
0.010688
0.010946
0.010946
0.010989
0.010989
0.010989
0.010636
0.010636
0.010378
0.010378
0.010378
0.010551
0.010378
0.010551
0.010612
0.010440
0.010440
0.010612
0.010411
0.010551
0.010551
0.010744
0.010806
0.010584
0.010584
0.010584
0.010605
0.010605
0.010605
0.010605
0.010605
0.010424
0.010424
0.010411
0.010411
0.010411
0.010411
0.010411
0.010424
0.010411
0.010411
0.010583
0.010583
0.010828
0.010780
0.010535
0.010535
0.010483
0.010483
0.010473
0.010473
0.010573
0.010573
0.010582
0.010730
0.010582
0.010730
0.010730
0.010730
0.010582
0.010582
0.010582
0.010595
0.010582
0.010595
0.010595
0.010743
0.010730
0.010692
0.010692
0.010730
0.010583
0.010583
0.010583
0.010583
0.010503
0.010460
0.011735
0.010702
0.010403
0.010503
0.010503
0.010485
0.010503
0.010503
0.010331
0.010288
0.010331
0.010460
0.010360
0.010360
0.010503
0.010460
0.010503
0.010503
0.010503
0.010460
0.010460
0.010460
0.010460
0.010460
0.010460
0.010460
0.010460
0.010473
0.010515
0.010515
0.010563
0.010563
0.010732
0.010978
0.010732
0.010732
0.010732
0.010732
0.010732
0.010732
0.010732
0.010732
0.010670
0.010670
0.010269
0.010269
0.010269
0.010269
0.010331
0.010331
0.010331
0.010401
0.010231
0.010403
0.010231
0.010231
0.010331
0.010331
0.010331
0.010231
0.010231
0.010231
0.010231
0.010331
0.010331
0.010231
0.010231
0.010231
0.010231
0.010231
0.010231
0.010231
0.010231
0.010231
0.010231
0.010231
0.010231
0.010231
0.010231
0.010231
0.010231
0.010231
0.010231
0.010231
0.010132
0.010132
0.010132
0.010132
0.010231
0.010132
0.010231
0.010231
0.010188
0.010188
0.010269
0.010269
0.010273
0.010312
0.010273
0.010193
0.010273
0.010273
0.010273
0.010273
0.010273
0.010273
0.010273
0.010273
0.010174
0.010254
0.010254
0.010254
0.010354
0.010354
0.010354
0.010353
0.010353
0.010353
0.010311
0.010311
0.010354
0.010311
0.010354
0.010366
0.010366
0.010366
0.010366
0.010366
0.010366
0.010366
0.010366
0.010366
0.010324
0.010267
0.010186
0.010186
0.010186
0.010286
0.010286
0.010243
0.010286
0.010286
0.010366
0.010366
0.010324
0.010324
0.010311
0.010311
0.010311
0.010311
0.010311
0.010311
0.010311
0.010231
0.010231
0.010304
0.010231
0.010304
0.010304
0.010304
0.010385
0.010385
0.010125
0.010125
0.010125
0.010125
0.010125
0.010125
0.010125
0.010125
0.010311
0.010311
0.010311
0.010311
0.010311
0.010311
0.010311
0.010311
0.010311
0.010311
0.010311
0.010311
0.010311
0.010311
0.010311
0.010311
0.010311
0.010311
0.010311
0.010311
0.010311
0.010311
0.010311
0.010125
0.010125
0.010311
0.010045
0.010045
0.010045
0.010125
0.010045
0.010125
0.010125
0.010045
0.010125
0.010125
0.010045
0.010045
0.010045
0.010045
0.010045
0.010045
0.010045
0.010230
0.010045
0.010045
0.010045
0.010045
0.010045
0.010045
0.010230
0.010045
0.010174
0.010174
0.010230
0.010230
0.010174
0.010174
0.010230
0.010230
0.010230
0.010045
0.009988
0.010045
0.009988
0.009988
0.009988
0.009988
0.009988
0.009988
0.009988
0.009988
0.009988
0.009988
0.009988
0.009988
0.009988
0.009988
0.009988
0.009988
0.009988
0.009988
0.009988
0.009988
0.009988
0.009988
0.009988
0.009988
0.009988
0.009988
0.009988
0.009988
0.009988
0.010069
0.009988
0.009988
0.009988
0.009988
0.009988
0.009988
0.009988
0.009988
0.009988
0.009988
0.009988
0.009988
0.009988
0.009988
0.009988
0.009988
0.009988
0.009988
0.009988
0.009988
0.009988
0.009988
0.009988
0.009988
0.009988
0.009988
0.009988
0.009988
0.009988
0.009988
0.009988
0.009988
0.009988
0.009988
0.009988
0.009988
0.009988
0.009988
0.009988
0.009988
0.009988
0.009988
0.009988
0.009988
0.009988
0.009988
0.009988
0.009988
0.009988
0.009988
0.009988
0.009988
0.009988
0.009988
0.009988
0.009988
0.009988
0.009987
0.009987
0.009987
0.009987
0.009987
0.009987
0.009987
0.009987
0.009987
0.009987
0.009987
0.009987
0.009987
0.009987
0.009987
0.009987
0.009987
0.009987
0.009987
0.009987
0.009987
0.009988
0.009988
0.009988
0.009987
0.009987
0.009987
0.009987
0.009987
0.009987
0.010016
0.010016
0.010016
0.009987
0.010016
0.009987
0.009988
0.009988
0.009988
0.009988
0.009988
0.009988
0.009988
0.009988
0.009988
0.009988
0.009988
0.009988
0.009988
0.009988
0.009988
0.009988
0.009988
0.009988
0.009988
0.010016
0.010016
0.009988
0.009988
0.009988
0.009988
0.010016
0.010016
0.009988
0.009988
0.009988
0.009988
0.009988
0.009988
0.009988
0.009988
0.009988
0.009988
0.010016
0.010016
0.010016
0.010016
0.010016
0.009988
0.009988
0.009988
0.009988
0.009989
0.009989
0.009989
0.009989
0.009989
0.009989
0.009989
0.009989
0.009989
0.009989
0.009989
0.009989
0.009989
0.009989
0.009989
0.009989
0.009989
0.009989
0.009989
0.009989
0.009989
0.009989
0.009989
0.009989
0.009989
0.009989
0.009989
0.009989
0.009989
0.009989
0.009989
0.009989
0.009989
0.009989
0.009989
0.009988
0.009988
0.009988
0.009988
0.009988
0.009988
0.009988
0.009988
0.009988
0.009989
0.009988
0.009988
0.009988
0.009988
0.009988
0.009988
0.009988
0.009988
0.009988
0.009988
0.009988
0.009988
0.009988
0.009988
0.009988
0.010155
0.010155
0.010155
0.009988
0.009988
0.009988
0.009988
0.009988
0.009988
0.009988
0.009988
0.009988
0.009988
0.009988
0.009988
0.009988
0.009987
0.009987
0.009987
0.009987
0.009987
0.009987
0.009987
0.009987
0.009987
0.009987
0.009987
0.009987
0.009987
0.009987
0.009987
0.009987
0.009987
0.009987
0.009987
0.009987
0.009987
0.009987
0.009987
0.009987
0.009987
0.009987
0.009987
0.009987
0.009988
0.009987
0.009987
0.010022
0.010022
0.010022
0.010022
0.010022
0.010022
0.010022
0.010022
0.010022
0.010022
0.010022
0.010022
0.010022
0.010022
0.010022
0.010022
0.010022
0.009987
0.010156
0.010191
0.010157
0.010191
0.010191
0.010191
0.010191
0.010191
0.010191
0.010191
0.010191
0.010191
0.010191
0.010191
0.010191
0.010191
0.010191
0.010191
0.010191
0.010191
0.010191
0.010191
0.010191
0.010022
0.010022
0.010022
0.010022
0.010022
0.010022
0.010022
0.010022
0.010191
0.010022
0.010022
0.010022
0.010022
0.010022
0.010022
0.010022
0.010022
0.010022
0.010022
0.010022
0.010022
0.010022
0.010022
0.010022
0.010022
0.010022
0.010022
0.010022
0.010022
0.010022
0.010022
0.010022
0.010022
0.010022
0.010022
0.010022
0.010022
0.010022
0.010022
0.010022
0.010022
0.010022
0.010022
0.010022
0.010022
0.010022
0.010022
0.010022
0.010022
0.010022
0.010022
0.010022
0.010022
0.010022
0.010022
0.010022
0.010022
0.010022
0.010022
0.010022
0.010022
0.010022
0.010022
0.010022
0.010022
0.010022
0.010035
0.010035
0.010035
0.010022
0.010022
0.010035
0.010035
0.010035
0.010035
0.010035
0.010035
0.010035
0.010035
0.010035
0.010035
0.010035
0.010035
0.010035
0.010035
0.010035
0.010035
0.010022
0.010022
0.010022
0.010022
0.010022
0.010022
0.010022
0.010022
0.010022
0.010022
0.010022
0.010022
0.010022
0.010022
0.010022
0.010022
0.010022
0.010022
0.010022
0.010022
0.010022
0.010022
0.010022
0.010022
0.010022
0.010022
0.010022
0.010022
0.010022
0.010022
0.010022
0.010022
0.010022
0.010022
0.010022
0.010022
0.010022
0.010022
0.010022
0.010022
0.010022
0.010022
0.010022
0.010022
0.010022
0.010022
0.010022
0.010022
0.010022
0.010022
0.010022
0.010022
0.010022
0.010022
0.010022
0.010022
0.010022
0.010022
0.010022
0.010022
0.010022
0.010022
0.010022
0.010022
0.010022
0.010022
0.010022
0.010022
0.010022
0.010022
0.010022
0.010022
0.010022
0.010022
0.010022
0.010022
0.010022
0.010022
0.010022
0.010022
0.010022
0.010022
0.010022
0.010022
0.010022
0.010022
0.010022
0.010022
0.010022
0.010022
0.010022
0.010022
0.010022
0.010022
0.010022
0.010022
0.010022
0.010022
0.010022
0.010022
0.010022
0.010022
0.010022
