0.060082
0.042405
0.033870
0.033489
0.024767
0.026693
0.020278
0.013236
0.017264
0.017737
0.018757
0.014457
0.012949
0.012026
0.012285
0.011178
0.011274
0.011837
0.011118
0.012362
0.011810
0.010668
0.010454
0.011275
0.010454
0.010544
0.010140
0.010183
0.010390
0.011601
0.010393
0.011986
0.010846
0.013161
0.009280
0.009328
0.010348
0.009874
0.009798
0.010019
0.009461
0.009693
0.009766
0.009766
0.010192
0.009634
0.009907
0.009557
0.009557
0.009615
0.009220
0.009155
0.009132
0.009004
0.009004
0.009063
0.009004
0.008519
0.008650
0.008384
0.009193
0.010238
0.009205
0.010617
0.010094
0.010154
0.011361
0.011107
0.012337
0.008204
0.008611
0.008204
0.008204
0.008608
0.008333
0.008414
0.008204
0.008172
0.008172
0.008611
0.008191
0.008488
0.008425
0.008104
0.008119
0.008288
0.008372
0.008372
0.008384
0.008384
0.008372
0.008384
0.008385
0.008373
0.008473
0.008470
0.008388
0.008453
0.008269
0.008291
0.008370
0.008441
0.008441
0.008441
0.008419
0.008456
0.008699
0.008502
0.008502
0.008502
0.008502
0.008456
0.008456
0.008456
0.008707
0.008453
0.008453
0.008453
0.008569
0.008453
0.008248
0.008245
0.008248
0.008201
0.008130
0.008334
0.008133
0.008133
0.008380
0.008635
0.008568
0.008588
0.008388
0.008471
0.008471
0.008130
0.008130
0.008385
0.008133
0.008086
0.008708
0.008177
0.008177
0.008177
0.008177
0.008177
0.008177
0.008177
0.008177
0.008480
0.008225
0.008254
0.008169
0.008169
0.008169
0.008169
0.008169
0.008254
0.008169
0.008169
0.008169
0.008254
0.008254
0.008254
0.008254
0.008254
0.008254
0.008254
0.008254
0.008169
0.008169
0.008254
0.008254
0.008254
0.008254
0.008169
0.008254
0.008169
0.008169
0.008254
0.008169
0.008169
0.008169
0.008254
0.008254
0.008254
0.008254
0.008227
0.008169
0.008227
0.008227
0.008227
0.008227
0.008227
0.008169
0.008169
0.008169
0.008221
0.008221
0.008221
0.008221
0.008221
0.008221
0.008221
0.008169
0.008169
0.008169
0.008169
0.008169
0.008227
0.008254
0.008169
0.008195
0.008169
0.008169
0.008169
0.008169
0.008169
0.008169
0.008169
0.008169
0.008169
0.008169
0.008169
0.008169
0.008169
0.008169
0.008169
0.008169
0.008169
0.008169
0.008169
0.008169
0.008169
0.008169
0.008169
0.008169
0.008169
0.008169
0.008169
0.008169
0.008169
0.008214
0.008214
0.008169
0.008169
0.008169
0.008524
0.008524
0.008169
0.008169
0.008169
0.008169
0.008140
0.008169
0.008169
0.008169
0.008169
0.008169
0.008169
0.008140
0.008169
0.008144
0.008144
0.008144
0.008144
0.008169
0.008169
0.008140
0.008169
0.008140
0.008140
0.008140
0.008140
0.008140
0.008140
0.008140
0.008140
0.008140
0.008140
0.008140
0.008140
0.008140
0.008140
0.008140
0.008140
0.008140
0.008140
0.008140
0.008140
0.008140
0.008140
0.008140
0.008140
0.008140
0.008140
0.008140
0.008140
0.008140
0.008140
0.008140
0.008140
0.008140
0.008140
0.008140
0.008140
0.008140
0.008140
0.008024
0.008024
0.008024
0.008024
0.007840
0.008024
0.008024
0.008024
0.008024
0.008024
0.008024
0.008024
0.008024
0.008024
0.007840
0.007840
0.007840
0.007794
0.007794
0.007794
0.007794
0.007794
0.007794
0.007794
0.007794
0.007794
0.007794
0.007794
0.007794
0.007794
0.007794
0.007794
0.007794
0.007794
0.007794
0.007840
0.007840
0.007840
0.007840
0.007840
0.007840
0.007840
0.007840
0.007794
0.007840
0.007840
0.007840
0.007840
0.007840
0.007840
0.007840
0.007956
0.007840
0.007840
0.007840
0.007840
0.007840
0.007840
0.007840
0.007840
0.007840
0.007840
0.007840
0.007840
0.007840
0.007840
0.007840
0.007840
0.007840
0.007840
0.007840
0.007840
0.007840
0.007840
0.007840
0.007840
0.007840
0.007840
0.007840
0.007840
0.007840
0.007840
0.007840
0.007925
0.007925
0.007925
0.007925
0.007925
0.007925
0.007925
0.007925
0.007925
0.007925
0.007925
0.007925
0.007925
0.007925
0.007925
0.007925
0.007925
0.007925
0.007925
0.007840
0.007840
0.007925
0.007925
0.007925
0.007925
0.007925
0.007925
0.007925
0.007925
0.007925
0.007925
0.007925
0.007827
0.007827
0.007827
0.007742
0.007742
0.007742
0.007742
0.007742
0.007742
0.007742
0.007742
0.007742
0.007742
0.007742
0.007742
0.007742
0.007742
0.007742
0.007742
0.007742
0.007742
0.007742
0.007742
0.007742
0.007742
0.007742
0.007742
0.007742
0.007742
0.007742
0.007742
0.007742
0.007742
0.007742
0.007742
0.007742
0.007742
0.007742
0.007742
0.007742
0.007742
0.007742
0.007742
0.007742
0.007742
0.007742
0.007742
0.007742
0.007742
0.007742
0.007742
0.007867
0.007867
0.007867
0.007742
0.007867
0.007742
0.007867
0.007867
0.007867
0.007742
0.007742
0.007742
0.007742
0.007742
0.007742
0.007742
0.007742
0.007742
0.007742
0.007742
0.007742
0.007742
0.007742
0.007742
0.007742
0.007829
0.007742
0.007742
0.007742
0.007829
0.007742
0.007742
0.007742
0.007742
0.007742
0.008500
0.007742
0.007742
0.007742
0.007742
0.007742
0.007742
0.007742
0.007742
0.007742
0.007742
0.007742
0.007742
0.007742
0.007742
0.007742
0.007742
0.007742
0.007742
0.007742
0.007742
0.007742
0.007742
0.007742
0.007742
0.007742
0.007742
0.007742
0.007742
0.007742
0.007742
0.007742
0.007742
0.007742
0.007742
0.007742
0.007742
0.007742
0.007742
0.007742
0.007742
0.007742
0.007742
0.007779
0.007742
0.007742
0.007742
0.007742
0.007742
0.007742
0.007742
0.007742
0.007742
0.007742
0.007742
0.007742
0.007742
0.007742
0.007742
0.007742
0.007742
0.007742
0.007742
0.007779
0.007779
0.007779
0.007779
0.007779
0.007779
0.007779
0.007779
0.007779
0.007779
0.007779
0.007779
0.007779
0.007779
0.007779
0.007779
0.007779
0.007779
0.007779
0.007779
0.007779
0.007779
0.007742
0.007742
0.007742
0.007742
0.007742
0.007742
0.007742
0.007742
0.007742
0.007742
0.007742
0.007742
0.007742
0.007742
0.007742
0.007742
0.007742
0.007742
0.007742
0.007742
0.007742
0.007742
0.007742
0.007742
0.007742
0.007742
0.007742
0.007742
0.007742
0.007742
0.007742
0.007742
0.007742
0.007742
0.007742
0.007742
0.007742
0.007742
0.007742
0.007742
0.007742
0.007742
0.007742
0.007742
0.007742
0.007742
0.007742
0.007742
0.007742
0.007742
0.007742
0.007742
0.007742
0.007742
0.007742
0.007742
0.007742
0.007742
0.007742
0.007742
0.007742
0.007742
0.007742
0.007742
0.007742
0.007742
0.007742
0.007742
0.007742
0.007742
0.007742
0.007742
0.007742
0.007742
0.007816
0.007742
0.007742
0.007742
0.007742
0.007742
0.007742
0.007742
0.007926
0.007926
0.007926
0.007926
0.007926
0.007926
0.007926
0.007742
0.007926
0.007926
0.007926
0.007926
0.007742
0.007742
0.007742
0.007742
0.007742
0.007926
0.007926
0.007926
0.007742
0.007742
0.007742
0.007742
0.007742
0.007742
0.007742
0.007926
0.007926
0.007926
0.007926
0.007926
0.007926
0.007926
0.007926
0.007926
0.007926
0.008011
0.008011
0.008011
0.007926
0.007926
0.007926
0.007926
0.007926
0.007926
0.007926
0.007926
0.007926
0.007926
0.007926
0.007926
0.007742
0.007926
0.007926
0.007926
0.007953
0.007926
0.007953
0.007953
0.007953
0.007953
0.007769
0.007742
0.007742
0.007742
0.007742
0.007742
0.007742
0.007742
0.007742
0.007742
0.007742
0.007742
0.007742
0.007742
0.007742
0.007742
0.007742
0.007742
0.007742
0.007742
0.007742
0.007742
0.007742
0.007742
0.007742
0.007742
0.007742
0.007742
0.007742
0.007742
0.007742
0.007742
0.007742
0.007742
0.007742
0.007742
0.007742
0.007742
0.007742
0.007742
0.007742
0.007742
0.007742
0.007742
0.007742
0.007742
0.007742
0.007742
0.007742
0.007844
0.007742
0.007742
0.007742
0.007742
0.007742
0.007742
0.007742
0.007742
0.007742
0.007742
0.007742
0.007742
0.007742
0.007742
0.007742
0.007742
0.007742
0.007742
0.007742
0.007742
0.007742
0.007742
0.007742
0.007742
0.007742
0.007742
0.007769
0.007769
0.007769
0.007769
0.007769
0.007769
0.007742
0.007742
0.007742
0.007742
0.007742
0.007742
0.007742
0.007742
0.007742
0.007769
0.007769
0.007769
0.007769
0.007769
0.007769
0.007742
0.007769
0.007769
0.007769
0.007769
0.007742
0.007742
0.007742
0.007742
0.007742
0.007769
0.007742
0.007742
0.007769
0.007769
0.007769
0.007742
0.007742
0.007742
0.007742
0.007742
0.007769
0.007769
0.007769
0.007769
0.007769
0.007769
0.007769
0.007769
0.007769
0.007769
0.007769
0.007742
0.007742
0.007742
0.007742
0.007742
0.007742
0.007742
0.007742
0.007742
0.007742
0.007742
0.007742
0.007742
0.007742
0.007742
0.007742
0.007742
0.007742
0.007769
0.007769
0.007769
0.007769
0.007742
0.007742
0.007742
0.007742
0.007742
0.007742
0.007742
0.007742
0.007742
0.007742
0.007742
0.007742
0.007742
0.007742
0.007742
0.007742
0.007742
0.007742
0.007742
0.007742
0.007742
0.007742
0.007742
0.007742
0.007742
0.007742
0.007742
0.007742
0.007742
0.007742
0.007742
0.007742
0.007742
0.007742
0.007742
0.007742
0.007742
0.007742
0.007742
0.007742
0.007742
0.007742
0.007742
0.007742
0.007742
0.007742
0.007742
0.007742
0.007742
0.007742
0.007742
0.007742
0.007742
0.007742
0.007742
0.007742
0.007742
0.007742
0.007742
0.007742
0.007742
0.007742
0.007742
0.007742
0.007742
0.007742
0.007742
0.007742
0.007742
0.007742
0.007742
0.007742
0.007742
0.007742
0.007742
0.007742
0.007742
0.007742
0.007742
0.007742
0.007742
0.007742
0.007742
0.007742
0.007742
0.007742
0.007742
0.007742
0.007742
0.007742
0.007742
0.007742
0.007742
0.007742
0.007742
0.007742
0.007742
0.007742
0.007742
0.007742
0.007742
0.007742
0.007742
0.007742
0.007742
0.007742
0.007742
0.007742
0.007742
0.007742
0.007742
0.007742
