0.061154
0.036741
0.026860
0.030113
0.015380
0.017548
0.015725
0.014125
0.009788
0.013005
0.011379
0.011057
0.010670
0.010754
0.009056
0.008887
0.009568
0.009917
0.008206
0.010711
0.007771
0.008348
0.007601
0.007940
0.007796
0.015989
0.005960
0.005973
0.006160
0.006107
0.005777
0.005647
0.005141
0.005777
0.005327
0.005223
0.005541
0.005449
0.005263
0.005492
0.005410
0.005148
0.005516
0.006053
0.005728
0.005812
0.005912
0.005628
0.005631
0.006050
0.005713
0.005655
0.005689
0.005305
0.005412
0.005171
0.005298
0.005295
0.005220
0.005446
0.005446
0.005418
0.005469
0.005599
0.005625
0.005576
0.005758
0.005688
0.005689
0.005724
0.005326
0.005300
0.005511
0.005511
0.005568
0.006068
0.006068
0.006134
0.006102
0.006102
0.005602
0.005602
0.005481
0.005567
0.005568
0.005483
0.005482
0.005544
0.005552
0.005433
0.005499
0.005371
0.005314
0.005506
0.005315
0.005542
0.005552
0.005577
0.005568
0.005719
0.005719
0.005775
0.005775
0.005719
0.005719
0.005719
0.006088
0.006143
0.005584
0.005584
0.005584
0.005443
0.005443
0.005584
0.005584
0.005528
0.005552
0.005552
0.005552
0.005552
0.005920
0.005410
0.005410
0.005410
0.005148
0.005114
0.005114
0.005114
0.005114
0.005114
0.005221
0.005221
0.005114
0.005148
0.005148
0.005148
0.005189
0.005189
0.005148
0.005577
0.005614
0.005396
0.005439
0.005324
0.005281
0.005284
0.005036
0.005127
0.005375
0.005284
0.005359
0.005114
0.005130
0.005052
0.005130
0.005188
0.005052
0.005052
0.005114
0.005102
0.005115
0.005033
0.005016
0.005016
0.005028
0.005028
0.005094
0.005094
0.004985
0.005094
0.004985
0.004997
0.004985
0.005028
0.004997
0.005072
0.004994
0.004885
0.004994
0.005222
0.005222
0.004885
0.004885
0.004994
0.004994
0.004994
0.004994
0.004885
0.004994
0.004994
0.004885
0.004885
0.004885
0.004885
0.004893
0.004893
0.004893
0.004893
0.004885
0.004885
0.004885
0.004885
0.004885
0.004885
0.004885
0.004885
0.005001
0.004969
0.005027
0.004951
0.005076
0.005101
0.005069
0.005069
0.005069
0.005210
0.005146
0.005146
0.005146
0.005443
0.005368
0.005071
0.005103
0.005103
0.005028
0.005028
0.005028
0.004828
0.004828
0.004828
0.004831
0.004819
0.004819
0.004819
0.004819
0.004819
0.004710
0.004819
0.004710
0.004710
0.004878
0.004676
0.004674
0.004782
0.004816
0.004816
0.004782
0.004816
0.004782
0.004782
0.004782
0.004782
0.004674
0.004708
0.004674
0.004674
0.004674
0.004708
0.004674
0.004708
0.004674
0.004674
0.004674
0.004674
0.004674
0.004674
0.004674
0.004748
0.004748
0.004748
0.004748
0.004748
0.004748
0.004674
0.004748
0.004674
0.004674
0.004674
0.004674
0.004792
0.004748
0.004792
0.004717
0.004674
0.004748
0.004857
0.004857
0.004858
0.004858
0.004782
0.004826
0.004826
0.004826
0.004826
0.004901
0.004901
0.004901
0.004901
0.004901
0.004857
0.004857
0.004857
0.004723
0.004648
0.004760
0.004803
0.004728
0.004728
0.004576
0.004576
0.004576
0.004651
0.004651
0.004539
0.004614
0.004622
0.004547
0.004622
0.004614
0.004622
0.004547
0.004547
0.004539
0.004539
0.004539
0.004539
0.004547
0.004547
0.004547
0.004547
0.004682
0.004682
0.004682
0.004547
0.004865
0.004804
0.004669
0.004669
0.004669
0.004561
0.004561
0.004561
0.004627
0.004627
0.004762
0.004762
0.004762
0.004627
0.004627
0.004552
0.004751
0.004751
0.004886
0.004886
0.004886
0.004886
0.004886
0.004886
0.004886
0.004886
0.004871
0.004886
0.004886
0.004871
0.004886
0.004886
0.004886
0.004886
0.004886
0.004886
0.004886
0.004886
0.004886
0.004920
0.004920
0.004920
0.004886
0.004886
0.004886
0.004687
0.004687
0.004586
0.004552
0.004552
0.004751
0.004751
0.004751
0.004751
0.004751
0.004751
0.004751
0.004751
0.004552
0.004751
0.004552
0.004751
0.004552
0.004529
0.004529
0.004529
0.004552
0.004552
0.004552
0.004427
0.004427
0.004552
0.004552
0.004552
0.004552
0.004552
0.004552
0.004552
0.004529
0.004537
0.004537
0.004537
0.004664
0.004529
0.004529
0.004529
0.004529
0.004664
0.004664
0.004664
0.004664
0.004664
0.004664
0.004664
0.004529
0.004664
0.004529
0.004529
0.004529
0.004529
0.004529
0.004529
0.004529
0.004529
0.004529
0.004529
0.004529
0.004529
0.004529
0.004529
0.004532
0.004529
0.004529
0.004529
0.004529
0.004529
0.004529
0.004529
0.004529
0.004529
0.004529
0.004529
0.004529
0.004529
0.004529
0.004529
0.004529
0.004529
0.004529
0.004529
0.004529
0.004529
0.004529
0.004529
0.004529
0.004529
0.004529
0.004529
0.004529
0.004529
0.004529
0.004529
0.004529
0.004529
0.004529
0.004529
0.004529
0.004529
0.004529
0.004529
0.004529
0.004529
0.004529
0.004529
0.004529
0.004529
0.004529
0.004529
0.004529
0.004529
0.004529
0.004529
0.004529
0.004529
0.004529
0.004529
0.004529
0.004529
0.004529
0.004529
0.004529
0.004529
0.004529
0.004532
0.004529
0.004552
0.004552
0.004555
0.004555
0.004552
0.004552
0.004552
0.004529
0.004529
0.004529
0.004552
0.004552
0.004552
0.004552
0.004552
0.004552
0.004552
0.004552
0.004552
0.004552
0.004552
0.004552
0.004552
0.004552
0.004552
0.004552
0.004552
0.004552
0.004561
0.004561
0.004561
0.004552
0.004552
0.004552
0.004552
0.004561
0.004561
0.004561
0.004561
0.004561
0.004561
0.004561
0.004552
0.004552
0.004552
0.004569
0.004552
0.004552
0.004552
0.004552
0.004552
0.004561
0.004561
0.004561
0.004561
0.004561
0.004552
0.004552
0.004561
0.004561
0.004561
0.004561
0.004561
0.004561
0.004561
0.004561
0.004552
0.004552
0.004552
0.004552
0.004564
0.004540
0.004540
0.004540
0.004564
0.004564
0.004564
0.004564
0.004564
0.004564
0.004564
0.004564
0.004564
0.004564
0.004564
0.004564
0.004564
0.004564
0.004564
0.004564
0.004564
0.004564
0.004564
0.004564
0.004564
0.004564
0.004564
0.004564
0.004564
0.004564
0.004564
0.004564
0.004564
0.004564
0.004564
0.004564
0.004564
0.004564
0.004564
0.004564
0.004564
0.004564
0.004564
0.004564
0.004564
0.004564
0.004564
0.004564
0.004564
0.004564
0.004564
0.004564
0.004564
0.004564
0.004564
0.004564
0.004564
0.004564
0.004564
0.004564
0.004564
0.004564
0.004564
0.004564
0.004564
0.004564
0.004564
0.004564
0.004564
0.004564
0.004564
0.004564
0.004564
0.004564
0.004564
0.004564
0.004564
0.004572
0.004564
0.004564
0.004564
0.004564
0.004572
0.004572
0.004572
0.004572
0.004572
0.004572
0.004572
0.004572
0.004572
0.004572
0.004572
0.004572
0.004572
0.004572
0.004572
0.004572
0.004572
0.004572
0.004572
0.004572
0.004572
0.004572
0.004572
0.004572
0.004572
0.004572
0.004572
0.004572
0.004572
0.004572
0.004572
0.004572
0.004572
0.004572
0.004572
0.004572
0.004572
0.004572
0.004572
0.004572
0.004572
0.004572
0.004572
0.004572
0.004572
0.004572
0.004572
0.004572
0.004572
0.004572
0.004572
0.004572
0.004572
0.004572
0.004572
0.004572
0.004561
0.004561
0.004561
0.004561
0.004561
0.004561
0.004561
0.004561
0.004561
0.004561
0.004561
0.004561
0.004561
0.004561
0.004561
0.004552
0.004552
0.004552
0.004552
0.004529
0.004529
0.004552
0.004552
0.004552
0.004552
0.004552
0.004529
0.004552
0.004552
0.004552
0.004552
0.004552
0.004552
0.004552
0.004552
0.004552
0.004552
0.004552
0.004552
0.004552
0.004552
0.004552
0.004552
0.004552
0.004552
0.004552
0.004552
0.004552
0.004552
0.004552
0.004552
0.004552
0.004552
0.004552
0.004552
0.004552
0.004552
0.004552
0.004552
0.004552
0.004552
0.004552
0.004552
0.004552
0.004552
0.004552
0.004552
0.004552
0.004552
0.004552
0.004552
0.004552
0.004552
0.004552
0.004552
0.004552
0.004552
0.004552
0.004552
0.004552
0.004552
0.004552
0.004552
0.004552
0.004552
0.004552
0.004552
0.004552
0.004552
0.004552
0.004552
0.004552
0.004552
0.004552
0.004552
0.004552
0.004552
0.004552
0.004552
0.004552
0.004552
0.004552
0.004552
0.004552
0.004552
0.004552
0.004552
0.004552
0.004552
0.004552
0.004552
0.004552
0.004552
0.004552
0.004552
0.004552
0.004552
0.004552
0.004552
0.004552
0.004552
0.004552
0.004552
0.004552
0.004552
0.004552
0.004552
0.004552
0.004552
0.004552
0.004552
0.004552
0.004552
0.004552
0.004552
0.004552
0.004552
0.004552
0.004552
0.004552
0.004552
0.004552
0.004552
0.004552
0.004552
0.004561
0.004552
0.004552
0.004552
0.004552
0.004552
0.004552
0.004552
0.004552
0.004552
0.004552
0.004552
0.004552
0.004552
0.004552
0.004552
0.004552
0.004552
0.004552
0.004552
0.004553
0.004553
0.004553
0.004553
0.004553
0.004553
0.004553
0.004553
0.004553
0.004553
0.004553
0.004553
0.004553
0.004553
0.004530
0.004530
0.004553
0.004553
0.004553
0.004553
0.004553
0.004553
0.004553
0.004553
0.004553
0.004553
0.004553
0.004553
0.004553
0.004553
0.004553
0.004553
0.004553
0.004553
0.004553
0.004553
0.004553
0.004553
0.004553
0.004553
0.004553
0.004553
0.004553
0.004553
0.004553
0.004553
0.004553
0.004553
0.004553
0.004553
0.004553
0.004553
0.004552
0.004552
0.004552
0.004552
0.004552
0.004552
0.004552
0.004552
0.004552
0.004552
0.004552
0.004552
0.004552
0.004552
0.004552
0.004552
0.004552
0.004552
0.004552
0.004552
0.004668
0.004668
0.004552
0.004552
0.004552
0.004552
0.004668
0.004552
0.004552
0.004552
0.004552
0.004552
0.004552
0.004552
0.004552
0.004552
0.004552
0.004552
0.004552
0.004552
0.004552
0.004552
0.004552
0.004552
0.004552
0.004552
0.004552
0.004552
0.004552
0.004552
0.004552
0.004552
0.004552
0.004552
0.004552
0.004552
0.004552
0.004552
0.004552
0.004552
0.004552
0.004552
0.004552
0.004552
0.004552
0.004552
0.004552
