0.0936545
0.08101994
0.08165316
0.07328994
0.05776886
0.06358986
0.0616891
0.06932146
0.0575547
0.06219294
0.05390068
0.0630433
0.05077268
0.0421175
0.05432066
0.04290446
0.05037646
0.0540456
0.04690988
0.05545086
0.05486994
0.04139722
0.04544246
0.03937138
0.05483542
0.0360169
0.0438515
0.05466266
0.05593436
0.05442162
0.0496753
0.03515806
0.03048088
0.03722118
0.0333721
0.0544509
0.0262136
0.04892982
0.0433976
0.04172064
0.02575928
0.03542148
0.03218008
0.03768144
0.0377345
0.02831904
0.02768322
0.03069064
0.03026924
0.03705904
0.04221864
0.03352734
0.04042532
0.03024784
0.03361914
0.03230526
0.03172182
0.03090958
0.0273838
0.03876318
0.0303631
0.0342057
0.03896108
0.02451502
0.02609268
0.0295627
0.03145412
0.03173056
0.03768918
0.02325596
0.0231094
0.03340758
0.027616
0.03459838
0.02794142
0.02523582
0.034742
0.02809988
0.0247093
0.03733992
0.03017068
0.03096798
0.03185036
0.02875504
0.02474654
0.02761182
0.02358522
0.03546796
0.01972004
0.03233458
0.02807368
0.0272559
0.02550008
0.02617516
0.02323864
0.03184524
0.01797576
0.01954778
0.01568578
0.02818502
0.03072914
0.02891532
0.02560754
0.02677996
0.02397634
0.0350854
0.0319823
0.02037802
0.03918028
0.02515984
0.03016326
0.02471292
0.0245784
0.02318134
0.02690024
0.03333898
0.01932996
0.0256364
0.0217403
0.0300069
0.03329388
0.02118244
0.02482646
0.02666138
0.02285792
0.0238964
0.03310092
0.0181194
0.02781384
0.0233307
0.0191898
0.01318504
0.01580438
0.01866656
0.0220434
0.02079714
0.02068244
0.02722148
0.01695924
0.0227562
0.01787296
0.0230272
0.01772822
0.01642814
0.0163406
0.01709502
0.0215694
0.01791716
0.02717346
0.0242271
0.02394466
0.0264854
0.02082146
0.0212385
0.02434684
0.02255088
0.02017182
0.02127866
0.028008
0.01714404
0.01208612
0.01674752
0.01853546
0.02785186
0.0177287
0.01918264
0.01564498
0.01688522
0.01345566
0.01882366
0.02098216
0.02562846
0.01335142
0.01414746
0.01529254
0.0127398
0.01693104
0.01845058
0.01681906
0.01439182
0.01980168
0.01151776
0.0131772
0.01183312
0.02943894
0.01480908
0.02151612
0.0162406
0.01683164
0.01292908
0.02034078
0.0192782
0.01344652
0.01464864
0.0161596
0.01399184
0.01732426
0.01828586
0.01565344
0.01403418
0.0176757
0.0149805
0.01356098
0.01994054
0.0152937
0.0110667
0.01654188
0.01536898
0.01298652
0.01459492
0.01322118
0.01400522
0.01620692
0.01261304
0.01285182
0.0084479
0.01324112
0.01442666
0.00770932
0.01112598
0.01496122
0.01895404
0.01840504
0.01420124
0.01022144
0.01914752
0.00714932
0.00922458
0.00881878
0.01468878
0.0159518
0.00623548
0.01689554
0.0139144
0.0092077
0.01094906
0.00948984
0.00746062
0.01487192
0.0160474
0.01762802
0.01331952
0.01976726
0.01709722
0.01652548
0.00827826
0.0095245
0.01031636
0.01054552
0.0163136
0.00805296
0.00662704
0.00631364
0.0080882
0.01428552
0.00759132
0.00888008
0.01321248
0.01800992
0.01391566
0.00823904
0.00824236
0.01214832
0.0107615
0.00828338
0.00834914
0.01788354
0.00988638
0.00761148
0.0113218
0.00878552
0.00868
0.01359122
0.00662474
0.0103231
0.0168502
0.00807386
0.0131581
0.00648124
0.01330278
0.0057405
0.00887502
0.00840182
0.00653382
0.01334172
0.01082168
0.00542806
0.00531756
0.01633358
0.01194678
0.01772214
0.00743922
0.01399214
0.00780866
0.01565128
0.00729346
0.0053126
0.0056126
0.01202612
0.01636518
0.01332544
0.00473068
0.00542098
0.00918086
0.00696308
0.00587318
0.01286586
0.00846996
0.00547988
0.0110961
0.00686512
0.0174957
0.01253178
0.01191394
0.0071023
0.00703884
0.01412682
0.01030356
0.00635692
0.0054329
0.01618892
0.01259364
0.00747708
0.01195108
0.01051904
0.0095287
0.00555964
0.0052855
0.01030086
0.00798774
0.00686538
0.0095116
0.00511058
0.00807152
0.00546368
0.00989588
0.00612638
0.00716188
0.014701
0.01386368
0.01204328
0.00942438
0.00972186
0.01619468
0.00775164
0.00974418
0.00563202
0.00648416
0.00499916
0.00586896
0.00566462
0.01015584
0.00616772
0.01034662
0.00862798
0.00703846
0.01153142
0.00550942
0.00810938
0.01016876
0.00567932
0.0083845
0.01531766
0.01121346
0.0089804
0.00509742
0.00541598
0.00665836
0.00929408
0.00654134
0.00651186
0.00815182
0.00664846
0.00859542
0.01161166
0.00637334
0.00738984
0.00638086
0.014721
0.00819364
0.00474584
0.00826958
0.00754828
0.00560512
0.00642028
0.0145272
0.01069792
0.0128347
0.00555206
0.00535602
0.00717172
0.0078751
0.0144387
0.00731848
0.0149419
0.00492206
0.00681008
0.00644636
0.01310314
0.00661888
0.00784402
0.0114166
0.0082519
0.00957684
0.00464808
0.00522562
0.00611476
0.00930826
0.0052427
0.00508368
0.0100452
0.00540464
0.00580562
0.00602514
0.00751206
0.00946022
0.0052886
0.01671158
0.00678874
0.0095286
0.0077042
0.00514564
0.00617964
0.00748942
0.00638496
0.00443606
0.0046098
0.00639826
0.00641662
0.0127408
0.00469538
0.00440238
0.00807958
0.00501012
0.00841578
0.00912546
0.00658332
0.00538308
0.00667476
0.00658308
0.00851732
0.00586668
0.00805668
0.0043774
0.00552896
0.00604268
0.005347
0.00398688
0.00532962
0.00503648
0.01122704
0.0040739
0.00524308
0.00699654
0.00369308
0.0059903
0.00578746
0.00479408
0.00659362
0.00441022
0.00434294
0.00433246
0.0064896
0.00877946
0.00517268
0.005271
0.00435108
0.00388578
0.00705424
0.00608526
0.00936562
0.00853024
0.0039403
0.00410932
0.0050324
0.00682086
0.00778766
0.00386906
0.00381178
0.00486248
0.00647568
0.00699798
0.01117052
0.01130612
0.00468046
0.0076222
0.00556838
0.00410524
0.00392838
0.00537742
0.00677944
0.00699922
0.00792084
0.00416384
0.0054482
0.00366464
0.0059977
0.00696648
0.00589752
0.00491834
0.00568318
0.0069641
0.00790204
0.0046558
0.00352528
0.00809002
0.01053766
0.01513916
0.01076996
0.00567382
0.00437316
0.00352528
0.00473642
0.00427182
0.00986592
0.00683186
0.00956824
0.00973702
0.00635536
0.00717092
0.0066922
0.00694704
0.010642
0.00419612
0.00891772
0.00545072
0.00489978
0.01024636
0.00489042
0.0116915
0.0045028
0.00496652
0.00361058
0.00758166
0.00918004
0.0034752
0.00286212
0.00364558
0.00355398
0.00591442
0.00793012
0.01103514
0.00369274
0.00540688
0.00509488
0.00547182
0.00557274
0.0041946
0.00810308
0.0096419
0.00883518
0.00685902
0.00467212
0.0036969
0.00498166
0.00905608
0.00606498
0.00466564
0.00964218
0.00541472
0.00368694
0.00417494
0.00395694
0.00395016
0.00523682
0.0037091
0.0034116
0.00372798
0.00699798
0.0033885
0.00390874
0.00447398
0.00483576
0.00296256
0.00296256
0.00479762
0.0033041
0.0045211
0.01062048
0.00392556
0.0066334
0.00597142
0.00546736
0.0049068
0.00634278
0.00363392
0.00468798
0.0062699
0.00970074
0.00371574
0.00335734
0.00477008
0.0029232
0.00593532
0.00761632
0.0069167
0.0063669
0.00315092
0.00371958
0.00795702
0.0094912
0.00350162
0.0029232
0.01078804
0.00361178
0.00580502
0.01120732
0.00601334
0.00528392
0.00820748
0.01088364
0.00702216
0.00656054
0.00678776
0.00396042
0.0049209
0.00673576
0.00755312
0.0034414
0.00381788
0.00413844
0.00915766
0.00858068
0.00362264
0.0061649
0.00470844
0.00478574
0.0032643
0.00688244
0.00681108
0.00597262
0.00630296
0.00277402
0.00277402
0.00277402
0.00321566
0.0112361
0.0032555
0.00649962
0.00277402
0.0040137
0.00375332
0.00330278
0.00481652
0.00432366
0.0056353
0.00431312
0.00410978
0.00376268
0.00605278
0.00520594
0.00599484
0.0032401
0.00332682
0.0068005
0.0047649
0.0082025
0.00387756
0.00749554
0.0055442
0.00292864
0.003795
0.0053561
0.00672464
0.0100906
0.00521532
0.00309564
0.00309564
0.00378168
0.0061494
0.00540094
0.00523656
0.00908998
0.00682758
0.00335698
0.00612734
0.00264384
0.00450708
0.00311124
0.0079608
0.00501914
0.00471862
0.00767378
0.00303922
0.00609256
0.00302264
0.00658914
0.00264384
0.00264384
0.00467136
0.00292864
0.00292864
0.00292864
0.00440022
0.00264384
0.00298386
0.0029251
0.00264384
0.00260926
0.00362012
0.00878788
0.00503768
0.00499114
0.00264384
0.00463076
0.01160718
0.00264384
0.0101468
0.00456222
0.00475826
0.00379456
0.0065437
0.0085484
0.00264384
0.00396376
0.00264384
0.0075254
0.00478382
0.00264384
0.00294064
0.00715354
0.0078134
0.00436512
0.00835784
0.00767726
0.00712586
0.003738
0.00388062
0.003738
0.00293858
0.00293858
0.00524142
0.00407204
0.00309944
0.00415196
0.00282138
0.00282138
0.00399012
0.00282138
0.00282138
0.00315054
0.00451776
0.00542388
0.00282138
0.00395328
0.00498206
0.00282138
0.00330716
0.00330716
0.00407564
0.00807564
0.00527148
0.00584392
0.0044967
0.00473492
0.00301242
0.0063063
0.0058738
0.00673584
0.00678056
0.00558552
0.00524686
0.00378778
0.00360748
0.00516224
0.0076256
0.0030473
0.00342338
0.00649528
0.00423864
0.00423864
0.0048907
0.00256152
0.00252664
0.00621762
0.00654846
0.0108421
0.00408624
0.00583766
0.00530316
0.00352838
0.00273654
0.00414724
0.00318372
0.00264384
0.00316064
0.00357162
0.00264384
0.00641556
0.0033739
0.00409724
0.0037941
0.00430452
0.00317652
0.00317652
0.00521036
0.00317652
0.00589662
0.00510274
0.00264384
0.00264384
0.00264384
0.00273654
0.00319058
0.00394916
0.00264384
0.00551424
0.00427662
0.00342142
0.00881832
0.00264384
0.00680932
0.00592156
0.00463036
0.00588488
0.00799596
0.00402564
0.00292348
0.00390016
0.00375088
0.0027778
0.00557032
0.002913
0.00355906
0.0052204
0.00275268
0.00362102
0.00804136
0.00430404
0.00392214
0.00381138
0.00275268
0.005407
0.00488288
0.00638854
0.00696794
0.00561788
0.00345792
0.00453834
0.00388326
0.00807418
0.00275268
0.00376928
0.00275268
0.00340714
0.00416072
0.0032983
0.00362988
0.00297542
0.00376726
0.00566364
0.00666486
0.0040667
0.00615656
0.00581998
0.00264384
0.00264384
0.00264384
0.00283062
0.0057846
0.00595312
0.00338242
0.00310278
0.00609152
0.00677994
0.005112
0.00509568
0.00318878
0.0047925
0.00339778
0.0044835
0.00264384
0.00264384
0.00537956
0.00517528
0.00386434
0.00458702
0.00732966
0.00264384
0.00264384
0.00633948
0.00304438
0.00304438
0.00264384
0.00557726
0.00336608
0.00264384
0.00381752
0.00264384
0.00713824
0.00737974
0.0034711
0.00360386
0.00722632
0.00264384
0.00967242
0.00605196
0.00502904
0.00651202
0.00359822
0.0038421
0.00442774
0.00546912
0.00264384
0.00264384
0.00264384
0.00659094
0.00264384
0.00582044
0.0046887
0.00479074
0.0029477
0.00264384
0.0049034
0.00511462
0.0030799
0.00334876
0.00374216
0.00298702
0.00264384
0.00429592
0.0044527
0.00381062
0.00374738
0.0028255
0.00264384
0.00457874
0.00743128
0.00264384
0.00311898
0.00370278
0.00264384
0.00406364
0.00318372
0.00610464
0.0046012
0.00264384
0.0055522
0.0039184
0.00337756
0.00805432
0.00661798
0.0050808
0.00528532
0.0087057
0.0054127
0.00370204
0.00460904
0.0049169
0.00433094
0.00249734
0.00227312
0.0027982
0.00227312
0.00378262
0.00264384
0.00425134
0.00460992
0.00513704
0.00296726
0.0053265
0.00393822
0.00859108
0.00264384
0.00264384
0.00264384
0.00264384
0.00584694
0.00264384
0.00371832
0.00371832
0.00264384
0.00445396
0.00260026
0.00271746
0.00337298
0.00264384
0.0027952
0.00358502
0.00632336
0.00264384
0.00264384
0.0030439
0.00582986
0.00275268
0.00275268
0.00275268
0.00336038
0.00263548
0.00320218
0.00320218
0.00346756
0.00692442
0.00622624
0.0042185
0.00299138
0.00429632
0.00313692
0.00313692
0.00313692
