0.136970
0.128902
0.090917
0.072288
0.062199
0.055602
0.043863
0.039922
0.030781
0.024427
0.030984
0.027607
0.027450
0.029774
0.020389
0.018046
0.019558
0.020340
0.020902
0.027406
0.013897
0.016415
0.012698
0.017941
0.015109
0.016637
0.013984
0.009208
0.012875
0.012042
0.016362
0.009028
0.013623
0.013789
0.012247
0.017094
0.009524
0.012817
0.014024
0.015990
0.010142
0.011524
0.008495
0.008284
0.009974
0.009374
0.011348
0.012270
0.007617
0.007793
0.007552
0.006935
0.007472
0.008780
0.008083
0.006851
0.008531
0.009410
0.010250
0.009474
0.007417
0.006405
0.009502
0.012889
0.011580
0.009065
0.013431
0.011066
0.007659
0.008905
0.009963
0.009679
0.008498
0.010019
0.010189
0.007275
0.009576
0.009126
0.008589
0.010492
0.009305
0.010691
0.008981
0.010514
0.008705
0.009328
0.010416
0.016207
0.008943
0.009822
0.011227
0.009298
0.009817
0.007437
0.009250
0.009687
0.010854
0.008700
0.008815
0.008674
0.008161
0.005924
0.006918
0.008652
0.007983
0.010474
0.008230
0.010039
0.006892
0.007838
0.007158
0.007016
0.006503
0.005295
0.006622
0.007011
0.006277
0.006632
0.006036
0.005106
0.005513
0.005470
0.004694
0.006112
0.005942
0.004977
0.006150
0.006045
0.004875
0.004982
0.006801
0.005194
0.005202
0.004640
0.004060
0.005291
0.005684
0.004961
0.005412
0.004038
0.003425
0.002820
0.003876
0.003538
0.003269
0.003683
0.003467
0.004021
0.005013
0.005234
0.003885
0.003744
0.003321
0.002421
0.003796
0.004030
0.004143
0.003907
0.003473
0.003555
0.003987
0.005129
0.004762
0.003956
0.004726
0.003820
0.004386
0.003877
0.003878
0.003641
0.006845
0.003646
0.006155
0.004130
0.003816
0.003657
0.003820
0.004600
0.003615
0.003777
0.003695
0.003689
0.004255
0.004064
0.005338
0.004195
0.004523
0.004241
0.004509
0.005346
0.007041
0.005347
0.005240
0.005853
0.004018
0.003942
0.004702
0.005886
0.008642
0.003861
0.005457
0.003592
0.004727
0.004012
0.003511
0.003297
0.003290
0.002937
0.003137
0.005070
0.005065
0.003458
0.004867
0.004286
0.004827
0.005768
0.003712
0.003934
0.003154
0.004419
0.002937
0.004177
0.003893
0.003563
0.005573
0.003859
0.003369
0.003386
0.004366
0.002869
0.002989
0.002742
0.003104
0.002738
0.003682
0.003425
0.003679
0.003662
0.003941
0.004479
0.002771
0.003145
0.003594
0.003310
0.003107
0.003401
0.002966
0.003694
0.003189
0.004380
0.006575
0.005327
0.003996
0.003027
0.008523
0.003209
0.003299
0.005544
0.004746
0.003573
0.004909
0.003131
0.003143
0.005808
0.004448
0.003226
0.003365
0.003997
0.003592
0.003946
0.003275
0.003318
0.003114
0.003213
0.003329
0.003113
0.003227
0.003591
0.003273
0.003862
0.003209
0.003422
0.003450
0.003635
0.003382
0.003550
0.004162
0.004060
0.003355
0.003947
0.003947
0.003940
0.004763
0.003621
0.003574
0.005273
0.004821
0.003915
0.008177
0.006859
0.005349
0.004039
0.004328
0.003657
0.004599
0.006455
0.006208
0.004091
0.004487
0.003671
0.004326
0.004604
0.003724
0.003230
0.003851
0.003620
0.003097
0.004714
0.003222
0.002919
0.002820
0.004489
0.002494
0.003907
0.003387
0.004588
0.003127
0.005009
0.002936
0.003305
0.004612
0.005290
0.003178
0.002745
0.002162
0.002159
0.002028
0.001896
0.004241
0.001997
0.002515
0.002163
0.002336
0.003252
0.004444
0.004446
0.004221
0.004332
0.002977
0.002571
0.003541
0.002668
0.003638
0.003263
0.002156
0.002321
0.002354
0.002321
0.001983
0.001954
0.002093
0.002164
0.002073
0.002646
0.002041
0.001964
0.001881
0.001945
0.002061
0.002035
0.002137
0.002490
0.004480
0.003121
0.003032
0.002442
0.002450
0.002657
0.002196
0.002529
0.003854
0.002234
0.002558
0.002607
0.003112
0.002789
0.002789
0.002973
0.002825
0.002866
0.002652
0.003653
0.002403
0.002119
0.001970
0.002308
0.001797
0.001711
0.002674
0.003581
0.002649
0.003774
0.005318
0.003636
0.004047
0.002455
0.002638
0.002918
0.002480
0.002230
0.003413
0.002200
0.006930
0.002437
0.004344
0.003726
0.003261
0.002712
0.002726
0.003094
0.002790
0.003125
0.002790
0.002845
0.003600
0.002309
0.002341
0.002031
0.004421
0.001788
0.001990
0.002763
0.001955
0.002086
0.002002
0.002640
0.003129
0.003129
0.001963
0.003256
0.002002
0.002594
0.001886
0.002871
0.002276
0.002255
0.001757
0.001859
0.001943
0.001943
0.003103
0.002431
0.002064
0.001552
0.001678
0.002782
0.002006
0.003084
0.002923
0.002006
0.001985
0.001940
0.002127
0.002127
0.002213
0.002089
0.002679
0.002640
0.002371
0.001872
0.001872
0.001700
0.001889
0.001755
0.002080
0.001926
0.001906
0.001926
0.002097
0.002097
0.002059
0.002078
0.001818
0.002060
0.002060
0.002032
0.002221
0.002328
0.001910
0.001917
0.001747
0.002159
0.001945
0.002202
0.002202
0.002098
0.002202
0.002202
0.002202
0.002081
0.001794
0.002282
0.002179
0.001853
0.002282
0.002282
0.002282
0.002289
0.002602
0.002260
0.002473
0.002253
0.002330
0.002337
0.002334
0.002345
0.002344
0.002338
0.002042
0.002179
0.001994
0.002971
0.002839
0.001531
0.001567
0.001567
0.001429
0.001619
0.001888
0.001801
0.001751
0.001607
0.001598
0.001657
0.001548
0.001607
0.001826
0.002336
0.001607
0.001548
0.001560
0.001560
0.001780
0.002569
0.001560
0.001730
0.001730
0.001730
0.001631
0.001364
0.002023
0.002023
0.002110
0.001358
0.001623
0.001632
0.001324
0.001616
0.001694
0.001616
0.001616
0.001324
0.001324
0.001545
0.001253
0.001253
0.001616
0.001545
0.001521
0.001260
0.001260
0.002741
0.001260
0.001385
0.001393
0.001476
0.001261
0.001261
0.001261
0.001261
0.001261
0.001092
0.001092
0.001785
0.001091
0.001091
0.001806
0.001091
0.001247
0.001169
0.001169
0.001214
0.001204
0.001352
0.001352
0.001159
0.001159
0.001159
0.001109
0.001179
0.001179
0.001328
0.001378
0.001231
0.001231
0.002479
0.002626
0.001718
0.001378
0.001378
0.001378
0.001378
0.001378
0.001378
0.001310
0.001310
0.001378
0.001503
0.001380
0.001385
0.001453
0.001238
0.001386
0.001584
0.001516
0.001385
0.001607
0.001607
0.001422
0.001592
0.002003
0.002003
0.002018
0.001825
0.001914
0.001765
0.001766
0.001275
0.001190
0.002308
0.001427
0.001958
0.001606
0.001388
0.001354
0.002080
0.001092
0.001503
0.001546
0.001092
0.001167
0.001210
0.001316
0.001832
0.001214
0.001241
0.001241
0.001241
0.001575
0.001358
0.001358
0.001365
0.001575
0.001341
0.001334
0.001267
0.001411
0.001405
0.001331
0.001352
0.001427
0.002512
0.001448
0.001901
0.001810
0.001724
0.001724
0.001724
0.001203
0.001628
0.001108
0.001256
0.001256
0.001256
0.001256
0.001376
0.001525
0.001108
0.001108
0.004059
0.004059
0.001111
0.001111
0.003904
0.001111
0.001111
0.002886
0.001111
0.001516
0.001516
0.001785
0.001156
0.001336
0.001495
0.001410
0.001336
0.001954
0.001954
0.002711
0.002785
0.002009
0.002009
0.002009
0.001851
0.001985
0.001421
0.001807
0.001504
0.001504
0.001578
0.001712
0.001578
0.001803
0.001803
0.001548
0.001682
0.001937
0.001937
0.001457
0.001682
0.001383
0.001457
0.001682
0.001682
0.001682
0.001548
0.001731
0.001731
0.002134
0.001522
0.001597
0.001548
0.001580
0.001522
0.001613
0.001597
0.001372
0.001372
0.001442
0.001372
0.001442
0.001442
0.001442
0.001442
0.001367
0.001494
0.001494
0.001494
0.001731
0.001731
0.001477
0.001477
0.001355
0.001301
0.001352
0.001434
0.001430
0.001360
0.001213
0.001266
0.001196
0.002759
0.001442
0.001485
0.001411
0.001909
0.001823
0.001702
0.001632
0.001869
0.001598
0.001629
0.001380
0.001410
0.001410
0.001478
0.002977
0.002790
0.001752
0.002317
0.001917
0.001270
0.001824
0.001824
0.002806
0.002028
0.001846
0.001195
0.001061
0.001626
0.001654
0.001654
0.001275
0.001271
0.001513
0.001513
0.001411
0.001411
0.001275
0.001760
0.001275
0.001279
0.001468
0.001546
0.002639
0.001112
0.001112
0.001112
0.001404
0.001357
0.001357
0.001251
0.001115
0.001385
0.001115
0.002854
0.002759
0.001251
0.001251
0.001115
0.001115
0.001586
0.001869
0.001826
0.001491
0.001491
0.001413
0.001413
0.001561
0.001561
0.001571
0.001413
0.001561
0.001561
0.001561
0.001561
0.001260
0.001185
0.001260
0.001260
0.001260
0.001260
0.001255
0.001260
0.001299
0.002748
0.001304
0.002674
0.001260
0.002623
0.001304
0.001304
0.001304
0.001304
0.001332
0.001332
0.001391
0.001363
0.001374
0.001638
0.001182
0.001101
0.001171
0.001171
0.001631
0.001252
0.001245
0.001404
0.001404
0.001404
0.001404
0.001286
0.001254
0.001107
0.001181
0.001107
0.001107
0.001107
0.001242
0.001244
0.001244
0.001289
0.001291
0.001274
0.001408
0.001286
0.001310
0.001176
0.001176
0.001176
0.001176
0.001212
0.001286
0.001292
0.001202
0.001212
0.001286
0.001286
0.001355
0.001286
0.001286
0.001216
0.001286
0.001548
0.001286
0.001286
0.001501
0.001499
0.001546
0.001546
0.001516
0.001548
0.001353
0.001325
0.001256
0.001256
0.001516
0.001061
0.001061
0.001014
0.001207
0.001254
0.001256
0.001256
0.001209
0.001209
0.001209
0.001209
0.001209
0.001209
0.001209
0.001207
0.001137
0.001001
0.001137
0.001049
0.001049
0.001049
0.001137
0.001137
0.001137
0.001137
0.001137
0.001138
0.001138
0.001137
0.001137
0.001137
0.001158
0.001089
0.001089
0.001089
0.001210
0.001067
0.001137
0.001049
0.001049
0.001049
0.001089
0.001089
0.001010
0.000980
0.001166
0.001166
0.001057
0.001166
0.004250
0.001085
0.001085
0.001085
0.001084
0.001084
0.001085
0.001085
0.001057
0.001057
0.001057
0.001189
0.001127
0.001127
0.001127
0.001374
0.001374
0.001374
0.001374
0.001374
0.001374
0.001374
0.001374
0.001374
0.001374
