0.04760058
0.04548466
0.04451044
0.03524078
0.03747894
0.03642182
0.03891348
0.03436128
0.03311422
0.03043448
0.02959126
0.03220864
0.03015614
0.03107534
0.03192512
0.02897906
0.0249404
0.02389918
0.02585882
0.02389288
0.02464302
0.02210876
0.0206236
0.02208414
0.022484
0.02439506
0.01907582
0.02399502
0.02509266
0.02089842
0.02344826
0.0222366
0.02153804
0.02391714
0.01950916
0.02304144
0.01935986
0.01669592
0.0184445
0.01857716
0.01883678
0.019581
0.0165273
0.01687878
0.02069574
0.01659828
0.01586208
0.0180672
0.0160623
0.01344588
0.0189855
0.01318212
0.01404106
0.0143868
0.01109448
0.01335964
0.01299508
0.01730224
0.01437576
0.01345072
0.01624726
0.01358786
0.01288862
0.01529244
0.016099
0.01353254
0.01518924
0.01677116
0.01449022
0.01337652
0.01521184
0.01337758
0.01111202
0.0144405
0.01405658
0.01289452
0.01222646
0.012425
0.01256324
0.01517306
0.01136056
0.0110142
0.01269054
0.01530284
0.01261894
0.01332126
0.013337
0.01177208
0.01220086
0.01104172
0.01303494
0.01153982
0.00989084
0.01063074
0.01289192
0.0125104
0.01198842
0.01040524
0.01037216
0.01314874
0.01170354
0.01205432
0.01179484
0.0107811
0.0129175
0.00972186
0.010384
0.01157124
0.01139874
0.01211172
0.01237628
0.0107705
0.01288094
0.010769
0.01583698
0.01258642
0.00905692
0.0109209
0.01007662
0.0121582
0.01126886
0.01293128
0.01052004
0.0104711
0.01244108
0.01071544
0.00943912
0.01426804
0.01389962
0.01151674
0.0136148
0.0111593
0.00927782
0.01379962
0.01168278
0.0113102
0.0132682
0.00899138
0.00973696
0.01156652
0.01013858
0.00983804
0.01048638
0.01152306
0.00855696
0.00947522
0.01144156
0.009489
0.00888332
0.0119601
0.01105842
0.00991672
0.00936566
0.01020288
0.01144298
0.00820468
0.0122293
0.00921452
0.0094239
0.00900128
0.01040014
0.00783078
0.0094757
0.00878186
0.00975322
0.00781372
0.01145592
0.01061836
0.01364788
0.00896346
0.00961028
0.01290922
0.00778134
0.00935838
0.00856026
0.00820974
0.00996724
0.00919666
0.0091533
0.00975148
0.00965054
0.00918542
0.00951716
0.01121336
0.00967206
0.0124777
0.01204534
0.0092819
0.01257584
0.0119174
0.00842606
0.00951888
0.00848174
0.00964844
0.00879034
0.01291914
0.0115885
0.01415756
0.00936514
0.00823424
0.00869106
0.00909416
0.00978742
0.00857068
0.0080721
0.01195108
0.01009238
0.00875848
0.00835146
0.00835354
0.00935112
0.01080866
0.0085881
0.0077379
0.00790578
0.00886126
0.00797064
0.00811658
0.01061834
0.0090312
0.00855252
0.00858582
0.00789052
0.00728412
0.0072751
0.00928388
0.00763384
0.0079134
0.00851082
0.0080341
0.00750728
0.00774114
0.00954452
0.00804926
0.00991798
0.0100675
0.00819866
0.00961838
0.01006952
0.00852002
0.00882408
0.01093354
0.00814286
0.00824624
0.00806324
0.00677176
0.0076094
0.00783612
0.0085541
0.006648
0.010385
0.00704304
0.00669874
0.00799546
0.00678596
0.00653282
0.0066012
0.00688888
0.00732138
0.00634068
0.00655646
0.0096614
0.00662144
0.00658348
0.00608372
0.006211
0.00588938
0.00759838
0.00713706
0.00980358
0.00912622
0.00651362
0.00585728
0.00645708
0.00637218
0.0058517
0.00581924
0.00654742
0.00684742
0.00647174
0.00647174
0.0059914
0.00597368
0.00674874
0.0082905
0.0062702
0.00638338
0.00829472
0.00653866
0.00864604
0.00691022
0.00620832
0.00800432
0.00933486
0.00666964
0.0078138
0.00763374
0.00687822
0.00730612
0.00706728
0.00719742
0.00695914
0.00733966
0.0061542
0.0060133
0.00687198
0.00675672
0.00694888
0.00740478
0.00581628
0.00642952
0.0068774
0.00586558
0.0071806
0.00805654
0.00871358
0.00603774
0.00619964
0.00588166
0.00595226
0.00898152
0.00603774
0.00985794
0.00603774
0.00749662
0.00594172
0.00585624
0.00696834
0.00606686
0.0068484
0.0070775
0.00766944
0.00630514
0.00830228
0.00887808
0.00654716
0.00608
0.00615918
0.00608848
0.0059525
0.0061131
0.00684534
0.00693668
0.00659378
0.00801924
0.00874418
0.0071104
0.00666014
0.00731452
0.00673154
0.00754716
0.00780104
0.0067849
0.00662054
0.0070062
0.00683836
0.00683836
0.00763414
0.00642628
0.00633306
0.0077804
0.00692282
0.00617078
0.00624504
0.00736438
0.00683672
0.00673214
0.00566702
0.0070589
0.0056147
0.00734764
0.00585136
0.00695044
0.00617968
0.00585222
0.0058723
0.00536958
0.00589976
0.00564234
0.0069716
0.00564234
0.00564234
0.00559124
0.00594216
0.00589766
0.00564234
0.0059561
0.00766342
0.0059367
0.00637326
0.00611762
0.00730574
0.00613294
0.00602766
0.00588606
0.0064194
0.00677686
0.00644662
0.00654296
0.00612266
0.00612266
0.00652186
0.00686526
0.0081924
0.00706952
0.00698404
0.0073764
0.00682058
0.0085219
0.00728908
0.00721066
0.00995346
0.00958336
0.00808344
0.00837476
0.00988894
0.00768698
0.00850756
0.00704724
0.0069418
0.00667402
0.00651574
0.00628468
0.00620916
0.00774812
0.00652786
0.00782028
0.00587248
0.00601338
0.00627972
0.0068259
0.00669818
0.00573108
0.0084947
0.00592874
0.00564852
0.00669124
0.00658886
0.0068083
0.00660628
0.00840148
0.00614614
0.00656822
0.00789674
0.00693454
0.00602936
0.00711474
0.00610704
0.0082794
0.00690936
0.00576234
0.00793388
0.00575572
0.00552976
0.0061277
0.00537428
0.00537428
0.0069252
0.00645436
0.00850618
0.00552976
0.00576022
0.00582142
0.00605264
0.00605264
0.00605264
0.00623562
0.00623562
0.0071689
0.00571274
0.00949472
0.00552976
0.00577086
0.0079808
0.00634966
0.00733002
0.00582142
0.00588498
0.00668228
0.00710862
0.00698784
0.0058721
0.00623382
0.00774614
0.00619226
0.00604918
0.00604918
0.00587824
0.00758054
0.00730568
0.00576968
0.00584088
0.00611532
0.00576784
0.0056973
0.00555122
0.00555122
0.00561358
0.00607526
0.0055805
0.0055805
0.00607964
0.00590546
0.00583488
0.00597942
0.00573966
0.0058287
0.00605158
0.00694884
0.00597428
0.00597428
0.0060695
0.00610572
0.00610572
0.00610572
0.00564576
0.0067931
0.0061302
0.00619534
0.00561946
0.00544768
0.00544768
0.00623722
0.0052272
0.00639012
0.00518022
0.00519414
0.00568538
0.0067091
0.00539018
0.00680726
0.00562988
0.00490248
0.00514338
0.00554258
0.0058595
0.00563616
0.00575834
0.0049497
0.00565788
0.00490248
0.00501738
0.00501738
0.00501738
0.00655946
0.0054776
0.00524962
0.00512598
0.00525506
0.00658414
0.00512598
0.00571114
0.0068476
0.006182
0.00628196
0.0054369
0.00508766
0.00734018
0.00626566
0.0056695
0.00799276
0.00564828
0.00552834
0.00559894
0.00548554
0.0065501
0.00531524
0.00654354
0.00530986
0.00518022
0.00648558
0.00521246
0.00543294
0.00513346
0.0053812
0.0059914
0.00554548
0.00544472
0.00542126
0.00666838
0.0066047
0.00594864
0.00547398
0.00522522
0.00500556
0.00506084
0.00506886
0.00595268
0.0050906
0.0052028
0.00518676
0.00557348
0.00562944
0.00561548
0.00578668
0.00520954
0.00584994
0.00580132
0.00453284
0.00489026
0.00565212
0.00479598
0.00514928
0.00479598
0.00479598
0.00600564
0.00582268
0.00504094
0.0057106
0.00601218
0.00573476
0.00546508
0.005842
0.0052446
0.00551554
0.00499996
0.00479598
0.00561768
0.00543814
0.005148
0.00532492
0.00596348
0.0056498
0.00532214
0.00644076
0.0070369
0.0049729
0.0049729
0.0049729
0.00604092
0.0049729
0.0052032
0.00628302
0.00502628
0.00479598
0.00570414
0.00479598
0.0056693
0.00500216
0.00500216
0.00488636
0.00470432
0.00464876
0.00485394
0.004845
0.00475202
0.00475202
0.00466796
0.00466796
0.00466796
0.00462284
0.00590498
0.00567022
0.0056399
0.00521184
0.0049528
0.00499792
0.00560804
0.00627322
0.00606048
0.0049829
0.00481874
0.0053079
0.00561282
0.00625474
0.005635
0.00484068
0.00466098
0.00644266
0.00466098
0.00461374
0.0047183
0.00476342
0.00459988
0.00458332
0.00448316
0.00480898
0.00487958
0.00573352
0.0046956
0.00630806
0.00521552
0.00558904
0.0049733
0.00486858
0.00471316
0.00525996
0.00601396
0.00634382
0.00581728
0.00492302
0.00531538
0.00512342
0.00514038
0.00500434
0.00668314
0.00435798
0.00435798
0.00465598
0.00507366
0.00490688
0.00435798
0.00462666
0.00435798
0.00435798
0.00474168
0.00497358
0.00435798
0.00435798
0.00422106
0.0044734
0.00644208
0.00554784
0.00435798
0.00435798
0.00435798
0.00475568
0.00519142
0.00462666
0.00470974
0.0044031
0.0044031
0.0044031
0.0044031
0.00488606
0.00480932
0.0044031
0.0044031
0.00576362
0.0044031
0.0044031
0.0044031
0.00458814
0.00563118
0.00446496
0.00504758
0.00474608
0.00446496
0.00475388
0.00446496
0.00469202
0.00436092
0.00450252
0.00474438
0.00456386
0.00456386
0.0045447
0.0045447
0.0057077
0.00591856
0.0045447
0.004978
0.0045447
0.00498992
0.00498092
0.00508548
0.00508548
0.00508548
0.00508548
0.00639796
0.00508548
0.00591084
0.00577962
0.00508548
0.00514094
0.0063715
0.0047259
0.00491094
0.00491094
0.00491094
0.00585186
0.00472974
0.00544186
0.00592076
0.00482096
0.00472974
0.00502774
0.00493624
0.00494076
0.00507948
0.0061318
0.00495324
0.00515098
0.00501524
0.00472974
0.00472974
0.0057616
0.00472974
0.00462114
0.00487538
0.00553352
0.00472974
0.00472974
0.00472974
0.00566944
0.00579158
0.00472974
0.00515172
0.00472974
0.00559412
0.00495482
0.00472974
0.00462114
0.00458504
0.00462114
0.00472974
0.00507854
0.00472974
0.00481354
0.00495482
0.00538432
0.00472974
0.00472974
0.00472974
0.00472974
0.0048138
0.00468462
0.00472974
0.00468462
0.00503322
0.00588498
0.00521448
0.00502944
0.00503654
0.00496398
0.00643734
0.00684102
0.00481324
0.00612168
0.00634822
0.0059344
0.0048445
0.0048445
0.00487396
0.00585074
0.0048445
0.00520192
0.00519328
0.00532074
0.0054222
0.00493808
0.00493808
0.00693796
0.00592404
0.00506284
0.00537886
0.00501846
0.00565924
0.00481244
0.00497228
0.00584226
0.00599742
0.00493886
0.00493886
0.00493886
0.00493838
0.00505712
0.00496244
0.00486792
0.00642478
0.00762832
0.00526162
0.00498102
0.00498102
0.00498102
0.005424
0.00498102
0.00500018
0.00498102
0.00498102
0.00534184
0.00506256
0.00498102
0.0059592
0.00474876
0.0055319
0.00495096
0.00559522
0.00511096
0.00545332
0.00473658
0.00473658
0.00473658
0.0056073
0.0055431
0.00467238
0.00580096
0.00469734
0.00463002
0.00463002
0.00493138
0.00463002
0.00504238
0.00463002
0.00501276
0.00463002
0.0053284
0.00463002
0.00474876
0.00491062
0.00495298
0.00625622
0.00542866
0.0045447
0.0049201
0.00472974
0.00495482
0.00472974
0.00483056
0.00483056
0.0049493
0.00483056
0.0057574
0.00483056
0.00593418
0.00545834
0.00492584
0.00578168
0.0069483
0.00591342
0.00537182
0.00603814
0.00498138
0.0045449
0.00509466
0.00486222
0.0051548
0.00444482
0.00485832
0.00485832
0.00489872
0.00542554
0.0049209
0.00498592
0.0052992
0.00502116
0.0068049
0.00485832
0.00442562
0.0047473
0.004369
0.0046925
0.004369
0.0043782
0.00747152
0.0048454
0.00532378
0.00497216
0.00449378
0.004369
0.004369
0.00478704
0.00467388
0.00467388
0.00467388
0.0044663
0.00469856
0.0044663
0.0044663
0.0043466
0.00438326
0.004369
0.00448238
0.00448238
0.00509898
0.00448238
0.00467686
0.00467686
0.00503204
0.00456348
0.00467686
0.00467686
0.00556082
0.00559492
0.0062396
0.0056209
0.00570278
0.00469224
0.004809
0.0044031
0.0044031
0.00441908
0.00474064
0.00435798
0.0048373
0.00442602
0.00447114
0.00447114
0.00447114
0.00473688
0.00436852
0.00568934
0.00388612
0.00458162
0.00426938
0.00388612
0.00394798
0.00392078
0.0041314
0.00425804
