0.002451
0.002377
0.001390
0.001143
0.001319
0.001123
0.000730
0.000593
0.000819
0.001241
0.000904
0.000563
0.001575
0.001375
0.000385
0.000750
0.000992
0.000751
0.000595
0.000244
0.000581
0.001270
0.000285
0.000678
0.000218
0.000433
0.000367
0.000333
0.001149
0.000315
0.000196
0.000469
0.000574
0.000137
0.000227
0.000291
0.000685
0.000829
0.000402
0.000308
0.000174
0.000319
0.000336
0.000211
0.000432
0.000446
0.000142
0.000365
0.000180
0.000117
0.000102
0.000171
0.000146
0.000342
0.000136
0.000153
0.000147
0.000160
0.000254
0.000186
0.000150
0.000333
0.000111
0.000308
0.000183
0.000607
0.000321
0.000152
0.000358
0.000117
0.000095
0.000175
0.000310
0.000199
0.000112
0.000095
0.000112
0.000206
0.000395
0.000223
0.000216
0.000094
0.000167
0.000454
0.000084
0.000127
0.000088
0.000197
0.000564
0.000090
0.000279
0.000068
0.000154
0.000120
0.000169
0.000157
0.000058
0.000304
0.000058
0.000256
0.000126
0.000126
0.000137
0.000084
0.000067
0.000496
0.000357
0.000058
0.000466
0.000119
0.000257
0.000115
0.000076
0.000086
0.000538
0.000117
0.000061
0.000109
0.000085
0.000088
0.000087
0.000086
0.000104
0.000572
0.000129
0.000318
0.000317
0.000203
0.000061
0.000061
0.000062
0.000089
0.000327
0.000062
0.000089
0.000475
0.000060
0.000079
0.000369
0.000150
0.000054
0.000408
0.000059
0.000200
0.000282
0.000072
0.000062
0.000064
0.000180
0.000068
0.000059
0.000060
0.000060
0.000059
0.000075
0.000152
0.000059
0.000059
0.000224
0.000126
0.000094
0.000059
0.000081
0.000063
0.000061
0.000071
0.000108
0.000293
0.000063
0.000098
0.000115
0.000098
0.000095
0.000257
0.000258
0.000099
0.000100
0.000110
0.000099
0.000188
0.000129
0.000100
0.000100
0.000084
0.000084
0.000064
0.000121
0.000084
0.000134
0.000063
0.000115
0.000074
0.000126
0.000117
0.000117
0.000118
0.000118
0.000105
0.000143
0.000091
0.000083
0.000129
0.000106
0.000106
0.000109
0.000085
0.000086
0.000086
0.000085
0.000088
0.000129
0.000111
0.000060
0.000058
0.000095
0.000058
0.000074
0.000058
0.000079
0.000119
0.000058
0.000228
0.000111
0.000207
0.000058
0.000057
0.000060
0.000060
0.000074
0.000066
0.000067
0.000236
0.000066
0.000070
0.000088
0.000057
0.000057
0.000066
0.000058
0.000059
0.000058
0.000058
0.000263
0.000132
0.000059
0.000092
0.000059
0.000067
0.000231
0.000104
0.000107
0.000091
0.000061
0.000087
0.000058
0.000082
0.000082
0.000060
0.000065
0.000059
0.000103
0.000060
0.000119
0.000076
0.000075
0.000075
0.000075
0.000075
0.000075
0.000113
0.000060
0.000059
0.000059
0.000058
0.000072
0.000151
0.000081
0.000100
0.000091
0.000056
0.000056
0.000076
0.000076
0.000126
0.000056
0.000077
0.000056
0.000056
0.000076
0.000056
0.000056
0.000078
0.000056
0.000059
0.000059
0.000056
0.000056
0.000056
0.000084
0.000084
0.000056
0.000177
0.000056
0.000056
0.000198
0.000059
0.000089
0.000074
0.000074
0.000074
0.000084
0.000056
0.000086
0.000060
0.000057
0.000054
0.000053
0.000056
0.000056
0.000056
0.000056
0.000056
0.000056
0.000055
0.000058
0.000077
0.000056
0.000056
0.000069
0.000056
0.000058
0.000054
0.000060
0.000060
0.000060
0.000073
0.000056
0.000054
0.000087
0.000056
0.000070
0.000070
0.000056
0.000056
0.000060
0.000056
0.000056
0.000068
0.000056
0.000057
0.000056
0.000056
0.000139
0.000070
0.000056
0.000064
0.000058
0.000058
0.000058
0.000061
0.000059
0.000058
0.000064
0.000056
0.000061
0.000061
0.000073
0.000054
0.000056
0.000055
0.000055
0.000056
0.000055
0.000067
0.000136
0.000068
0.000056
0.000055
0.000056
0.000061
0.000079
0.000063
0.000063
0.000056
0.000058
0.000056
0.000056
0.000073
0.000056
0.000077
0.000056
0.000065
0.000056
0.000056
0.000056
0.000055
0.000060
0.000056
0.000056
0.000119
0.000056
0.000057
0.000047
0.000057
0.000056
0.000175
0.000060
0.000060
0.000070
0.000055
0.000055
0.000055
0.000059
0.000059
0.000059
0.000051
0.000056
0.000063
0.000058
0.000056
0.000056
0.000140
0.000056
0.000056
0.000056
0.000056
0.000054
0.000056
0.000056
0.000056
0.000056
0.000056
0.000108
0.000056
0.000056
0.000074
0.000056
0.000056
0.000045
0.000065
0.000089
0.000056
0.000056
0.000045
0.000056
0.000065
0.000060
0.000066
0.000057
0.000057
0.000056
0.000055
0.000058
0.000069
0.000160
0.000077
0.000068
0.000054
0.000054
0.000055
0.000057
0.000057
0.000055
0.000076
0.000055
0.000056
0.000056
0.000055
0.000056
0.000056
0.000059
0.000057
0.000056
0.000056
0.000055
0.000057
0.000045
0.000056
0.000056
0.000056
0.000056
0.000066
0.000066
0.000056
0.000061
0.000052
0.000052
0.000065
0.000053
0.000057
0.000057
0.000057
0.000089
0.000057
0.000057
0.000057
0.000057
0.000057
0.000057
0.000057
0.000057
0.000078
0.000075
0.000069
0.000057
0.000057
0.000057
0.000057
0.000057
0.000066
0.000099
0.000057
0.000057
0.000057
0.000057
0.000059
0.000057
0.000057
0.000077
0.000057
0.000057
0.000061
0.000060
0.000210
0.000052
0.000052
0.000080
0.000052
0.000055
0.000052
0.000062
0.000051
0.000051
0.000064
0.000054
0.000052
0.000051
0.000052
0.000052
0.000079
0.000052
0.000052
0.000051
0.000051
0.000054
0.000052
0.000052
0.000052
0.000089
0.000074
0.000052
0.000051
0.000051
0.000051
0.000067
0.000067
0.000067
0.000051
0.000051
0.000051
0.000052
0.000052
0.000051
0.000052
0.000052
0.000052
0.000052
0.000052
0.000089
0.000045
0.000045
0.000045
0.000239
0.000054
0.000068
0.000045
0.000045
0.000045
0.000045
0.000045
0.000045
0.000045
0.000045
0.000045
0.000045
0.000045
0.000045
0.000046
0.000057
0.000045
0.000045
0.000046
0.000044
0.000045
0.000045
0.000045
0.000044
0.000045
0.000045
0.000045
0.000045
0.000046
0.000045
0.000045
0.000064
0.000045
0.000056
0.000045
0.000045
0.000045
0.000246
0.000045
0.000045
0.000045
0.000111
0.000048
0.000046
0.000045
0.000045
0.000045
0.000045
0.000045
0.000045
0.000045
0.000045
0.000045
0.000045
0.000045
0.000045
0.000045
0.000041
0.000050
0.000051
0.000045
0.000045
0.000045
0.000045
0.000045
0.000045
0.000045
0.000045
0.000045
0.000045
0.000045
0.000045
0.000063
0.000045
0.000045
0.000045
0.000045
0.000045
0.000045
0.000045
0.000045
0.000045
0.000047
0.000047
0.000053
0.000040
0.000040
0.000040
0.000040
0.000042
0.000042
0.000042
0.000042
0.000042
0.000048
0.000042
0.000048
0.000048
0.000048
0.000048
0.000039
0.000042
0.000042
0.000042
0.000040
0.000042
0.000040
0.000040
0.000040
0.000040
0.000040
0.000040
0.000041
0.000040
0.000040
0.000040
0.000040
0.000040
0.000040
0.000040
0.000040
0.000040
0.000040
0.000040
0.000040
0.000040
0.000040
0.000055
0.000040
0.000040
0.000040
0.000036
0.000040
0.000040
0.000040
0.000040
0.000041
0.000041
0.000041
0.000041
0.000041
0.000040
0.000040
0.000040
0.000040
0.000040
0.000037
0.000040
0.000040
0.000040
0.000040
0.000062
0.000163
0.000040
0.000040
0.000040
0.000040
0.000040
0.000040
0.000084
0.000041
0.000040
0.000040
0.000040
0.000040
0.000040
0.000040
0.000040
0.000040
0.000040
0.000040
0.000040
0.000049
0.000049
0.000049
0.000049
0.000058
0.000095
0.000049
0.000059
0.000044
0.000118
0.000059
0.000049
0.000044
0.000053
0.000044
0.000044
0.000044
0.000044
0.000042
0.000034
0.000037
0.000034
0.000042
0.000036
0.000036
0.000036
0.000090
0.000036
0.000036
0.000072
0.000036
0.000036
0.000036
0.000036
0.000036
0.000036
0.000036
0.000036
0.000037
0.000036
0.000036
0.000097
0.000037
0.000025
0.000039
0.000034
0.000034
0.000034
0.000038
0.000034
0.000034
0.000038
0.000037
0.000034
0.000034
0.000034
0.000034
0.000034
0.000067
0.000034
0.000034
0.000034
0.000034
0.000036
0.000085
0.000034
0.000034
0.000024
0.000020
0.000033
0.000033
0.000033
0.000034
0.000041
0.000033
0.000033
0.000096
0.000040
0.000033
0.000033
0.000033
0.000033
0.000036
0.000033
0.000033
0.000033
0.000033
0.000034
0.000034
0.000033
0.000033
0.000033
0.000033
0.000023
0.000035
0.000021
0.000030
0.000021
0.000024
0.000021
0.000021
0.000047
0.000033
0.000122
0.000039
0.000033
0.000047
0.000049
0.000049
0.000033
0.000033
0.000033
0.000033
0.000033
0.000033
0.000033
0.000060
0.000033
0.000055
0.000033
0.000033
0.000033
0.000052
0.000033
0.000033
0.000033
0.000033
0.000033
0.000033
0.000033
0.000033
0.000051
0.000033
0.000033
0.000094
0.000033
0.000033
0.000033
0.000033
0.000033
0.000033
0.000038
0.000038
0.000050
0.000048
0.000038
0.000039
0.000039
0.000036
0.000036
0.000036
0.000127
0.000038
0.000038
0.000039
0.000038
0.000038
0.000038
0.000038
0.000038
0.000038
0.000079
0.000038
0.000038
0.000054
0.000038
0.000038
0.000038
0.000038
0.000038
0.000038
0.000038
0.000042
0.000038
0.000038
0.000038
0.000038
0.000054
0.000047
0.000044
0.000047
0.000047
0.000038
0.000038
0.000038
0.000038
0.000038
0.000052
0.000038
0.000038
0.000038
0.000038
0.000038
0.000038
0.000037
0.000038
0.000038
0.000038
0.000062
0.000038
0.000038
0.000038
0.000062
0.000038
0.000038
0.000039
0.000083
0.000041
0.000041
0.000049
0.000048
0.000041
0.000038
0.000041
0.000038
0.000039
0.000039
0.000038
0.000038
0.000038
0.000038
0.000038
0.000046
0.000039
0.000039
0.000039
0.000053
0.000055
0.000039
0.000039
0.000048
0.000039
0.000076
0.000039
0.000039
0.000039
0.000039
0.000039
0.000039
0.000052
0.000052
0.000054
0.000052
0.000052
0.000052
0.000047
0.000038
0.000176
0.000071
0.000038
0.000038
0.000038
0.000038
0.000038
0.000059
