0.003322
0.001494
0.001756
0.001279
0.001098
0.000461
0.000965
0.001478
0.002251
0.000683
0.002030
0.000802
0.001236
0.001305
0.000905
0.001405
0.000874
0.001226
0.001027
0.001831
0.000891
0.001044
0.000950
0.001031
0.000843
0.001477
0.002349
0.001465
0.000329
0.001807
0.000955
0.000756
0.000429
0.000883
0.000365
0.000525
0.001034
0.000815
0.000818
0.000763
0.001764
0.000349
0.000406
0.001219
0.001217
0.000745
0.000656
0.000476
0.001196
0.000544
0.000241
0.000676
0.000912
0.000527
0.001508
0.000445
0.001214
0.000792
0.000205
0.000578
0.000154
0.001504
0.001302
0.001079
0.000910
0.000584
0.001099
0.000548
0.000304
0.000203
0.000419
0.000786
0.000610
0.000784
0.000551
0.000367
0.000312
0.000557
0.000134
0.000099
0.000340
0.000777
0.000117
0.000499
0.000597
0.000154
0.000486
0.000385
0.000272
0.000696
0.000541
0.000269
0.000437
0.000406
0.000609
0.000174
0.000300
0.000877
0.000637
0.000237
0.000123
0.000931
0.000343
0.000206
0.000243
0.000126
0.000537
0.001581
0.000657
0.000131
0.000455
0.000226
0.000239
0.000138
0.000125
0.000181
0.000108
0.000248
0.000443
0.000395
0.000343
0.000134
0.000443
0.000380
0.000141
0.000294
0.000460
0.000099
0.000274
0.000802
0.000196
0.000194
0.000099
0.000100
0.000845
0.000118
0.000605
0.000105
0.000196
0.000722
0.000767
0.000329
0.000149
0.000216
0.000196
0.000720
0.000077
0.000150
0.000145
0.000383
0.000467
0.000091
0.000140
0.000112
0.000094
0.000164
0.000131
0.000183
0.000455
0.000087
0.000095
0.000641
0.000226
0.000583
0.000104
0.000455
0.000149
0.000346
0.000047
0.000187
0.000066
0.000212
0.000126
0.000573
0.000399
0.000116
0.000600
0.000285
0.000063
0.000585
0.000240
0.000046
0.000095
0.000395
0.000084
0.000648
0.000282
0.000150
0.000097
0.000071
0.000159
0.000080
0.000190
0.000103
0.000293
0.000238
0.000288
0.000275
0.000247
0.000170
0.000046
0.000291
0.000066
0.000054
0.000122
0.000407
0.000149
0.000334
0.000079
0.000103
0.000113
0.000095
0.000135
0.000058
0.000057
0.000258
0.000046
0.000061
0.000223
0.000862
0.000750
0.000059
0.000138
0.000529
0.000344
0.000105
0.000059
0.000314
0.000081
0.000071
0.000282
0.000106
0.000179
0.000102
0.000967
0.000098
0.000109
0.000311
0.000054
0.000058
0.000185
0.000207
0.000131
0.000069
0.000110
0.000352
0.000045
0.000052
0.000035
0.000376
0.000047
0.000042
0.000043
0.000197
0.000070
0.000064
0.000065
0.000153
0.000058
0.000081
0.000067
0.000071
0.000040
0.000037
0.000044
0.000037
0.000043
0.000355
0.000239
0.000307
0.000039
0.000037
0.000037
0.000097
0.000290
0.000104
0.000522
0.000288
0.000078
0.000078
0.000435
0.000205
0.000037
0.000186
0.000136
0.000044
0.000122
0.000042
0.000072
0.000046
0.000249
0.000055
0.000056
0.000451
0.000067
0.000222
0.000222
0.000058
0.000089
0.000119
0.000158
0.000038
0.000041
0.000181
0.000100
0.000270
0.000206
0.000040
0.000040
0.000040
0.000060
0.000182
0.000287
0.000078
0.000060
0.000073
0.000051
0.000037
0.000037
0.000037
0.000037
0.000039
0.000037
0.000102
0.000037
0.000205
0.000037
0.000037
0.000052
0.000037
0.000159
0.000061
0.000060
0.000054
0.000037
0.000053
0.000040
0.000040
0.000558
0.000230
0.000037
0.000037
0.000037
0.000375
0.000200
0.000041
0.000384
0.000037
0.000047
0.000093
0.000037
0.000281
0.000157
0.000037
0.000037
0.000052
0.000095
0.000088
0.000142
0.000249
0.000165
0.000152
0.000081
0.000097
0.000078
0.000078
0.000047
0.000044
0.000049
0.000064
0.000056
0.000094
0.000050
0.000702
0.000081
0.000045
0.000043
0.000043
0.000066
0.000045
0.000046
0.000047
0.000139
0.000042
0.000306
0.000034
0.000074
0.000368
0.000035
0.000047
0.000038
0.000258
0.000041
0.000243
0.000280
0.000063
0.000081
0.000037
0.000040
0.000199
0.000061
0.000066
0.000045
0.000080
0.000256
0.000259
0.000091
0.000043
0.000102
0.000056
0.000222
0.000178
0.000247
0.000098
0.000037
0.000037
0.000037
0.000050
0.000037
0.000037
0.000126
0.000037
0.000169
0.000098
0.000431
0.000035
0.000181
0.000113
0.000047
0.000282
0.000038
0.000125
0.000045
0.000037
0.000409
0.000047
0.000060
0.000139
0.000199
0.000068
0.000098
0.000096
0.000066
0.000037
0.000061
0.000049
0.000092
0.000064
0.000043
0.000043
0.000082
0.000042
0.000113
0.000093
0.000041
0.000109
0.000354
0.000056
0.000038
0.000038
0.000038
0.000073
0.000042
0.000038
0.000070
0.000134
0.000041
0.000041
0.000044
0.000060
0.000040
0.000125
0.000062
0.000052
0.000065
0.000111
0.000060
0.000055
0.000224
0.000038
0.000038
0.000058
0.000050
0.000070
0.000102
0.000058
0.000090
0.000037
0.000033
0.000100
0.000198
0.000153
0.000057
0.000057
0.000101
0.000102
0.000067
0.000093
0.000073
0.000312
0.000134
0.000035
0.000047
0.000088
0.000548
0.000103
0.000035
0.000038
0.000043
0.000035
0.000029
0.000029
0.000031
0.000070
0.000073
0.000033
0.000036
0.000070
0.000046
0.000087
0.000165
0.000193
0.000123
0.000065
0.000040
0.000036
0.000040
0.000085
0.000038
0.000037
0.000051
0.000153
0.000225
0.000034
0.000035
0.000080
0.000035
0.000417
0.000049
0.000035
0.000034
0.000063
0.000059
0.000034
0.000066
0.000033
0.000033
0.000419
0.000038
0.000039
0.000066
0.000075
0.000053
0.000067
0.000037
0.000041
0.000205
0.000054
0.000032
0.000180
0.000054
0.000039
0.000056
0.000039
0.000026
0.000028
0.000026
0.000024
0.000026
0.000028
0.000068
0.000078
0.000064
0.000186
0.000059
0.000045
0.000027
0.000025
0.000039
0.000024
0.000042
0.000023
0.000024
0.000053
0.000023
0.000048
0.000024
0.000079
0.000024
0.000024
0.000024
0.000024
0.000048
0.000050
0.000024
0.000024
0.000026
0.000054
0.000079
0.000025
0.000025
0.000160
0.000033
0.000035
0.000036
0.000094
0.000036
0.000047
0.000141
0.000046
0.000104
0.000338
0.000214
0.000044
0.000084
0.000027
0.000075
0.000028
0.000052
0.000244
0.000028
0.000028
0.000027
0.000081
0.000027
0.000027
0.000027
0.000059
0.000027
0.000083
0.000027
0.000071
0.000084
0.000027
0.000027
0.000027
0.000027
0.000041
0.000251
0.000027
0.000034
0.000037
0.000028
0.000028
0.000049
0.000052
0.000052
0.000029
0.000028
0.000057
0.000028
0.000028
0.000028
0.000029
0.000028
0.000028
0.000032
0.000028
0.000050
0.000050
0.000028
0.000027
0.000027
0.000043
0.000027
0.000048
0.000031
0.000096
0.000096
0.000044
0.000136
0.000044
0.000044
0.000085
0.000030
0.000025
0.000025
0.000126
0.000041
0.000226
0.000055
0.000055
0.000033
0.000025
0.000025
0.000025
0.000030
0.000041
0.000025
0.000037
0.000037
0.000025
0.000054
0.000061
0.000025
0.000022
0.000025
0.000039
0.000025
0.000025
0.000041
0.000024
0.000021
0.000114
0.000026
0.000029
0.000023
0.000022
0.000047
0.000023
0.000022
0.000021
0.000021
0.000021
0.000022
0.000091
0.000024
0.000111
0.000024
0.000023
0.000023
0.000021
0.000033
0.000021
0.000021
0.000021
0.000021
0.000021
0.000021
0.000021
0.000057
0.000047
0.000044
0.000021
0.000021
0.000022
0.000021
0.000021
0.000021
0.000030
0.000058
0.000027
0.000021
0.000021
0.000028
0.000021
0.000021
0.000021
0.000021
0.000043
0.000030
0.000021
0.000027
0.000022
0.000022
0.000099
0.000022
0.000025
0.000023
0.000021
0.000021
0.000021
0.000030
0.000021
0.000078
0.000021
0.000021
0.000094
0.000050
0.000021
0.000071
0.000021
0.000021
0.000021
0.000021
0.000021
0.000062
0.000022
0.000058
0.000021
0.000019
0.000022
0.000056
0.000021
0.000021
0.000023
0.000023
0.000065
0.000023
0.000096
0.000043
0.000047
0.000109
0.000023
0.000021
0.000022
0.000021
0.000022
0.000238
0.000023
0.000041
0.000021
0.000029
0.000037
0.000023
0.000039
0.000093
0.000021
0.000027
0.000027
0.000026
0.000024
0.000023
0.000021
0.000021
0.000021
0.000023
0.000057
0.000023
0.000038
0.000033
0.000148
0.000021
0.000021
0.000021
0.000021
0.000062
0.000019
0.000059
0.000059
0.000031
0.000022
0.000022
0.000021
0.000021
0.000041
0.000021
0.000028
0.000170
0.000027
0.000045
0.000060
0.000026
0.000047
0.000047
0.000115
0.000026
0.000026
0.000081
0.000025
0.000025
0.000021
0.000042
0.000021
0.000031
0.000025
0.000027
0.000021
0.000116
0.000023
0.000054
0.000023
0.000023
0.000042
0.000044
0.000050
0.000025
0.000024
0.000109
0.000024
0.000024
0.000024
0.000023
0.000023
0.000023
0.000066
0.000026
0.000055
0.000024
0.000024
0.000022
0.000055
0.000039
0.000049
0.000021
0.000049
0.000055
0.000027
0.000021
0.000021
0.000021
0.000021
0.000058
0.000019
0.000021
0.000046
0.000021
0.000021
0.000021
0.000021
0.000051
0.000021
0.000054
0.000025
0.000053
0.000042
0.000027
0.000047
0.000021
0.000025
0.000025
0.000059
0.000059
0.000025
0.000025
0.000025
0.000021
0.000021
0.000021
0.000021
0.000021
0.000044
0.000238
0.000019
0.000019
0.000022
0.000022
0.000021
0.000021
0.000021
0.000021
0.000019
0.000035
0.000236
0.000021
0.000050
0.000050
0.000050
0.000050
0.000099
0.000058
0.000021
0.000021
0.000021
0.000021
0.000023
0.000021
0.000021
0.000021
0.000021
0.000216
0.000021
0.000021
0.000068
0.000021
0.000051
0.000021
0.000027
0.000021
0.000034
0.000021
0.000021
0.000021
0.000054
0.000023
0.000026
0.000160
0.000021
0.000090
0.000120
0.000021
0.000061
0.000021
0.000021
0.000070
0.000024
0.000021
0.000023
0.000021
0.000028
0.000021
0.000021
0.000107
0.000042
0.000034
0.000021
0.000021
0.000021
0.000021
0.000028
0.000019
0.000019
0.000019
0.000023
0.000024
0.000019
0.000019
0.000019
0.000031
0.000060
