0.010929
0.006308
0.003193
0.001628
0.000733
0.000551
0.000360
0.000276
0.000919
0.000226
0.001184
0.000518
0.000130
0.000110
0.000211
0.000212
0.000244
0.000154
0.000209
0.000244
0.000213
0.000147
0.000171
0.000205
0.000332
0.000159
0.000264
0.000166
0.000125
0.000138
0.000169
0.000157
0.000122
0.000097
0.000143
0.000213
0.000112
0.000163
0.000118
0.000156
0.000177
0.000267
0.000172
0.000296
0.000211
0.000109
0.000246
0.000106
0.000133
0.000049
0.000263
0.000142
0.000167
0.000085
0.000091
0.000097
0.000041
0.000074
0.000094
0.000078
0.000053
0.000071
0.000048
0.000080
0.000071
0.000063
0.000074
0.000060
0.000099
0.000057
0.000153
0.000119
0.000054
0.000095
0.000077
0.000098
0.000110
0.000188
0.000092
0.000065
0.000041
0.000066
0.000124
0.000037
0.000043
0.000048
0.000088
0.000059
0.000036
0.000059
0.000035
0.000035
0.000087
0.000062
0.000041
0.000094
0.000094
0.000133
0.000049
0.000062
0.000048
0.000051
0.000037
0.000027
0.000126
0.000026
0.000032
0.000034
0.000024
0.000051
0.000038
0.000026
0.000023
0.000025
0.000019
0.000031
0.000126
0.000030
0.000028
0.000022
0.000028
0.000035
0.000020
0.000017
0.000065
0.000018
0.000043
0.000016
0.000023
0.000023
0.000022
0.000079
0.000022
0.000064
0.000043
0.000053
0.000058
0.000044
0.000074
0.000102
0.000023
0.000031
0.000055
0.000032
0.000032
0.000034
0.000040
0.000024
0.000021
0.000059
0.000052
0.000061
0.000020
0.000020
0.000020
0.000021
0.000019
0.000018
0.000019
0.000029
0.000019
0.000020
0.000023
0.000020
0.000022
0.000047
0.000067
0.000017
0.000019
0.000019
0.000026
0.000033
0.000021
0.000016
0.000024
0.000021
0.000017
0.000068
0.000022
0.000020
0.000018
0.000018
0.000019
0.000023
0.000018
0.000021
0.000034
0.000019
0.000021
0.000038
0.000019
0.000068
0.000032
0.000057
0.000023
0.000023
0.000018
0.000018
0.000057
0.000074
0.000027
0.000019
0.000019
0.000019
0.000019
0.000016
0.000032
0.000030
0.000026
0.000036
0.000020
0.000020
0.000040
0.000028
0.000028
0.000022
0.000021
0.000028
0.000019
0.000021
0.000019
0.000017
0.000016
0.000014
0.000025
0.000020
0.000078
0.000021
0.000020
0.000034
0.000023
0.000034
0.000018
0.000018
0.000018
0.000018
0.000014
0.000017
0.000024
0.000066
0.000013
0.000013
0.000013
0.000013
0.000014
0.000013
0.000014
0.000015
0.000015
0.000015
0.000019
0.000021
0.000023
0.000055
0.000022
0.000022
0.000019
0.000022
0.000023
0.000022
0.000022
0.000022
0.000022
0.000022
0.000022
0.000027
0.000022
0.000022
0.000022
0.000021
0.000021
0.000021
0.000024
0.000024
0.000107
0.000025
0.000017
0.000017
0.000018
0.000018
0.000017
0.000018
0.000017
0.000017
0.000015
0.000013
0.000013
0.000013
0.000020
0.000014
0.000013
0.000013
0.000013
0.000013
0.000027
0.000014
0.000013
0.000013
0.000019
0.000013
0.000013
0.000013
0.000019
0.000019
0.000025
0.000027
0.000020
0.000020
0.000020
0.000027
0.000021
0.000022
0.000014
0.000014
0.000013
0.000013
0.000014
0.000013
0.000013
0.000013
0.000018
0.000016
0.000013
0.000013
0.000013
0.000013
0.000013
0.000013
0.000013
0.000013
0.000013
0.000013
0.000013
0.000013
0.000013
0.000013
0.000014
0.000013
0.000013
0.000014
0.000013
0.000020
0.000013
0.000022
0.000016
0.000013
0.000013
0.000013
0.000013
0.000013
0.000011
0.000013
0.000021
0.000013
0.000013
0.000013
0.000011
0.000011
0.000011
0.000011
0.000011
0.000013
0.000013
0.000013
0.000011
0.000011
0.000011
0.000011
0.000014
0.000015
0.000015
0.000014
0.000014
0.000014
0.000014
0.000019
0.000019
0.000014
0.000012
0.000012
0.000012
0.000012
0.000012
0.000012
0.000012
0.000012
0.000012
0.000012
0.000012
0.000012
0.000027
0.000012
0.000014
0.000014
0.000014
0.000014
0.000014
0.000014
0.000011
0.000013
0.000015
0.000015
0.000013
0.000013
0.000022
0.000015
0.000015
0.000015
0.000013
0.000015
0.000015
0.000013
0.000015
0.000015
0.000015
0.000016
0.000015
0.000015
0.000015
0.000012
0.000012
0.000012
0.000012
0.000012
0.000013
0.000013
0.000013
0.000014
0.000012
0.000012
0.000011
0.000012
0.000026
0.000019
0.000014
0.000014
0.000013
0.000023
0.000019
0.000057
0.000019
0.000013
0.000013
0.000013
0.000013
0.000013
0.000013
0.000013
0.000013
0.000013
0.000010
0.000008
0.000008
0.000008
0.000008
0.000008
0.000008
0.000008
0.000008
0.000010
0.000010
0.000009
0.000010
0.000010
0.000010
0.000008
0.000010
0.000007
0.000009
0.000009
0.000009
0.000007
0.000008
0.000008
0.000007
0.000008
0.000008
0.000008
0.000008
0.000006
0.000008
0.000008
0.000008
0.000008
0.000008
0.000015
0.000008
0.000009
0.000008
0.000008
0.000008
0.000008
0.000008
0.000008
0.000008
0.000009
0.000008
0.000008
0.000008
0.000008
0.000008
0.000018
0.000018
0.000008
0.000021
0.000021
0.000018
0.000018
0.000019
0.000008
0.000006
0.000028
0.000006
0.000006
0.000009
0.000009
0.000036
0.000037
0.000009
0.000009
0.000008
0.000008
0.000008
0.000009
0.000009
0.000009
0.000008
0.000009
0.000007
0.000007
0.000009
0.000009
0.000009
0.000009
0.000009
0.000008
0.000008
0.000008
0.000008
0.000008
0.000016
0.000008
0.000008
0.000012
0.000012
0.000008
0.000008
0.000008
0.000008
0.000008
0.000008
0.000006
0.000006
0.000006
0.000006
0.000008
0.000006
0.000006
0.000006
0.000006
0.000005
0.000005
0.000005
0.000015
0.000015
0.000015
0.000015
0.000005
0.000007
0.000007
0.000007
0.000007
0.000007
0.000007
0.000007
0.000007
0.000005
0.000005
0.000006
0.000005
0.000005
0.000005
0.000005
0.000007
0.000007
0.000007
0.000007
0.000007
0.000007
0.000007
0.000007
0.000007
0.000007
0.000005
0.000007
0.000005
0.000005
0.000005
0.000006
0.000006
0.000005
0.000005
0.000005
0.000012
0.000005
0.000005
0.000005
0.000005
0.000005
0.000005
0.000005
0.000005
0.000005
0.000005
0.000005
0.000005
0.000005
0.000005
0.000005
0.000007
0.000005
0.000005
0.000007
0.000007
0.000005
0.000007
0.000005
0.000005
0.000006
0.000006
0.000006
0.000006
0.000006
0.000006
0.000006
0.000006
0.000006
0.000006
0.000008
0.000006
0.000006
0.000006
0.000006
0.000006
0.000005
0.000005
0.000005
0.000006
0.000006
0.000006
0.000005
0.000005
0.000005
0.000005
0.000006
0.000006
0.000006
0.000008
0.000008
0.000008
0.000008
0.000009
0.000009
0.000009
0.000009
0.000009
0.000008
0.000008
0.000008
0.000008
0.000008
0.000008
0.000008
0.000009
0.000009
0.000071
0.000010
0.000010
0.000009
0.000009
0.000012
0.000012
0.000008
0.000008
0.000008
0.000008
0.000008
0.000045
0.000042
0.000008
0.000008
0.000008
0.000016
0.000008
0.000055
0.000007
0.000009
0.000007
0.000007
0.000007
0.000007
0.000007
0.000007
0.000007
0.000007
0.000007
0.000005
0.000006
0.000008
0.000006
0.000006
0.000008
0.000006
0.000006
0.000007
0.000006
0.000007
0.000007
0.000007
0.000007
0.000007
0.000007
0.000007
0.000007
0.000007
0.000007
0.000007
0.000007
0.000007
0.000008
0.000006
0.000006
0.000006
0.000006
0.000006
0.000006
0.000010
0.000006
0.000006
0.000006
0.000006
0.000006
0.000006
0.000006
0.000006
0.000006
0.000006
0.000006
0.000006
0.000007
0.000007
0.000006
0.000007
0.000007
0.000006
0.000007
0.000007
0.000007
0.000014
0.000007
0.000007
0.000013
0.000007
0.000007
0.000006
0.000006
0.000006
0.000006
0.000006
0.000006
0.000006
0.000006
0.000006
0.000006
0.000006
0.000006
0.000006
0.000005
0.000005
0.000005
0.000005
0.000005
0.000011
0.000005
0.000005
0.000005
0.000005
0.000005
0.000005
0.000005
0.000005
0.000005
0.000005
0.000005
0.000005
0.000005
0.000005
0.000005
0.000005
0.000005
0.000005
0.000005
0.000011
0.000005
0.000005
0.000005
0.000005
0.000005
0.000005
0.000005
0.000005
0.000005
0.000005
0.000005
0.000005
0.000005
0.000005
0.000005
0.000005
0.000005
0.000005
0.000005
0.000005
0.000005
0.000005
0.000005
0.000005
0.000005
0.000005
0.000005
0.000005
0.000005
0.000005
0.000005
0.000005
0.000005
0.000005
0.000005
0.000005
0.000005
0.000005
0.000005
0.000005
0.000005
0.000005
0.000005
0.000005
0.000005
0.000005
0.000005
0.000005
0.000005
0.000005
0.000005
0.000005
0.000005
0.000005
0.000005
0.000005
0.000005
0.000005
0.000005
0.000005
0.000005
0.000005
0.000005
0.000048
0.000005
0.000005
0.000005
0.000005
0.000005
0.000005
0.000005
0.000025
0.000007
0.000005
0.000005
0.000005
0.000006
0.000005
0.000005
0.000005
0.000005
0.000005
0.000005
0.000005
0.000005
0.000005
0.000005
0.000005
0.000005
0.000005
0.000005
0.000007
0.000005
0.000005
0.000005
0.000005
0.000005
0.000005
0.000005
0.000005
0.000005
0.000005
0.000005
0.000005
0.000005
0.000005
0.000005
0.000005
0.000005
0.000005
0.000005
0.000005
0.000005
0.000005
0.000005
0.000005
0.000005
0.000005
0.000005
0.000005
0.000005
0.000005
0.000005
0.000005
0.000005
0.000006
0.000005
0.000005
0.000005
0.000005
0.000005
0.000005
0.000005
0.000005
0.000005
0.000005
0.000005
0.000005
0.000012
0.000005
0.000005
0.000006
0.000006
0.000006
0.000006
0.000025
0.000025
0.000025
0.000006
0.000006
0.000006
0.000011
0.000005
0.000005
0.000005
0.000006
0.000005
0.000005
0.000006
0.000005
0.000006
0.000006
0.000005
0.000005
0.000005
0.000005
0.000005
0.000005
0.000005
0.000005
0.000005
0.000006
0.000006
0.000005
0.000005
0.000005
0.000005
0.000005
0.000005
0.000005
0.000005
0.000005
0.000005
0.000005
0.000005
0.000005
0.000005
0.000005
0.000005
0.000005
0.000005
0.000005
0.000005
0.000005
0.000005
0.000005
0.000005
