0.007671
0.006915
0.006479
0.006300
0.006269
0.003620
0.003105
0.003170
0.002635
0.002833
0.002927
0.002260
0.002433
0.002310
0.002377
0.002697
0.003024
0.002312
0.002585
0.001343
0.000436
0.000382
0.000420
0.000931
0.000432
0.002259
0.000794
0.000829
0.000436
0.001675
0.000410
0.000461
0.000416
0.000773
0.000864
0.000412
0.000412
0.000589
0.000472
0.000716
0.001262
0.000427
0.000414
0.000406
0.000408
0.000409
0.000402
0.000399
0.000400
0.000400
0.000400
0.000429
0.000398
0.000120
0.000140
0.000161
0.000104
0.000122
0.000103
0.000119
0.000482
0.000771
0.000113
0.000103
0.000096
0.000101
0.000095
0.000094
0.000100
0.000095
0.000095
0.000095
0.000112
0.000098
0.000119
0.000098
0.000106
0.000114
0.000045
0.000042
0.000044
0.000043
0.000043
0.000037
0.000037
0.000037
0.000046
0.000050
0.000043
0.000038
0.000034
0.000036
0.000036
0.000040
0.000043
0.000040
0.000050
0.000320
0.000055
0.000055
0.000329
0.000157
0.000057
0.000052
0.000052
0.000051
0.000051
0.000052
0.000052
0.000052
0.000057
0.000052
0.000052
0.000147
0.000232
0.000054
0.000070
0.000051
0.000030
0.000039
0.000039
0.000039
0.000039
0.000301
0.000043
0.000047
0.000055
0.000055
0.000055
0.000079
0.000063
0.000060
0.000060
0.000150
0.000047
0.000038
0.000037
0.000055
0.000034
0.000034
0.000047
0.000241
0.000042
0.000043
0.000034
0.000034
0.000029
0.000029
0.000029
0.000029
0.000029
0.000029
0.000039
0.000047
0.000040
0.000030
0.000029
0.000033
0.000033
0.000038
0.000033
0.000033
0.000030
0.000029
0.000029
0.000027
0.000027
0.000029
0.000028
0.000030
0.000049
0.000030
0.000030
0.000029
0.000028
0.000028
0.000028
0.000032
0.000035
0.000029
0.000027
0.000027
0.000293
0.000051
0.000031
0.000030
0.000061
0.000038
0.000031
0.000030
0.000035
0.000047
0.000030
0.000031
0.000058
0.000030
0.000156
0.000030
0.000030
0.000030
0.000030
0.000031
0.000031
0.000031
0.000031
0.000031
0.000122
0.000031
0.000031
0.000031
0.000031
0.000076
0.000031
0.000062
0.000030
0.000030
0.000068
0.000035
0.000030
0.000042
0.000030
0.000030
0.000030
0.000030
0.000030
0.000030
0.000135
0.000033
0.000026
0.000026
0.000027
0.000027
0.000027
0.000027
0.000027
0.000031
0.000031
0.000041
0.000027
0.000027
0.000027
0.000027
0.000027
0.000031
0.000027
0.000030
0.000030
0.000030
0.000031
0.000031
0.000031
0.000030
0.000030
0.000028
0.000028
0.000028
0.000024
0.000024
0.000023
0.000024
0.000028
0.000024
0.000024
0.000028
0.000036
0.000028
0.000028
0.000028
0.000029
0.000033
0.000029
0.000023
0.000024
0.000024
0.000024
0.000026
0.000024
0.000024
0.000028
0.000028
0.000024
0.000029
0.000024
0.000026
0.000024
0.000024
0.000024
0.000024
0.000024
0.000024
0.000024
0.000024
0.000024
0.000277
0.000024
0.000024
0.000024
0.000024
0.000024
0.000024
0.000031
0.000031
0.000031
0.000024
0.000024
0.000024
0.000024
0.000024
0.000024
0.000023
0.000024
0.000024
0.000024
0.000024
0.000024
0.000024
0.000024
0.000024
0.000024
0.000037
0.000024
0.000024
0.000024
0.000024
0.000024
0.000024
0.000024
0.000047
0.000024
0.000024
0.000024
0.000024
0.000075
0.000024
0.000041
0.000041
0.000024
0.000024
0.000024
0.000024
0.000080
0.000024
0.000024
0.000024
0.000024
0.000024
0.000024
0.000024
0.000024
0.000024
0.000024
0.000024
0.000024
0.000024
0.000024
0.000024
0.000024
0.000024
0.000024
0.000024
0.000024
0.000024
0.000024
0.000024
0.000024
0.000024
0.000024
0.000024
0.000024
0.000024
0.000024
0.000026
0.000024
0.000039
0.000024
0.000033
0.000033
0.000033
0.000024
0.000032
0.000024
0.000024
0.000024
0.000026
0.000026
0.000026
0.000024
0.000024
0.000026
0.000148
0.000024
0.000024
0.000024
0.000024
0.000023
0.000023
0.000023
0.000023
0.000024
0.000024
0.000024
0.000024
0.000024
0.000024
0.000024
0.000024
0.000024
0.000024
0.000024
0.000032
0.000024
0.000026
0.000026
0.000026
0.000026
0.000026
0.000024
0.000023
0.000023
0.000044
0.000023
0.000023
0.000023
0.000023
0.000023
0.000023
0.000023
0.000023
0.000023
0.000023
0.000023
0.000023
0.000023
0.000023
0.000023
0.000027
0.000023
0.000023
0.000023
0.000023
0.000023
0.000023
0.000023
0.000036
0.000036
0.000039
0.000023
0.000025
0.000024
0.000024
0.000024
0.000036
0.000024
0.000024
0.000024
0.000026
0.000030
0.000026
0.000026
0.000023
0.000023
0.000023
0.000023
0.000023
0.000023
0.000023
0.000023
0.000023
0.000023
0.000024
0.000055
0.000023
0.000023
0.000023
0.000023
0.000023
0.000023
0.000023
0.000023
0.000024
0.000027
0.000023
0.000023
0.000023
0.000023
0.000023
0.000023
0.000034
0.000023
0.000045
0.000023
0.000023
0.000023
0.000023
0.000023
0.000023
0.000023
0.000023
0.000023
0.000023
0.000023
0.000023
0.000023
0.000023
0.000023
0.000023
0.000023
0.000023
0.000023
0.000023
0.000023
0.000023
0.000023
0.000023
0.000023
0.000023
0.000023
0.000023
0.000023
0.000023
0.000023
0.000023
0.000023
0.000044
0.000023
0.000023
0.000023
0.000023
0.000019
0.000023
0.000023
0.000023
0.000023
0.000023
0.000023
0.000023
0.000023
0.000023
0.000025
0.000023
0.000023
0.000024
0.000023
0.000023
0.000023
0.000023
0.000023
0.000023
0.000023
0.000025
0.000023
0.000023
0.000023
0.000023
0.000027
0.000028
0.000028
0.000027
0.000027
0.000023
0.000023
0.000023
0.000023
0.000023
0.000023
0.000023
0.000028
0.000023
0.000028
0.000028
0.000023
0.000023
0.000023
0.000023
0.000025
0.000025
0.000024
0.000025
0.000025
0.000025
0.000025
0.000025
0.000025
0.000023
0.000023
0.000023
0.000023
0.000023
0.000023
0.000023
0.000023
0.000023
0.000023
0.000023
0.000023
0.000023
0.000023
0.000024
0.000023
0.000025
0.000023
0.000023
0.000023
0.000023
0.000023
0.000023
0.000023
0.000029
0.000029
0.000023
0.000023
0.000023
0.000023
0.000023
0.000032
0.000023
0.000023
0.000023
0.000023
0.000023
0.000023
0.000035
0.000023
0.000023
0.000024
0.000024
0.000023
0.000023
0.000023
0.000023
0.000023
0.000023
0.000023
0.000025
0.000025
0.000023
0.000067
0.000023
0.000023
0.000023
0.000023
0.000027
0.000023
0.000023
0.000023
0.000023
0.000023
0.000023
0.000023
0.000023
0.000023
0.000023
0.000023
0.000023
0.000023
0.000023
0.000023
0.000023
0.000023
0.000023
0.000023
0.000023
0.000023
0.000023
0.000023
0.000023
0.000023
0.000023
0.000023
0.000023
0.000023
0.000023
0.000023
0.000023
0.000023
0.000023
0.000023
0.000023
0.000023
0.000023
0.000023
0.000023
0.000023
0.000023
0.000023
0.000023
0.000023
0.000023
0.000023
0.000023
0.000023
0.000023
0.000036
0.000023
0.000023
0.000023
0.000023
0.000023
0.000023
0.000023
0.000023
0.000029
0.000023
0.000030
0.000030
0.000030
0.000030
0.000023
0.000023
0.000023
0.000023
0.000023
0.000023
0.000023
0.000023
0.000023
0.000023
0.000024
0.000023
0.000023
0.000023
0.000023
0.000023
0.000023
0.000023
0.000023
0.000023
0.000055
0.000023
0.000023
0.000023
0.000025
0.000036
0.000023
0.000023
0.000023
0.000023
0.000023
0.000023
0.000038
0.000023
0.000023
0.000023
0.000023
0.000023
0.000023
0.000023
0.000023
0.000023
0.000023
0.000023
0.000023
0.000023
0.000035
0.000021
0.000022
0.000025
0.000025
0.000027
0.000027
0.000027
0.000027
0.000027
0.000027
0.000027
0.000027
0.000023
0.000023
0.000023
0.000052
0.000023
0.000023
0.000023
0.000023
0.000023
0.000023
0.000027
0.000023
0.000023
0.000023
0.000023
0.000022
0.000022
0.000022
0.000023
0.000023
0.000023
0.000023
0.000023
0.000023
0.000023
0.000022
0.000023
0.000023
0.000032
0.000032
0.000032
0.000031
0.000032
0.000032
0.000032
0.000032
0.000032
0.000032
0.000032
0.000023
0.000023
0.000023
0.000023
0.000026
0.000024
0.000024
0.000024
0.000024
0.000024
0.000024
0.000024
0.000024
0.000024
0.000024
0.000024
0.000024
0.000024
0.000024
0.000024
0.000024
0.000024
0.000024
0.000028
0.000024
0.000024
0.000024
0.000024
0.000024
0.000024
0.000024
0.000035
0.000024
0.000056
0.000024
0.000024
0.000024
0.000024
0.000024
0.000024
0.000028
0.000028
0.000028
0.000028
0.000024
0.000024
0.000024
0.000024
0.000028
0.000024
0.000024
0.000024
0.000024
0.000027
0.000033
0.000034
0.000023
0.000023
0.000023
0.000023
0.000023
0.000023
0.000023
0.000023
0.000023
0.000035
0.000023
0.000023
0.000023
0.000023
0.000023
0.000023
0.000023
0.000023
0.000023
0.000023
0.000023
0.000023
0.000023
0.000023
0.000023
0.000023
0.000028
0.000023
0.000034
0.000023
0.000023
0.000023
0.000023
0.000023
0.000024
0.000023
0.000023
0.000023
0.000023
0.000023
0.000023
0.000023
0.000023
0.000023
0.000023
0.000023
0.000036
0.000023
0.000023
0.000023
0.000023
0.000023
0.000023
0.000023
0.000023
0.000023
0.000023
0.000023
0.000023
0.000023
0.000023
0.000023
0.000029
0.000023
0.000023
0.000023
0.000023
0.000023
0.000023
0.000023
0.000023
0.000023
0.000023
0.000023
0.000023
0.000023
0.000023
0.000028
0.000023
0.000023
0.000034
0.000023
0.000023
0.000028
0.000028
0.000023
0.000023
0.000023
0.000034
0.000023
0.000023
0.000023
0.000023
0.000023
0.000023
0.000023
0.000023
0.000036
0.000036
0.000036
0.000036
0.000036
0.000023
0.000023
0.000023
0.000023
0.000023
0.000023
0.000023
0.000023
0.000023
0.000023
0.000023
0.000023
0.000023
0.000023
0.000023
0.000023
0.000023
0.000023
0.000023
0.000023
0.000023
0.000023
0.000023
0.000027
0.000023
0.000023
0.000023
0.000023
0.000023
0.000023
0.000023
0.000023
0.000023
0.000023
0.000023
0.000023
0.000023
