0.001953
0.001464
0.001328
0.001775
0.000972
0.001577
0.001250
0.001495
0.001331
0.001536
0.001275
0.002066
0.001023
0.000592
0.001602
0.000836
0.000754
0.001375
0.001021
0.001295
0.001673
0.000616
0.001240
0.001123
0.001714
0.000693
0.001262
0.001862
0.002187
0.001324
0.001550
0.000597
0.000410
0.000786
0.000625
0.002194
0.000354
0.001947
0.001002
0.001343
0.000319
0.000906
0.000594
0.001199
0.000826
0.000491
0.000763
0.000969
0.000601
0.001074
0.001319
0.001192
0.001627
0.000891
0.000752
0.000807
0.000862
0.000798
0.000634
0.001413
0.000883
0.001260
0.001386
0.000623
0.000512
0.001462
0.001146
0.000971
0.001269
0.000831
0.000298
0.001080
0.000713
0.000883
0.000713
0.000412
0.001190
0.000679
0.000385
0.000901
0.001160
0.000772
0.001196
0.000795
0.000472
0.000550
0.000602
0.000930
0.000350
0.001213
0.000537
0.000609
0.000788
0.000750
0.000574
0.001102
0.000325
0.000375
0.000124
0.001081
0.000923
0.000886
0.000632
0.000716
0.000390
0.000881
0.000863
0.000210
0.001365
0.000774
0.000829
0.000685
0.000577
0.000471
0.000653
0.000943
0.000402
0.000947
0.000647
0.000796
0.001212
0.000520
0.000587
0.000957
0.000579
0.000468
0.001365
0.000478
0.001134
0.000859
0.000402
0.000109
0.000124
0.000418
0.000496
0.000308
0.000559
0.001112
0.000341
0.000572
0.000243
0.000459
0.000275
0.000430
0.000379
0.000658
0.000556
0.000318
0.000853
0.000602
0.000826
0.001194
0.000630
0.000506
0.001095
0.000566
0.000525
0.000587
0.001269
0.000501
0.000142
0.000307
0.000536
0.001101
0.000336
0.000553
0.000256
0.000351
0.000145
0.000521
0.000578
0.000912
0.000148
0.000190
0.000191
0.000145
0.000304
0.000746
0.000470
0.000304
0.000512
0.000090
0.000170
0.000222
0.001002
0.000403
0.000645
0.000353
0.000824
0.000209
0.000490
0.000649
0.000340
0.000292
0.000470
0.000334
0.000750
0.000705
0.000320
0.000368
0.000579
0.000356
0.000253
0.000824
0.000229
0.000112
0.000504
0.000345
0.000212
0.000255
0.000195
0.000542
0.000411
0.000126
0.000241
0.000067
0.000361
0.000514
0.000053
0.000147
0.000441
0.000727
0.000454
0.000466
0.000128
0.000420
0.000047
0.000104
0.000088
0.000324
0.000390
0.000026
0.000525
0.000272
0.000097
0.000196
0.000102
0.000050
0.000340
0.000529
0.000717
0.000277
0.001032
0.000560
0.000455
0.000070
0.000090
0.000326
0.000200
0.000568
0.000132
0.000040
0.000035
0.000120
0.000479
0.000078
0.000181
0.000377
0.000980
0.000580
0.000104
0.000104
0.000249
0.000123
0.000055
0.000063
0.000682
0.000089
0.000043
0.000316
0.000061
0.000075
0.000363
0.000038
0.000470
0.000517
0.000090
0.000470
0.000039
0.000308
0.000025
0.000203
0.000126
0.000044
0.000269
0.000301
0.000028
0.000025
0.000942
0.000421
0.000690
0.000060
0.000371
0.000081
0.000599
0.000084
0.000034
0.000045
0.000492
0.000986
0.000819
0.000022
0.000038
0.000117
0.000064
0.000049
0.000294
0.000234
0.000035
0.000375
0.000073
0.000640
0.000427
0.000429
0.000092
0.000062
0.000391
0.000171
0.000042
0.000030
0.000836
0.000438
0.000065
0.000521
0.000153
0.000338
0.000036
0.000031
0.000351
0.000151
0.000071
0.000266
0.000037
0.000171
0.000030
0.000211
0.000045
0.000062
0.000478
0.000349
0.000239
0.000114
0.000118
0.000326
0.000066
0.000321
0.000029
0.000050
0.000025
0.000043
0.000039
0.000236
0.000086
0.000309
0.000117
0.000217
0.000549
0.000053
0.000118
0.000270
0.000074
0.000214
0.000856
0.000373
0.000218
0.000034
0.000043
0.000128
0.000265
0.000065
0.000048
0.000108
0.000052
0.000295
0.000307
0.000057
0.000095
0.000044
0.000753
0.000134
0.000022
0.000124
0.000067
0.000055
0.000065
0.000473
0.000501
0.000362
0.000029
0.000030
0.000092
0.000109
0.000482
0.000063
0.000590
0.000028
0.000100
0.000093
0.000656
0.000062
0.000120
0.000296
0.000163
0.000280
0.000024
0.000035
0.000066
0.000271
0.000028
0.000033
0.000229
0.000039
0.000059
0.000058
0.000131
0.000477
0.000038
0.001028
0.000061
0.000373
0.000328
0.000042
0.000092
0.000237
0.000067
0.000025
0.000027
0.000066
0.000060
0.000463
0.000033
0.000024
0.000384
0.000048
0.000270
0.000286
0.000072
0.000045
0.000083
0.000135
0.000192
0.000056
0.000161
0.000028
0.000073
0.000064
0.000051
0.000019
0.000049
0.000041
0.000303
0.000022
0.000047
0.000228
0.000022
0.000100
0.000086
0.000044
0.000114
0.000031
0.000032
0.000032
0.000108
0.000293
0.000045
0.000077
0.000030
0.000025
0.000127
0.000104
0.000236
0.000210
0.000023
0.000023
0.000065
0.000106
0.000157
0.000026
0.000025
0.000045
0.000093
0.000221
0.000291
0.000707
0.000036
0.000178
0.000066
0.000029
0.000030
0.000133
0.000113
0.000173
0.000345
0.000028
0.000071
0.000025
0.000195
0.000208
0.000178
0.000052
0.000083
0.000126
0.000298
0.000061
0.000019
0.000209
0.000289
0.000590
0.000568
0.000140
0.000031
0.000019
0.000072
0.000032
0.000290
0.000104
0.000210
0.000297
0.000073
0.000140
0.000129
0.000073
0.000193
0.000024
0.000167
0.000057
0.000090
0.000233
0.000066
0.000806
0.000050
0.000060
0.000017
0.000170
0.000130
0.000017
0.000015
0.000023
0.000020
0.000122
0.000184
0.000434
0.000021
0.000043
0.000044
0.000061
0.000063
0.000030
0.000187
0.000151
0.000227
0.000064
0.000044
0.000024
0.000055
0.000261
0.000139
0.000063
0.000234
0.000069
0.000024
0.000045
0.000033
0.000026
0.000124
0.000029
0.000018
0.000025
0.000145
0.000017
0.000031
0.000061
0.000067
0.000015
0.000015
0.000081
0.000016
0.000062
0.000741
0.000038
0.000175
0.000069
0.000044
0.000036
0.000080
0.000017
0.000052
0.000074
0.000279
0.000042
0.000023
0.000081
0.000014
0.000104
0.000360
0.000152
0.000282
0.000017
0.000047
0.000225
0.000292
0.000018
0.000014
0.000565
0.000019
0.000107
0.000687
0.000093
0.000087
0.000316
0.000541
0.000098
0.000124
0.000214
0.000048
0.000108
0.000146
0.000213
0.000024
0.000035
0.000050
0.000245
0.000339
0.000022
0.000070
0.000042
0.000048
0.000025
0.000416
0.000176
0.000095
0.000109
0.000014
0.000014
0.000014
0.000017
0.000409
0.000018
0.000297
0.000014
0.000054
0.000025
0.000016
0.000031
0.000031
0.000068
0.000027
0.000026
0.000021
0.000105
0.000057
0.000192
0.000018
0.000019
0.000190
0.000065
0.000218
0.000037
0.000215
0.000086
0.000021
0.000064
0.000071
0.000117
0.000394
0.000086
0.000017
0.000017
0.000039
0.000146
0.000088
0.000060
0.000371
0.000204
0.000026
0.000232
0.000014
0.000038
0.000018
0.000187
0.000089
0.000073
0.000152
0.000017
0.000196
0.000016
0.000100
0.000014
0.000014
0.000049
0.000021
0.000021
0.000021
0.000065
0.000014
0.000021
0.000015
0.000014
0.000014
0.000030
0.000394
0.000072
0.000047
0.000014
0.000062
0.000626
0.000014
0.000498
0.000063
0.000056
0.000039
0.000165
0.000283
0.000014
0.000033
0.000014
0.000276
0.000060
0.000014
0.000022
0.000314
0.000315
0.000043
0.000266
0.000281
0.000132
0.000030
0.000054
0.000030
0.000018
0.000018
0.000078
0.000034
0.000017
0.000027
0.000016
0.000016
0.000027
0.000016
0.000016
0.000018
0.000048
0.000092
0.000016
0.000040
0.000049
0.000016
0.000020
0.000020
0.000030
0.000403
0.000055
0.000079
0.000046
0.000045
0.000016
0.000098
0.000125
0.000216
0.000120
0.000067
0.000061
0.000026
0.000026
0.000060
0.000297
0.000017
0.000020
0.000093
0.000043
0.000043
0.000064
0.000013
0.000012
0.000128
0.000165
0.000360
0.000036
0.000073
0.000064
0.000025
0.000014
0.000026
0.000019
0.000014
0.000019
0.000030
0.000014
0.000305
0.000021
0.000031
0.000026
0.000044
0.000019
0.000019
0.000063
0.000019
0.000091
0.000092
0.000014
0.000014
0.000014
0.000014
0.000025
0.000028
0.000014
0.000114
0.000067
0.000018
0.000264
0.000014
0.000244
0.000132
0.000077
0.000157
0.000604
0.000038
0.000015
0.000049
0.000052
0.000014
0.000094
0.000014
0.000036
0.000102
0.000014
0.000021
0.000177
0.000028
0.000026
0.000024
0.000014
0.000057
0.000056
0.000114
0.000255
0.000180
0.000023
0.000084
0.000034
0.000279
0.000014
0.000023
0.000014
0.000022
0.000027
0.000022
0.000023
0.000016
0.000027
0.000085
0.000176
0.000050
0.000266
0.000219
0.000014
0.000014
0.000014
0.000015
0.000095
0.000104
0.000019
0.000018
0.000131
0.000148
0.000079
0.000072
0.000035
0.000078
0.000035
0.000048
0.000014
0.000014
0.000165
0.000067
0.000043
0.000089
0.000280
0.000014
0.000014
0.000227
0.000017
0.000017
0.000014
0.000110
0.000024
0.000014
0.000028
0.000014
0.000251
0.000197
0.000040
0.000038
0.000268
0.000014
0.000677
0.000134
0.000103
0.000277
0.000035
0.000036
0.000061
0.000063
0.000014
0.000014
0.000014
0.000350
0.000014
0.000222
0.000079
0.000089
0.000014
0.000014
0.000063
0.000072
0.000018
0.000018
0.000027
0.000016
0.000014
0.000041
0.000032
0.000026
0.000037
0.000015
0.000014
0.000049
0.000271
0.000014
0.000020
0.000040
0.000014
0.000053
0.000019
0.000097
0.000051
0.000014
0.000120
0.000033
0.000024
0.000146
0.000337
0.000133
0.000086
0.000298
0.000065
0.000035
0.000063
0.000118
0.000070
0.000013
0.000012
0.000016
0.000012
0.000043
0.000014
0.000059
0.000068
0.000132
0.000023
0.000135
0.000029
0.000243
0.000014
0.000014
0.000014
0.000014
0.000268
0.000014
0.000036
0.000036
0.000014
0.000073
0.000013
0.000014
0.000024
0.000014
0.000015
0.000043
0.000202
0.000014
0.000014
0.000017
0.000085
0.000014
0.000014
0.000014
0.000033
0.000012
0.000020
0.000020
0.000021
0.000122
0.000099
0.000076
0.000016
0.000032
0.000019
0.000019
0.000019
