0.002662
0.056140
0.015454
0.045380
0.005056
0.056792
0.013182
0.042370
0.000000
0.052770
0.007305
0.038096
0.004135
0.053001
0.004268
0.034687
0.004494
0.051673
0.010987
0.036671
0.008281
0.051769
0.008159
0.033344
0.006903
0.049551
0.013142
0.034422
0.010447
0.049555
0.010529
0.032429
0.013823
0.054438
0.021856
0.041267
0.017358
0.054559
0.019636
0.038307
0.006922
0.060759
0.014014
0.047283
0.010995
0.061086
0.010981
0.044014
0.004383
0.056342
0.004106
0.039286
0.007656
0.056310
0.002362
0.035621
0.007443
0.054739
0.007994
0.038125
0.010567
0.054663
0.004558
0.034610
0.008516
0.052143
0.010311
0.036111
0.011577
0.052057
0.007218
0.032739
0.013901
0.056239
0.018805
0.042749
0.017113
0.056341
0.016216
0.039717
0.019048
0.068029
0.027343
0.056492
0.022910
0.068410
0.024800
0.053580
0.015105
0.063108
0.017643
0.048748
0.018361
0.063219
0.014486
0.045509
0.015952
0.060580
0.019894
0.046912
0.019171
0.060696
0.017086
0.043821
0.014968
0.057119
0.020710
0.044287
0.018229
0.057273
0.018247
0.041339
0.019928
0.060079
0.027497
0.049973
0.021666
0.060460
0.025537
0.047359

0.165643
0.259827
0.259827
0.212627
0.349277
0.252167
0.252167
0.211556
0.342546
0.247859
0.212007
0.211193
0.331468
0.241180
0.240885
0.210990
0.360599
0.259827
0.084345
0.212627
0.349277
0.252167
0.153303
0.211556
0.378865
0.273257
0.074087
0.215654
0.367436
0.264700
0.072721
0.213567
0.397131
0.287989
0.112507
0.220393
0.385726
0.278638
0.179775
0.217226
0.183440
0.276825
0.000000
0.216675
0.172005
0.268059
0.064029
0.214323
0.165159
0.263054
0.074924
0.213228
0.353793
0.255160
0.000103
0.211912
0.383440
0.276825
0.077107
0.216675
0.372005
0.268059
0.071512
0.214323
0.401673
0.291855
0.091856
0.221852
0.390295
0.282323
0.082367
0.218411
0.419655
0.307956
0.108238
0.228793
0.408456
0.297778
0.101231
0.224248
0.211243
0.295788
0.101103
0.223422
0.394855
0.286083
0.120259
0.219705
0.388011
0.280471
0.080556
0.217805
0.376578
0.271504
0.072870
0.215183
0.406200
0.295788
0.095788
0.223422
0.394855
0.286083
0.086093
0.219705
0.424090
0.312125
0.112125
0.230803
0.412954
0.301805
0.101805
0.225984
0.441505
0.329278
0.129278
0.239921
0.430685
0.318474
0.118484
0.234022

0.477961
0.346640
0.346640
0.214683
0.480999
0.423820
0.423820
0.224119
0.475553
0.243631
0.243631
0.218842
0.478843
0.313779
0.313779
0.028451
0.474487
0.350487
0.350487
0.223004
0.478017
0.428403
0.428403
0.232467
0.480410
0.469917
0.469917
0.238208
0.484843
0.522797
0.522797
0.248183
0.487761
0.543822
0.543822
0.254714
0.493043
0.565128
0.565128
0.267534
0.473204
0.459645
0.459645
0.120035
0.475373
0.501465
0.501465
0.006819
0.470549
0.362125
0.362125
0.000000
0.472788
0.435438
0.435438
0.009523
0.469229
0.461916
0.461916
0.128060
0.471549
0.504538
0.504538
0.015033
0.473240
0.520240
0.520240
0.222234
0.476536
0.535843
0.535843
0.236936
0.478792
0.542061
0.542061
0.248319
0.483004
0.551013
0.551013
0.273997
0.470081
0.511063
0.511063
0.205616
0.472343
0.522549
0.522549
0.222269
0.469148
0.479313
0.479313
0.205795
0.471477
0.513264
0.513264
0.017156
0.470083
0.515902
0.515902
0.213937
0.472270
0.527997
0.527997
0.230547
0.474005
0.533418
0.533418
0.243718
0.477477
0.541906
0.541906
0.273676
0.479881
0.547036
0.547036
0.297885
0.484387
0.555772
0.555772
0.350790

0.019261
0.296450
0.296450
0.000210
0.032030
0.343241
0.343241
0.004192
0.007207
0.356980
0.356980
0.000000
0.013698
0.387351
0.387351
0.000021
0.002122
0.365063
0.365063
0.000000
0.005113
0.383523
0.383523
0.000000
0.001439
0.330699
0.330699
0.000000
0.004841
0.355507
0.157830
0.000021
0.009041
0.368006
0.368006
0.000210
0.022384
0.383739
0.383739
0.004192
0.005425
0.365013
0.365013
0.042068
0.010753
0.389970
0.389970
0.215416
0.001570
0.358732
0.358732
0.000769
0.004220
0.378186
0.378186
0.011332
0.002021
0.319942
0.319942
0.000001
0.006450
0.346086
0.146089
0.000103
0.010352
0.277002
0.077002
0.000763
0.024685
0.303501
0.103501
0.011332
0.038746
0.319947
0.319947
0.042068
0.073149
0.346086
0.146089
0.215416
0.001262
0.350495
0.350495
0.392850
0.003836
0.371669
0.371669
0.400000
0.003050
0.308985
0.308985
0.088994
0.009013
0.335978
0.335978
0.314356
0.014900
0.267209
0.267209
0.002438
0.033410
0.292650
0.292650
0.027822
0.050470
0.235155
0.235155
0.088675
0.089301
0.253759
0.056082
0.314304
0.116661
0.267209
0.267209
0.392835
0.159822
0.292650
0.292650
0.399999

0.160375
0.210917
0.039653
0.376961
0.163059
0.222055
0.028086
0.393036
0.156451
0.218085
0.020051
0.331059
0.158963
0.231889
0.032095
0.403269
0.153234
0.229787
0.029825
0.000000
0.155804
0.246077
0.046078
0.097137
0.151287
0.245673
0.047639
0.001785
0.154283
0.263775
0.063981
0.009294
0.156544
0.275029
0.103766
0.013070
0.161219
0.294078
0.100108
0.018659
0.155563
0.220586
0.021438
0.392688
0.158062
0.235047
0.035117
0.405028
0.152601
0.233397
0.033407
0.399683
0.155238
0.250224
0.050224
0.409020
0.151089
0.250182
0.050182
0.401341
0.154261
0.268573
0.068573
0.408866
0.151894
0.269605
0.069615
0.010075
0.156073
0.288314
0.088314
0.258797
0.159287
0.299424
0.100276
0.008677
0.165945
0.317357
0.117426
0.013627
0.152057
0.237259
0.065996
0.400663
0.154787
0.254572
0.060603
0.409324
0.151034
0.254859
0.056826
0.401911
0.154413
0.273460
0.073666
0.408328
0.152579
0.274649
0.074688
0.399829
0.157083
0.293211
0.093212
0.404789
0.157855
0.294539
0.096506
0.395715
0.163848
0.311608
0.111814
0.399872
0.168424
0.321249
0.149985
0.047233
0.177680
0.336054
0.142085
0.394730

0.180362
0.241348
0.041405
0.061563
0.298631
0.272445
0.072446
0.066701
0.238217
0.193545
0.001069
0.056843
0.253784
0.222978
0.023442
0.059358
0.215996
0.151339
0.089108
0.054943
0.230160
0.176902
0.005786
0.055884
0.190766
0.117064
0.117064
0.054456
0.217743
0.137482
0.130536
0.054658
0.170004
0.091484
0.091484
0.054417
0.223089
0.106457
0.106457
0.054424
0.053911
0.303187
0.103187
0.074055
0.061744
0.332467
0.132467
0.084055
0.072783
0.253752
0.053764
0.063381
0.251370
0.284848
0.084848
0.069352
0.237949
0.202408
0.005098
0.057696
0.244519
0.235088
0.035208
0.060762
0.221407
0.161206
0.045148
0.055237
0.233581
0.187900
0.000000
0.056484
0.197348
0.124822
0.124793
0.054507
0.220146
0.146591
0.109277
0.054830
0.053870
0.359240
0.159298
0.097075
0.054624
0.382836
0.182836
0.113391
0.052385
0.308334
0.115858
0.077715
0.053546
0.343094
0.143558
0.088882
0.052240
0.204098
0.141868
0.065510
0.223182
0.277316
0.106200
0.072386
0.240871
0.210153
0.210153
0.058748
0.246436
0.247098
0.240152
0.062435
0.226311
0.171519
0.171519
0.055638
0.236784
0.199279
0.199279
0.057246

0.411572
0.474155
0.307266
0.011572
0.417640
0.480020
0.227613
0.017640
0.402242
0.464440
0.189220
0.002242
0.408013
0.470555
0.169677
0.008548
0.393500
0.454417
0.160204
0.020279
0.398888
0.460711
0.160296
0.398886
0.385471
0.444216
0.156186
0.385471
0.390399
0.450605
0.157372
0.390399
0.393500
0.454417
0.160204
0.393500
0.398888
0.460711
0.160296
0.398888
0.201268
0.461958
0.176117
0.000000
0.405679
0.468126
0.165619
0.013725
0.391421
0.451878
0.158496
0.182649
0.396701
0.458204
0.159390
0.396701
0.383588
0.441653
0.155767
0.383588
0.388391
0.448053
0.156839
0.388391
0.376600
0.431427
0.154706
0.376600
0.380863
0.437811
0.155269
0.380863
0.383588
0.441653
0.155767
0.383588
0.388391
0.448053
0.156839
0.388391
0.189389
0.449330
0.298914
0.386156
0.194556
0.455683
0.217712
0.394556
0.181760
0.439091
0.183272
0.381759
0.386432
0.445496
0.162241
0.386432
0.374995
0.428888
0.156487
0.374995
0.379116
0.435253
0.155212
0.379116
0.369171
0.418871
0.154388
0.369171
0.372698
0.425102
0.154421
0.372698
0.374995
0.428888
0.156487
0.374995
0.379116
0.435253
0.155212
0.379116

0.134092
0.324597
0.213552
0.038628
0.184409
0.310454
0.195375
0.050103
0.241981
0.263540
0.160180
0.018836
0.325070
0.244349
0.136016
0.030710
0.300280
0.287667
0.193296
0.000000
0.309627
0.274240
0.174113
0.011787
0.315371
0.330304
0.226944
0.022421
0.325150
0.329293
0.220961
0.032134
0.331128
0.355679
0.244635
0.050155
0.341251
0.363617
0.248538
0.055877
0.126966
0.265007
0.163782
0.037437
0.136477
0.245988
0.139579
0.048528
0.113270
0.199958
0.108005
0.020003
0.137857
0.188107
0.090230
0.030819
0.164327
0.228206
0.146446
0.003121
0.301664
0.209607
0.121387
0.013609
0.312470
0.292615
0.200661
0.020459
0.321440
0.276492
0.178615
0.030925
0.326966
0.339997
0.238773
0.039969
0.336396
0.335472
0.229063
0.049459
0.123919
0.314953
0.225475
0.038408
0.132524
0.300956
0.205399
0.048021
0.110861
0.254042
0.174931
0.022060
0.118930
0.234703
0.149035
0.031710
0.098919
0.278818
0.210488
0.007763
0.111624
0.264926
0.189835
0.016490
0.138014
0.320806
0.241695
0.025645
0.276664
0.319648
0.233980
0.033134
0.322943
0.346035
0.256557
0.049936
0.332524
0.354119
0.258563
0.053795

0.399063
0.599062
0.599062
0.047853
0.399101
0.599062
0.599062
0.142008
0.399280
0.599062
0.599062
0.003342
0.401260
0.599062
0.599062
0.020207
0.405976
0.599062
0.599062
0.000401
0.432885
0.599062
0.599062
0.000578
0.470676
0.599062
0.599062
0.012236
0.559470
0.599062
0.599062
0.002332
0.591395
0.597950
0.597950
0.070003
0.599046
0.599061
0.599061
0.025895
0.399062
0.599062
0.599062
0.291537
0.399062
0.599058
0.599058
0.386449
0.399062
0.598898
0.598898
0.075910
0.399072
0.591552
0.591552
0.199317
0.399134
0.599062
0.599062
0.007476
0.399996
0.599058
0.599058
0.035815
0.402339
0.599062
0.599062
0.000000
0.417856
0.599062
0.599062
0.002073
0.443308
0.599062
0.599062
0.006846
0.524386
0.599062
0.599062
0.000841
0.399063
0.599062
0.599062
0.400166
0.399101
0.599062
0.599062
0.399228
0.200371
0.599062
0.599062
0.342757
0.401260
0.599062
0.599062
0.396221
0.205976
0.599062
0.599062
0.118064
0.232885
0.599062
0.599062
0.261709
0.271768
0.599062
0.599062
0.027980
0.559470
0.599062
0.599062
0.063162
0.591395
0.599062
0.599062
0.070891
0.599046
0.599062
0.599062
0.031910

0.096701
0.227853
0.028385
0.193956
0.105866
0.233674
0.037751
0.194592
0.141727
0.237314
0.048621
0.195399
0.316958
0.243611
0.089765
0.037549
0.321680
0.247516
0.135810
0.000490
0.329568
0.254220
0.224851
0.001675
0.334305
0.258350
0.253227
0.203675
0.342197
0.265395
0.265385
0.047646
0.346924
0.269711
0.269711
0.209885
0.354778
0.277036
0.277036
0.214360
0.112249
0.239800
0.039801
0.190277
0.120105
0.246204
0.046242
0.003654
0.124833
0.250170
0.050372
0.000000
0.132841
0.256965
0.058874
0.002987
0.141876
0.261145
0.066960
0.005111
0.331854
0.268266
0.095767
0.009043
0.350070
0.272623
0.130969
0.011756
0.357908
0.280008
0.220548
0.016267
0.362588
0.284505
0.266225
0.213440
0.370341
0.292096
0.291852
0.029909
0.127989
0.252861
0.052861
0.201048
0.137309
0.259743
0.059743
0.204383
0.173228
0.263971
0.063971
0.206627
0.348497
0.271164
0.071174
0.050978
0.353210
0.275559
0.075628
0.015146
0.361030
0.283001
0.083833
0.018240
0.365697
0.287528
0.090342
0.221313
0.373423
0.295162
0.110589
0.066961
0.378023
0.299787
0.135695
0.230143
0.385622
0.307557
0.212963
0.236089

0.385413
0.435125
0.435125
0.426744
0.420082
0.434902
0.434902
0.425183
0.424026
0.434692
0.434692
0.424175
0.428113
0.434226
0.434226
0.422362
0.429787
0.433879
0.433879
0.421189
0.431818
0.433196
0.433196
0.419073
0.432714
0.432725
0.432725
0.056850
0.433815
0.431839
0.431839
0.015172
0.434289
0.431247
0.431247
0.013498
0.434830
0.430163
0.430163
0.010344
0.425919
0.434523
0.434523
0.423470
0.429275
0.434000
0.434000
0.421588
0.430695
0.433622
0.433622
0.420368
0.432437
0.432887
0.432887
0.418163
0.433207
0.432385
0.432385
0.416720
0.434145
0.431449
0.431449
0.414071
0.434540
0.430828
0.430828
0.412299
0.434971
0.429694
0.429694
0.408909
0.235125
0.428952
0.428952
0.393803
0.339523
0.427613
0.427613
0.000000
0.437154
0.440555
0.440555
0.429995
0.438772
0.439979
0.439979
0.428313
0.439506
0.439580
0.439580
0.427236
0.440428
0.438830
0.438830
0.425317
0.433155
0.438330
0.438330
0.424083
0.441302
0.437413
0.437413
0.421871
0.241477
0.436814
0.436814
0.420437
0.247010
0.435732
0.435732
0.417830
0.241618
0.435033
0.435033
0.416108
0.241497
0.433782
0.433782
0.412877

0.158096
0.368974
0.206092
0.219575
0.227277
0.353950
0.197374
0.208337
0.326190
0.344724
0.149301
0.202251
0.307473
0.329072
0.185503
0.193259
0.328961
0.340843
0.202931
0.190452
0.311517
0.323211
0.195463
0.181961
0.358953
0.368542
0.216454
0.207304
0.339922
0.351333
0.207763
0.196308
0.391086
0.395061
0.232179
0.227898
0.370783
0.378652
0.222076
0.214613
0.159495
0.368240
0.060743
0.204805
0.140810
0.350537
0.210698
0.193909
0.130060
0.339771
0.005826
0.188124
0.117450
0.321718
0.000000
0.179766
0.320928
0.335309
0.059739
0.181390
0.320458
0.315932
0.210273
0.173557
0.363072
0.366378
0.232433
0.197265
0.345917
0.346988
0.223513
0.186860
0.392360
0.396739
0.247910
0.217184
0.373802
0.377891
0.238052
0.204272
0.199325
0.402198
0.039316
0.230997
0.268427
0.385503
0.029063
0.217206
0.367218
0.375206
0.023118
0.209591
0.348172
0.357662
0.014092
0.198081
0.370190
0.374067
0.036155
0.201873
0.352667
0.354765
0.027153
0.190830
0.400001
0.404127
0.057570
0.222765
0.381127
0.385488
0.236805
0.209255
0.431597
0.432604
0.269723
0.247274
0.411671
0.415020
0.258444
0.231560

0.281734
0.599999
0.599999
0.000044
0.363722
0.599999
0.599999
0.000000
0.210852
0.599999
0.599999
0.003737
0.247291
0.599999
0.599999
0.000294
0.217852
0.599999
0.599999
0.071435
0.294422
0.599999
0.599999
0.013135
0.371391
0.599999
0.599999
0.296725
0.442351
0.599999
0.599999
0.146790
0.481734
0.599999
0.599999
0.591789
0.563674
0.599999
0.599999
0.423436
0.205441
0.599999
0.599999
0.000095
0.225370
0.599999
0.599999
0.000001
0.200197
0.599999
0.599999
0.009343
0.201819
0.599999
0.599999
0.000679
0.200097
0.599999
0.599999
0.177865
0.201846
0.599999
0.599999
0.033796
0.207710
0.599999
0.599999
0.437074
0.252765
0.599999
0.599999
0.322352
0.319892
0.599999
0.599999
0.585122
0.421912
0.599999
0.599999
0.487622
0.200068
0.599999
0.599999
0.022503
0.200844
0.599999
0.599999
0.002101
0.200344
0.599999
0.599999
0.275529
0.204793
0.599999
0.599999
0.071179
0.217339
0.599993
0.599993
0.467891
0.290591
0.599999
0.599999
0.390842
0.360883
0.599999
0.599999
0.597746
0.399853
0.599999
0.599999
0.532151
0.400067
0.599999
0.599999
0.599999
0.400795
0.599999
0.599999
0.599987

0.399999
0.400000
0.400000
0.057365
0.400000
0.400000
0.400000
0.009192
0.400000
0.400000
0.400000
0.002433
0.400000
0.400000
0.400000
0.000160
0.400000
0.400000
0.400000
0.000020
0.400000
0.400000
0.400000
0.000000
0.400000
0.400000
0.400000
0.000000
0.400000
0.400000
0.200098
0.000000
0.400000
0.400000
0.400000
0.000020
0.400000
0.400000
0.400000
0.000000
0.006715
0.400000
0.400000
0.380315
0.207920
0.400000
0.400000
0.213272
0.355703
0.400000
0.400000
0.104251
0.400000
0.400000
0.400000
0.020207
0.400000
0.400000
0.274859
0.006025
0.400000
0.400000
0.200000
0.000521
0.400000
0.400000
0.200000
0.000084
0.400000
0.400000
0.200000
0.000001
0.400000
0.400000
0.274859
0.006025
0.400000
0.400000
0.200000
0.000521
0.000000
0.400000
0.400000
0.400000
0.000000
0.400000
0.400000
0.399983
0.000006
0.400000
0.400000
0.397224
0.200471
0.400000
0.400000
0.296369
0.227079
0.400000
0.400000
0.172629
0.400000
0.400000
0.400000
0.041278
0.400000
0.400000
0.400000
0.013756
0.400000
0.400000
0.200098
0.001494
0.400000
0.400000
0.400000
0.172629
0.400000
0.400000
0.400000
0.041278

0.247828
0.314650
0.314650
0.011905
0.246825
0.353855
0.353855
0.006994
0.249366
0.382069
0.382069
0.017816
0.248435
0.413054
0.413054
0.016441
0.250904
0.428776
0.428776
0.157408
0.250356
0.436704
0.436704
0.419659
0.253220
0.441614
0.441614
0.426256
0.254624
0.440923
0.440923
0.423937
0.259566
0.444037
0.444037
0.429559
0.267352
0.442892
0.442892
0.427547
0.245789
0.391080
0.370860
0.000000
0.244759
0.415870
0.415870
0.016334
0.247596
0.428766
0.228769
0.407014
0.247182
0.432574
0.243663
0.404558
0.250643
0.437283
0.417063
0.416491
0.252971
0.436006
0.436006
0.412747
0.259210
0.439666
0.439666
0.421360
0.269609
0.438319
0.438319
0.418448
0.282839
0.441695
0.441695
0.425356
0.308729
0.440445
0.440445
0.422940
0.248148
0.432531
0.232531
0.411905
0.248120
0.433804
0.234432
0.406994
0.251993
0.437984
0.237984
0.417815
0.255691
0.436607
0.236607
0.414330
0.263218
0.440188
0.240188
0.422426
0.276849
0.438866
0.239493
0.419659
0.292544
0.442180
0.280199
0.426256
0.322842
0.440951
0.440951
0.423937
0.348302
0.444040
0.444040
0.429559
0.388878
0.442892
0.442892
0.427547

0.396627
0.400000
0.400000
0.012901
0.400000
0.400000
0.400000
0.000409
0.400000
0.400000
0.400000
0.000029
0.400000
0.400000
0.400000
0.000000
0.400000
0.400000
0.400000
0.000000
0.400000
0.400000
0.400000
0.000000
0.400000
0.400000
0.400000
0.000029
0.400000
0.400000
0.400000
0.000000
0.400000
0.400000
0.399400
0.012901
0.400000
0.400000
0.200045
0.000409
0.000067
0.400000
0.400000
0.396345
0.203560
0.400000
0.400000
0.157107
0.285751
0.400000
0.400000
0.039702
0.400000
0.400000
0.400000
0.001834
0.400000
0.400000
0.400000
0.000180
0.400000
0.400000
0.400000
0.000001
0.400000
0.400000
0.229841
0.039702
0.400000
0.400000
0.200000
0.001834
0.400000
0.400000
0.200000
0.396345
0.400000
0.400000
0.200000
0.157107
0.000000
0.400000
0.400000
0.400000
0.000000
0.400000
0.400000
0.400000
0.000000
0.400000
0.400000
0.399988
0.047068
0.400000
0.400000
0.289114
0.211791
0.400000
0.400000
0.104437
0.399993
0.400000
0.400000
0.006979
0.400000
0.400000
0.400000
0.399988
0.400000
0.400000
0.400000
0.289114
0.400000
0.400000
0.399400
0.400000
0.400000
0.400000
0.200045
0.400000

0.403683
0.293682
0.020437
0.196785
0.390368
0.287769
0.011638
0.200237
0.369856
0.270316
0.143034
0.189992
0.356381
0.266375
0.000000
0.193714
0.403683
0.293682
0.220100
0.196785
0.390368
0.287769
0.211580
0.200237
0.437352
0.320072
0.242549
0.205272
0.424619
0.312235
0.232621
0.207989
0.470108
0.349182
0.268450
0.215971
0.458343
0.339572
0.257203
0.217562
0.238765
0.309018
0.041406
0.192035
0.416935
0.300779
0.030037
0.193997
0.397399
0.281920
0.019957
0.183980
0.383585
0.275498
0.009903
0.186682
0.429968
0.309018
0.093638
0.192035
0.416935
0.300779
0.030948
0.193997
0.461605
0.338859
0.266379
0.202573
0.449727
0.328975
0.235204
0.203421
0.491677
0.370937
0.294330
0.215987
0.481255
0.359677
0.280865
0.215408
0.254806
0.328630
0.068487
0.191158
0.242635
0.318332
0.054140
0.191045
0.224650
0.298353
0.186059
0.181070
0.411137
0.289556
0.036983
0.182058
0.454806
0.328630
0.268150
0.191158
0.442635
0.318332
0.254082
0.191045
0.483422
0.361132
0.294853
0.204358
0.472870
0.349620
0.280095
0.202851
0.510034
0.395189
0.323856
0.220923
0.501289
0.382825
0.308711
0.217800

0.474003
0.457963
0.457963
0.019080
0.476778
0.448221
0.448221
0.023938
0.470242
0.432398
0.432398
0.018371
0.472510
0.422782
0.422782
0.026123
0.466021
0.407729
0.407729
0.021348
0.466836
0.398022
0.398022
0.030070
0.459868
0.386807
0.386807
0.025603
0.458021
0.382352
0.382352
0.034633
0.472700
0.425254
0.425254
0.042302
0.474739
0.418308
0.418308
0.049476
0.467443
0.409880
0.409880
0.028441
0.468294
0.399233
0.399233
0.009860
0.460972
0.383765
0.383765
0.000000
0.459873
0.375597
0.375597
0.006430
0.451843
0.362179
0.362179
0.001782
0.447685
0.357551
0.357551
0.011037
0.438576
0.346633
0.346633
0.009574
0.430623
0.345798
0.345798
0.016465
0.456154
0.378007
0.378007
0.056287
0.453161
0.374271
0.374271
0.038945
0.464703
0.445810
0.445810
0.254430
0.466979
0.435970
0.435970
0.121742
0.461908
0.420455
0.420455
0.062940
0.463546
0.410699
0.410699
0.028738
0.458945
0.396073
0.396073
0.014696
0.458932
0.388236
0.388236
0.018578
0.454671
0.375518
0.375518
0.070083
0.451535
0.370822
0.370822
0.037110
0.465624
0.413595
0.413595
0.277486
0.466835
0.406462
0.406462
0.147071

0.331172
0.233900
0.233900
0.170866
0.425389
0.247546
0.247374
0.172218
0.200551
0.214954
0.147184
0.169894
0.290901
0.226369
0.031398
0.170357
0.148171
0.199687
0.000000
0.169745
0.173939
0.208797
0.008798
0.169783
0.200551
0.214954
0.147184
0.169894
0.290901
0.226369
0.031398
0.170357
0.364927
0.233900
0.233900
0.170866
0.425389
0.247546
0.247374
0.172218
0.054343
0.262485
0.109677
0.174342
0.118876
0.278594
0.079433
0.177393
0.062115
0.239197
0.039232
0.171325
0.236293
0.253373
0.053373
0.172966
0.185511
0.219348
0.019348
0.170030
0.204295
0.231334
0.031334
0.170674
0.215530
0.239197
0.039232
0.171325
0.236293
0.253373
0.053373
0.172966
0.254342
0.262485
0.109677
0.174342
0.316918
0.278594
0.079433
0.177393
0.074981
0.295717
0.295717
0.181511
0.090198
0.313668
0.313496
0.186819
0.049990
0.268796
0.201026
0.175443
0.066060
0.285331
0.090360
0.178905
0.028683
0.244710
0.045023
0.171891
0.237216
0.259399
0.059400
0.173848
0.249990
0.268796
0.201026
0.175443
0.265912
0.285331
0.090360
0.178905
0.274981
0.295717
0.295717
0.181511
0.290198
0.313668
0.313496
0.186819

0.200346
0.400000
0.400000
0.000000
0.201821
0.400000
0.400000
0.000000
0.204217
0.400000
0.400000
0.000097
0.214015
0.400000
0.400000
0.400000
0.225971
0.400000
0.400000
0.392517
0.261466
0.400000
0.400000
0.211553
0.292633
0.400000
0.400000
0.200601
0.350142
0.400000
0.400000
0.200001
0.377041
0.400000
0.400000
0.392517
0.397274
0.400000
0.400000
0.211553
0.200002
0.399632
0.399632
0.161470
0.200040
0.399998
0.399998
0.399726
0.000172
0.400000
0.400000
0.304716
0.118067
0.400000
0.400000
0.201724
0.202436
0.400000
0.400000
0.200058
0.208907
0.400000
0.400000
0.200000
0.217357
0.400000
0.400000
0.200000
0.244676
0.400000
0.400000
0.200000
0.271137
0.400000
0.400000
0.200058
0.327720
0.400000
0.400000
0.200000
0.000000
0.360231
0.360231
0.400000
0.006262
0.392550
0.392550
0.400000
0.000000
0.398497
0.398497
0.400000
0.000014
0.399977
0.399977
0.400000
0.000065
0.399999
0.399999
0.392517
0.006759
0.400000
0.400000
0.211553
0.197443
0.400000
0.400000
0.200601
0.205463
0.400000
0.400000
0.200001
0.211221
0.400000
0.400000
0.392517
0.231378
0.400000
0.400000
0.211553

0.426547
0.400497
0.226113
0.109623
0.628647
0.379669
0.205636
0.046319
0.614297
0.445048
0.273928
0.216210
0.622713
0.415651
0.241941
0.227574
0.598471
0.499829
0.336542
0.199826
0.608491
0.464774
0.296073
0.209721
0.583207
0.555558
0.404217
0.187922
0.592556
0.521264
0.362010
0.194671
0.598724
0.629563
0.466276
0.212627
0.609390
0.600661
0.431960
0.216686
0.410461
0.458054
0.288477
0.011847
0.419616
0.426822
0.253929
0.022968
0.394509
0.514140
0.353479
0.000000
0.534559
0.478563
0.311825
0.005601
0.579699
0.568188
0.420390
0.186035
0.588726
0.535323
0.379063
0.165083
0.567212
0.608151
0.476306
0.184753
0.574718
0.585380
0.443258
0.184273
0.579710
0.661431
0.513634
0.219198
0.588784
0.650042
0.493782
0.213063
0.390805
0.528333
0.370547
0.068168
0.600474
0.492691
0.328188
0.001700
0.576340
0.579911
0.435852
0.184707
0.585014
0.548961
0.395926
0.189055
0.564496
0.614919
0.487420
0.186347
0.571594
0.595445
0.457322
0.183909
0.555271
0.628369
0.519113
0.202417
0.560731
0.622458
0.501668
0.190456
0.564496
0.661125
0.533625
0.252315
0.571596
0.664520
0.526397
0.232068

0.222244
0.202799
0.202799
0.117660
0.344112
0.210977
0.210977
0.117823
0.311365
0.185138
0.185138
0.109423
0.322263
0.192297
0.192297
0.108023
0.289514
0.168918
0.168918
0.102049
0.300260
0.174930
0.174930
0.098881
0.272572
0.160581
0.160581
0.107139
0.283113
0.165601
0.165601
0.103943
0.293967
0.174875
0.174875
0.112386
0.304824
0.181111
0.181111
0.110427
0.154841
0.219598
0.219598
0.118462
0.166246
0.228600
0.228600
0.119506
0.151881
0.199970
0.000000
0.106897
0.343449
0.208099
0.198352
0.105840
0.311046
0.181510
0.181510
0.095383
0.321803
0.188607
0.188607
0.088496
0.293803
0.171252
0.171252
0.100791
0.304573
0.177497
0.177497
0.097559
0.315727
0.187937
0.187937
0.108824
0.326609
0.195308
0.195308
0.107547
0.181222
0.245477
0.045477
0.134387
0.191289
0.255329
0.072874
0.137515
0.160198
0.224666
0.024666
0.121493
0.170718
0.233859
0.033859
0.122985
0.141231
0.204774
0.004774
0.109725
0.297264
0.213138
0.030682
0.109263
0.321209
0.192331
0.192331
0.110935
0.332093
0.199963
0.199963
0.110084
0.343028
0.210731
0.210731
0.120062
0.353817
0.219318
0.219318
0.120808

0.267228
0.285435
0.119223
0.282637
0.269872
0.286427
0.217730
0.277710
0.271331
0.286944
0.087962
0.270913
0.273591
0.287667
0.098409
0.000000
0.277197
0.292389
0.126177
0.108642
0.279286
0.293212
0.224515
0.084150
0.282650
0.297473
0.284093
0.097817
0.284616
0.298363
0.298359
0.095489
0.287778
0.302255
0.302255
0.125391
0.289645
0.303189
0.303189
0.104780
0.260101
0.283003
0.083335
0.262106
0.264202
0.284291
0.088775
0.119239
0.266075
0.284995
0.084996
0.090537
0.268850
0.286049
0.086096
0.080272
0.272510
0.290330
0.090662
0.092901
0.274947
0.291425
0.095909
0.091125
0.278324
0.295347
0.111444
0.099998
0.280558
0.296465
0.180883
0.099137
0.283718
0.300092
0.254086
0.106082
0.285805
0.301221
0.300874
0.105699
0.269738
0.289603
0.089604
0.295986
0.272486
0.290894
0.090904
0.295379
0.274011
0.291612
0.091612
0.293276
0.276389
0.292714
0.092714
0.173877
0.279708
0.296557
0.096557
0.121990
0.281901
0.297679
0.097690
0.101818
0.285012
0.301240
0.101334
0.107560
0.287069
0.302371
0.104081
0.107190
0.290008
0.305693
0.112710
0.133115
0.291956
0.306826
0.154015
0.113647

0.009069
0.210643
0.020676
0.187902
0.009459
0.210174
0.010737
0.179574
0.001907
0.200834
0.000899
0.163511
0.002311
0.199999
0.000000
0.120685
0.015804
0.201731
0.011765
0.179154
0.201844
0.201228
0.001791
0.170889
0.208480
0.211033
0.176862
0.196360
0.208840
0.210836
0.050324
0.191574
0.215304
0.219979
0.219979
0.210517
0.215901
0.220029
0.219008
0.207337
0.008351
0.211071
0.011083
0.197928
0.012894
0.210933
0.010933
0.193658
0.101109
0.201885
0.001885
0.181659
0.201812
0.201450
0.001450
0.174625
0.201962
0.202277
0.002289
0.189073
0.201806
0.202072
0.002072
0.184853
0.207936
0.211031
0.014505
0.202816
0.208170
0.211090
0.011230
0.199993
0.214210
0.219534
0.129838
0.214977
0.214734
0.219809
0.036146
0.213012
0.206673
0.210979
0.021013
0.203766
0.208065
0.211080
0.011643
0.201206
0.202079
0.202327
0.002393
0.190467
0.201849
0.202169
0.002169
0.186684
0.203169
0.202380
0.012414
0.194835
0.202334
0.202373
0.002936
0.192309
0.207871
0.210637
0.176466
0.206767
0.207818
0.210874
0.050362
0.205029
0.213406
0.218733
0.218733
0.217707
0.213758
0.219171
0.218150
0.216517

0.360899
0.388646
0.388646
0.002205
0.365751
0.390305
0.390305
0.003290
0.368179
0.391259
0.391259
0.003944
0.371702
0.392783
0.392783
0.004954
0.373581
0.393662
0.393662
0.007485
0.376417
0.395073
0.395073
0.006684
0.377975
0.395890
0.395890
0.046711
0.380379
0.397206
0.197339
0.014878
0.381723
0.397970
0.397970
0.269901
0.383823
0.399203
0.399203
0.102928
0.333804
0.385011
0.385011
0.000000
0.354149
0.386886
0.386886
0.001085
0.358527
0.387955
0.387955
0.006328
0.363955
0.389653
0.389653
0.003306
0.366593
0.390627
0.292375
0.074911
0.370359
0.392182
0.192183
0.019027
0.372345
0.393079
0.193079
0.335506
0.375322
0.394516
0.194516
0.157064
0.376947
0.395348
0.297096
0.406718
0.379444
0.396686
0.196687
0.396058
0.360899
0.388646
0.388646
0.012233
0.365751
0.390305
0.390305
0.004503
0.368179
0.391259
0.391259
0.123882
0.371702
0.392783
0.392783
0.033726
0.373581
0.393662
0.393662
0.381557
0.376417
0.395073
0.395073
0.229668
0.377975
0.395890
0.196519
0.407114
0.380379
0.397206
0.197339
0.406432
0.381723
0.397970
0.197970
0.408601
0.383823
0.399203
0.199203
0.409499

0.399822
0.593732
0.593732
0.205726
0.399863
0.591595
0.591595
0.201745
0.399976
0.581128
0.581128
0.048051
0.400696
0.544848
0.544848
0.000000
0.401888
0.510990
0.510990
0.199870
0.406852
0.440405
0.440405
0.199823
0.413067
0.395276
0.395276
0.199820
0.432735
0.326378
0.326378
0.199820
0.452067
0.510990
0.510990
0.199870
0.497243
0.440405
0.440405
0.199823
0.399820
0.528532
0.528532
0.035358
0.399820
0.573095
0.573095
0.014863
0.399820
0.588645
0.588645
0.008572
0.399836
0.594717
0.594717
0.002915
0.399888
0.588920
0.588920
0.003627
0.400282
0.562443
0.562443
0.000168
0.401000
0.534508
0.534508
0.199938
0.404249
0.470034
0.470034
0.134362
0.408572
0.589060
0.589060
0.201315
0.423177
0.562444
0.562444
0.200168
0.399822
0.594961
0.594961
0.314339
0.399863
0.599527
0.599527
0.264966
0.399976
0.599794
0.599794
0.091267
0.400696
0.599792
0.599792
0.020802
0.228588
0.599650
0.599650
0.212453
0.406852
0.597945
0.597945
0.204620
0.213067
0.594094
0.594094
0.202273
0.232735
0.575899
0.575899
0.200472
0.278768
0.599650
0.599650
0.212453
0.497243
0.597945
0.597945
0.204620

0.344340
0.322332
0.275743
0.410594
0.339445
0.335934
0.289834
0.410772
0.328846
0.339968
0.292627
0.403540
0.323488
0.361151
0.314275
0.404354
0.312578
0.368313
0.320277
0.397428
0.307196
0.391518
0.343908
0.398936
0.304130
0.404215
0.356874
0.000000
0.299672
0.421409
0.374533
0.001972
0.324104
0.446572
0.399982
0.405036
0.322611
0.452371
0.406270
0.406463
0.324831
0.346325
0.298804
0.401914
0.319408
0.368716
0.321652
0.402911
0.308472
0.376018
0.327819
0.396056
0.303215
0.398440
0.350656
0.397716
0.292555
0.403147
0.354374
0.391090
0.288682
0.418081
0.369652
0.393253
0.287169
0.424066
0.375868
0.394637
0.286681
0.429694
0.381910
0.397023
0.314559
0.445285
0.397765
0.398855
0.319839
0.444132
0.397068
0.400941
0.335162
0.411280
0.362926
0.401275
0.331152
0.430576
0.382622
0.401358
0.321193
0.432788
0.383898
0.393844
0.318552
0.443170
0.394597
0.394746
0.309901
0.439355
0.390264
0.387575
0.310864
0.441092
0.392056
0.389174
0.313108
0.440607
0.391716
0.390290
0.320333
0.438649
0.390075
0.392363
0.353480
0.455033
0.406679
0.395487
0.368847
0.451148
0.403195
0.397014

0.217404
0.417408
0.228440
0.017470
0.217408
0.417408
0.234364
0.017408
0.216970
0.417408
0.183179
0.016968
0.417381
0.417408
0.097913
0.017381
0.409086
0.417408
0.052674
0.009151
0.415806
0.417408
0.025762
0.015806
0.416968
0.417408
0.022122
0.099293
0.417381
0.417408
0.024225
0.018886
0.417404
0.417408
0.028489
0.417404
0.417408
0.417408
0.040872
0.346959
0.217799
0.417408
0.147514
0.255695
0.417316
0.417408
0.067667
0.026171
0.403526
0.417408
0.036971
0.004094
0.414089
0.417408
0.021519
0.014090
0.360142
0.417408
0.018364
0.199499
0.391145
0.417408
0.017537
0.000000
0.403526
0.417408
0.017589
0.403526
0.414089
0.417408
0.018161
0.412911
0.416337
0.417408
0.018986
0.416337
0.417316
0.417408
0.021950
0.417316
0.395832
0.417408
0.217482
0.395832
0.411150
0.417408
0.211335
0.411150
0.345188
0.417408
0.180714
0.329205
0.380143
0.417408
0.091340
0.021870
0.285314
0.417408
0.052351
0.285314
0.321849
0.417408
0.024516
0.321849
0.345188
0.417408
0.019658
0.345188
0.380143
0.417408
0.017652
0.380143
0.395832
0.417408
0.017531
0.395832
0.411150
0.417408
0.017843
0.411150

0.242353
0.572551
0.572551
0.121897
0.252184
0.584387
0.584387
0.041767
0.273845
0.550486
0.550486
0.025321
0.438290
0.564669
0.564669
0.020976
0.426680
0.521397
0.521397
0.018120
0.430100
0.541492
0.541492
0.019468
0.423309
0.501714
0.501714
0.019253
0.425149
0.516880
0.516880
0.017234
0.421752
0.479233
0.479233
0.107513
0.422558
0.492958
0.492958
0.032366
0.230930
0.544534
0.544534
0.029051
0.235895
0.559135
0.559135
0.051741
0.225620
0.519964
0.519964
0.017645
0.228727
0.535408
0.535408
0.021662
0.228284
0.495840
0.495840
0.012430
0.419059
0.510750
0.510750
0.015899
0.421551
0.474110
0.474110
0.004206
0.422177
0.487323
0.487323
0.012379
0.421183
0.456097
0.456097
0.000000
0.421346
0.466873
0.466873
0.030809
0.224715
0.513807
0.513807
0.216243
0.229021
0.529243
0.529243
0.265763
0.263454
0.490118
0.490118
0.029633
0.423614
0.504699
0.504699
0.066268
0.421404
0.469224
0.469224
0.001884
0.421876
0.481878
0.481878
0.012921
0.421157
0.452255
0.452255
0.005496
0.421260
0.462365
0.462365
0.047806
0.421138
0.439580
0.439580
0.167243
0.421141
0.447001
0.447001
0.227218

0.030441
0.217162
0.217162
0.134937
0.018248
0.203190
0.203190
0.132055
0.004219
0.188521
0.188521
0.130507
0.167960
0.181639
0.181639
0.128118
0.221945
0.186271
0.186271
0.134937
0.200826
0.190053
0.190053
0.132055
0.257512
0.237290
0.237290
0.140712
0.239972
0.225508
0.225508
0.136908
0.295231
0.273371
0.273371
0.148526
0.285141
0.254829
0.254829
0.143367
0.055769
0.230606
0.230606
0.132581
0.037660
0.220720
0.220720
0.128676
0.021207
0.172477
0.172477
0.126736
0.000000
0.179493
0.179493
0.124222
0.056579
0.149835
0.149835
0.132581
0.166089
0.164901
0.164901
0.128676
0.284966
0.230619
0.230619
0.140837
0.266846
0.233179
0.233179
0.135366
0.313261
0.294901
0.294901
0.152047
0.299230
0.281332
0.281332
0.144665
0.091981
0.227444
0.227444
0.143341
0.074950
0.233175
0.233175
0.137424
0.077950
0.144026
0.144026
0.134399
0.240744
0.159013
0.159013
0.130134
0.291883
0.129510
0.129510
0.143340
0.273733
0.136593
0.136593
0.137424
0.317961
0.209620
0.209620
0.155373
0.302134
0.221168
0.221168
0.147462
0.340268
0.297067
0.297067
0.170973
0.327192
0.300509
0.300509
0.160783

0.018885
0.297263
0.256318
0.225699
0.007690
0.287003
0.093696
0.222663
0.002477
0.281129
0.081519
0.221189
0.001219
0.271842
0.071843
0.219285
0.011122
0.266588
0.225643
0.218456
0.071205
0.258389
0.065083
0.217551
0.145706
0.253817
0.253817
0.217264
0.272696
0.246792
0.246788
0.217119
0.344457
0.266588
0.266588
0.218456
0.359408
0.258389
0.258389
0.217551
0.043270
0.318125
0.118167
0.234040
0.031053
0.308040
0.108040
0.229485
0.023711
0.301521
0.101521
0.227122
0.011937
0.291039
0.091039
0.223789
0.005758
0.285021
0.085062
0.222143
0.000000
0.275479
0.075479
0.219966
0.003190
0.270063
0.133455
0.218984
0.038280
0.261584
0.062655
0.217845
0.133466
0.285021
0.285021
0.222143
0.271080
0.275479
0.266381
0.219966
0.066929
0.291239
0.250294
0.245478
0.055300
0.317674
0.124367
0.239371
0.048358
0.320257
0.120648
0.236079
0.038939
0.312381
0.112382
0.231214
0.038579
0.305854
0.264909
0.228667
0.067933
0.295166
0.101859
0.225033
0.115124
0.289009
0.289009
0.223211
0.190349
0.279220
0.279216
0.220754
0.238275
0.305862
0.305862
0.228667
0.243923
0.295166
0.295166
0.225033

0.325166
0.559721
0.559721
0.007287
0.380003
0.542423
0.542423
0.003484
0.239192
0.530823
0.530823
0.001930
0.389313
0.510316
0.510316
0.000276
0.401852
0.497795
0.497795
0.000063
0.417366
0.477503
0.477503
0.012586
0.397873
0.466081
0.466081
0.068138
0.397837
0.448910
0.448910
0.352021
0.403976
0.497795
0.497795
0.399435
0.417366
0.477503
0.477503
0.399081
0.222871
0.522741
0.522741
0.001138
0.262229
0.501961
0.501961
0.000000
0.201446
0.489542
0.489542
0.001264
0.209715
0.469807
0.469807
0.040683
0.197725
0.458906
0.458906
0.163357
0.229931
0.442801
0.442801
0.396215
0.341601
0.434514
0.434514
0.398792
0.385730
0.423069
0.423069
0.398791
0.397071
0.458906
0.458906
0.398861
0.395565
0.442801
0.442801
0.398799
0.200394
0.559721
0.559721
0.014573
0.206157
0.542423
0.542423
0.113177
0.202585
0.530823
0.530823
0.300169
0.302988
0.510316
0.510316
0.400241
0.396439
0.497771
0.497771
0.399641
0.398095
0.477503
0.477503
0.399081
0.397495
0.453453
0.453453
0.398921
0.395621
0.448359
0.448359
0.398813
0.398563
0.497771
0.497771
0.399641
0.398095
0.477503
0.477503
0.399081

0.003345
0.342417
0.342417
0.288034
0.012000
0.348423
0.348423
0.292763
0.000784
0.333017
0.333017
0.281023
0.023957
0.338900
0.338900
0.285319
0.029009
0.323757
0.323757
0.274870
0.096101
0.329521
0.329521
0.278602
0.134310
0.314738
0.314738
0.269889
0.243634
0.320343
0.320343
0.272840
0.281881
0.306029
0.306029
0.153658
0.344037
0.311431
0.311431
0.068455
0.014509
0.344020
0.344020
0.297715
0.020441
0.359277
0.359277
0.302860
0.005365
0.344653
0.344653
0.289897
0.012828
0.350819
0.350819
0.294719
0.000000
0.335363
0.335363
0.282705
0.017435
0.341269
0.341269
0.270198
0.016539
0.326052
0.326052
0.080643
0.069633
0.331849
0.331849
0.080203
0.099479
0.316966
0.316966
0.070997
0.204794
0.322615
0.322615
0.074174
0.026155
0.249706
0.249706
0.308172
0.031899
0.329195
0.329195
0.313630
0.016852
0.337163
0.337163
0.299751
0.022712
0.359699
0.359699
0.304966
0.007558
0.346555
0.346555
0.291798
0.014291
0.353208
0.353208
0.296708
0.000417
0.337717
0.337717
0.284436
0.013757
0.343647
0.343647
0.288961
0.008285
0.328361
0.328361
0.164543
0.049167
0.334189
0.334189
0.081869

0.328435
0.498522
0.498522
0.022768
0.329599
0.526338
0.526338
0.029636
0.330479
0.562754
0.562754
0.034542
0.332281
0.571737
0.571737
0.040680
0.333604
0.576943
0.576943
0.050427
0.336477
0.583239
0.583239
0.061503
0.338940
0.587129
0.587129
0.121602
0.345745
0.593757
0.593757
0.342098
0.352823
0.597810
0.597810
0.526364
0.373791
0.604660
0.604660
0.508107
0.327123
0.489677
0.489677
0.008812
0.327664
0.450598
0.450598
0.015910
0.328226
0.547033
0.547033
0.021307
0.330012
0.527339
0.527339
0.052811
0.332112
0.564951
0.564951
0.134780
0.339384
0.567624
0.567624
0.406694
0.347776
0.574513
0.574513
0.445325
0.373199
0.580667
0.580667
0.449452
0.397427
0.584531
0.584531
0.469706
0.451449
0.591085
0.591085
0.465391
0.327161
0.536636
0.536636
0.000000
0.328564
0.522884
0.522884
0.069558
0.330805
0.547567
0.547567
0.215549
0.339644
0.550647
0.550647
0.411452
0.350162
0.554825
0.554825
0.422787
0.381191
0.559829
0.559829
0.425896
0.409058
0.563021
0.563021
0.452488
0.464836
0.568607
0.568607
0.445315
0.495558
0.572115
0.572115
0.510389
0.526750
0.578194
0.578194
0.483708

0.318529
0.499181
0.381740
0.126962
0.318572
0.512141
0.343411
0.136429
0.318814
0.449969
0.265132
0.120397
0.322046
0.485330
0.288947
0.123571
0.324263
0.366194
0.167506
0.118749
0.381996
0.421677
0.221848
0.119454
0.250751
0.273175
0.073213
0.118534
0.418661
0.330632
0.130633
0.118602
0.512023
0.198688
0.000000
0.118528
0.518522
0.242093
0.042264
0.118529
0.318528
0.516978
0.325830
0.152687
0.318528
0.518268
0.320135
0.178160
0.261159
0.505688
0.306304
0.130089
0.318538
0.514754
0.314818
0.141979
0.120238
0.465983
0.265994
0.121373
0.161540
0.495142
0.295143
0.125675
0.123932
0.389288
0.189288
0.118921
0.150675
0.441074
0.241074
0.117043
0.202326
0.295537
0.095548
0.118547
0.341150
0.354395
0.154395
0.118686
0.186819
0.518500
0.401060
0.214690
0.317805
0.518526
0.349797
0.262449
0.119139
0.517732
0.332895
0.161644
0.135046
0.518415
0.322032
0.191385
0.130661
0.510372
0.311684
0.134070
0.182015
0.516413
0.316584
0.148773
0.243974
0.479510
0.279547
0.122725
0.315023
0.502683
0.302685
0.128427
0.318494
0.411264
0.212576
0.119244
0.318547
0.458280
0.258452
0.120844

0.327061
0.376666
0.313213
0.000000
0.323800
0.377010
0.315041
0.004159
0.321947
0.377451
0.314114
0.006747
0.319100
0.378575
0.319451
0.011159
0.317564
0.379480
0.220484
0.013870
0.315339
0.381358
0.305614
0.018360
0.324100
0.394040
0.145723
0.036450
0.322337
0.396589
0.189726
0.035368
0.331831
0.409643
0.146755
0.220262
0.330653
0.412777
0.155297
0.076494
0.320769
0.377843
0.306297
0.023945
0.318060
0.379159
0.320793
0.013892
0.316621
0.380176
0.189120
0.015766
0.314577
0.382236
0.280227
0.020170
0.313585
0.383683
0.137122
0.038321
0.312355
0.386424
0.167584
0.028292
0.321090
0.399512
0.142709
0.320200
0.320399
0.402771
0.150235
0.102586
0.330016
0.416199
0.155939
0.455164
0.329948
0.419864
0.161591
0.446416
0.328495
0.395124
0.172329
0.396882
0.326300
0.397355
0.252505
0.159959
0.325205
0.398886
0.140992
0.075845
0.323783
0.401737
0.159955
0.044033
0.323187
0.403612
0.145792
0.409911
0.322644
0.406984
0.152264
0.172598
0.332474
0.420478
0.159506
0.459073
0.332572
0.424224
0.165112
0.461756
0.343217
0.437898
0.174444
0.474297
0.343998
0.441885
0.179917
0.476764

0.058899
0.278190
0.278190
0.212107
0.150222
0.288978
0.288978
0.215081
0.022637
0.262317
0.262317
0.208863
0.152488
0.272029
0.272029
0.210680
0.146623
0.248331
0.248331
0.207257
0.177198
0.256842
0.256842
0.208086
0.147306
0.236378
0.236378
0.206881
0.181020
0.243604
0.243604
0.207003
0.215067
0.248331
0.248331
0.207257
0.297015
0.256842
0.256842
0.009389
0.034098
0.300362
0.300362
0.218837
0.059943
0.312275
0.312275
0.223405
0.009666
0.282430
0.282430
0.213205
0.028135
0.293464
0.293464
0.216488
0.003471
0.266116
0.266116
0.209509
0.083541
0.276109
0.276109
0.211602
0.118025
0.251641
0.251641
0.207523
0.180685
0.260462
0.260462
0.008581
0.191728
0.266116
0.266116
0.009509
0.218132
0.276109
0.276109
0.011602
0.055454
0.324642
0.324642
0.228801
0.068094
0.337386
0.337386
0.235032
0.035304
0.305068
0.305068
0.220566
0.047985
0.317171
0.317171
0.225463
0.014553
0.285571
0.285571
0.214425
0.029239
0.298039
0.298039
0.218022
0.000000
0.270030
0.270030
0.210262
0.052451
0.280297
0.280297
0.212641
0.119436
0.286771
0.286771
0.214425
0.222068
0.298041
0.298041
0.019325

0.388880
0.546067
0.546067
0.384115
0.584054
0.513240
0.513240
0.384060
0.584054
0.576554
0.576554
0.384799
0.584054
0.561101
0.561101
0.384231
0.584054
0.583581
0.583581
0.388310
0.584054
0.580930
0.580930
0.385580
0.584054
0.584049
0.584049
0.000000
0.584054
0.583942
0.583942
0.391318
0.584054
0.584054
0.584054
0.027915
0.584054
0.584054
0.584054
0.008068
0.384054
0.476783
0.476783
0.384054
0.384054
0.443960
0.443960
0.384054
0.384059
0.533870
0.533870
0.384081
0.584054
0.498647
0.498647
0.384056
0.584054
0.571762
0.571762
0.384491
0.584054
0.551546
0.551546
0.384143
0.584054
0.582974
0.383274
0.386942
0.584054
0.578346
0.578346
0.385010
0.584054
0.584034
0.584034
0.083170
0.584054
0.583753
0.583753
0.389171
0.388880
0.546067
0.546067
0.384115
0.584054
0.513240
0.513240
0.384060
0.584054
0.576554
0.576554
0.384799
0.584054
0.561101
0.561101
0.384231
0.584054
0.583581
0.383581
0.388310
0.584054
0.580930
0.557395
0.385580
0.584054
0.584049
0.384049
0.399945
0.584054
0.583942
0.383942
0.391318
0.584054
0.584054
0.384055
0.427915
0.584054
0.584054
0.560519
0.408068

0.399939
0.599939
0.599939
0.199922
0.400273
0.599939
0.599939
0.000000
0.405414
0.599939
0.599939
0.199940
0.540458
0.599939
0.599939
0.539793
0.599873
0.599939
0.599939
0.599939
0.599939
0.599939
0.599939
0.599939
0.599939
0.599939
0.599939
0.599939
0.599939
0.599939
0.599939
0.599939
0.599939
0.599939
0.599939
0.599939
0.599939
0.599939
0.599939
0.599939
0.399939
0.599939
0.399953
0.000488
0.399939
0.599939
0.518160
0.399939
0.399939
0.599939
0.599939
0.443354
0.399976
0.599939
0.599939
0.399939
0.400841
0.599939
0.599939
0.599939
0.451554
0.599939
0.599939
0.599939
0.580604
0.599939
0.599939
0.599939
0.599939
0.599939
0.599939
0.599939
0.599939
0.599939
0.599939
0.599939
0.599939
0.599939
0.599939
0.599939
0.399939
0.599939
0.399939
0.599922
0.400273
0.599939
0.399939
0.400000
0.405414
0.599939
0.399939
0.599939
0.540458
0.599939
0.406283
0.599939
0.599873
0.599939
0.596285
0.599939
0.599939
0.599939
0.599939
0.599939
0.599939
0.599939
0.599939
0.599939
0.599939
0.599939
0.599939
0.599939
0.599939
0.599939
0.599939
0.599939
0.599939
0.599939
0.599939
0.599939

0.400006
0.486403
0.486403
0.081531
0.400077
0.515354
0.515354
0.031527
0.400205
0.532673
0.532673
0.016278
0.400745
0.558726
0.558726
0.004518
0.401416
0.571483
0.571483
0.001828
0.403540
0.586136
0.586136
0.000292
0.405710
0.588587
0.588587
0.000071
0.411532
0.566456
0.566456
0.000000
0.416761
0.533278
0.533278
0.000915
0.429171
0.442464
0.442464
0.000153
0.399997
0.439163
0.439163
0.186952
0.399997
0.460298
0.460298
0.098531
0.400000
0.475465
0.475465
0.061909
0.400035
0.503616
0.503616
0.025025
0.200146
0.520951
0.520951
0.013371
0.397500
0.543923
0.543923
0.003993
0.400932
0.547090
0.547090
0.001710
0.402503
0.524861
0.524861
0.000311
0.404173
0.587466
0.587466
0.000100
0.408818
0.576431
0.576431
0.000002
0.400006
0.486403
0.486403
0.398232
0.400077
0.515354
0.515354
0.297380
0.200205
0.532673
0.532673
0.230066
0.223777
0.558726
0.558726
0.129961
0.201416
0.571493
0.571493
0.084949
0.203540
0.586807
0.586807
0.036678
0.205710
0.592493
0.592493
0.020456
0.234564
0.595875
0.595875
0.006654
0.416761
0.598992
0.598992
0.003964
0.429171
0.599782
0.599782
0.000804

0.411557
0.599761
0.599761
0.579049
0.555772
0.599761
0.599761
0.489375
0.599675
0.599761
0.599761
0.046632
0.599761
0.599761
0.599761
0.408245
0.599761
0.599761
0.599761
0.002364
0.599761
0.599761
0.599761
0.000000
0.599761
0.599761
0.599761
0.003799
0.599761
0.599761
0.599761
0.399761
0.599761
0.599761
0.599761
0.402364
0.599761
0.599761
0.599761
0.400000
0.399761
0.599761
0.399765
0.423410
0.399953
0.599761
0.417212
0.403691
0.402407
0.599761
0.596267
0.400836
0.472930
0.599761
0.599761
0.399836
0.585839
0.599761
0.599761
0.399771
0.599761
0.599761
0.599761
0.399761
0.599761
0.599761
0.599761
0.399761
0.599761
0.599761
0.599761
0.399761
0.599761
0.599761
0.599761
0.399771
0.599761
0.599761
0.599761
0.399761
0.399761
0.599761
0.399761
0.579049
0.399761
0.599761
0.399761
0.489375
0.399761
0.599761
0.399761
0.442634
0.399785
0.599761
0.400690
0.408245
0.400248
0.599761
0.458744
0.402364
0.422871
0.599761
0.599761
0.400000
0.513502
0.599761
0.599761
0.399801
0.599760
0.599761
0.599761
0.399761
0.599761
0.599761
0.599761
0.402364
0.599761
0.599761
0.599761
0.400000

0.503873
0.698169
0.512127
0.163881
0.503934
0.703137
0.534088
0.121054
0.504384
0.656600
0.459416
0.107315
0.512668
0.689319
0.497381
0.105016
0.537230
0.553984
0.354304
0.103011
0.657482
0.624256
0.425611
0.103879
0.701141
0.436262
0.239078
0.107146
0.703873
0.507828
0.315891
0.104147
0.703873
0.553984
0.367942
0.161944
0.703873
0.624256
0.455206
0.115081
0.503853
0.703829
0.505575
0.120649
0.503873
0.703872
0.509284
0.138441
0.501585
0.701151
0.501312
0.104729
0.503717
0.703608
0.504399
0.112666
0.476547
0.672816
0.472820
0.076761
0.499851
0.695907
0.495957
0.098264
0.515829
0.583832
0.383994
0.101605
0.601534
0.646857
0.447647
0.103820
0.679786
0.672816
0.474563
0.105503
0.703871
0.695907
0.501319
0.105457
0.498849
0.703873
0.503948
0.224901
0.503395
0.703873
0.504312
0.234285
0.463760
0.703862
0.503863
0.088194
0.499555
0.703873
0.503892
0.136905
0.429339
0.702702
0.502702
0.000000
0.592887
0.703790
0.503790
0.052221
0.660517
0.684788
0.484788
0.067170
0.690760
0.699883
0.499903
0.093510
0.698849
0.702702
0.502778
0.161800
0.703333
0.703790
0.504228
0.127478

0.321821
0.548607
0.548607
0.196610
0.323260
0.543048
0.543048
0.201718
0.324386
0.522988
0.522988
0.204797
0.327398
0.446309
0.446309
0.155755
0.330900
0.562458
0.562458
0.056110
0.344247
0.557440
0.557440
0.019695
0.361037
0.570497
0.570497
0.022116
0.412611
0.575324
0.575324
0.026109
0.456085
0.578323
0.578323
0.081713
0.519662
0.583327
0.583327
0.037880
0.319977
0.537277
0.537277
0.187619
0.320738
0.545150
0.545150
0.062371
0.321349
0.547427
0.547427
0.008068
0.322635
0.547885
0.547885
0.000000
0.323605
0.554091
0.554091
0.004599
0.325926
0.558441
0.558441
0.008184
0.328350
0.561138
0.561138
0.026515
0.337279
0.565750
0.565750
0.020442
0.348875
0.568583
0.568583
0.094374
0.388157
0.573402
0.573402
0.053811
0.319391
0.534863
0.534863
0.200547
0.319569
0.538054
0.538054
0.188863
0.319930
0.540094
0.540094
0.187682
0.321670
0.543691
0.543691
0.135923
0.324411
0.545962
0.545962
0.059793
0.336507
0.549924
0.549924
0.006826
0.352558
0.552401
0.552401
0.104338
0.402927
0.556682
0.556682
0.049999
0.445695
0.559336
0.559336
0.316894
0.508131
0.563888
0.563888
0.172742

0.178493
0.287034
0.106279
0.057779
0.189823
0.292882
0.137411
0.057321
0.197331
0.294456
0.097899
0.057561
0.223121
0.286774
0.097470
0.058562
0.275063
0.310760
0.111088
0.060287
0.418097
0.318537
0.120100
0.061701
0.433586
0.324898
0.128341
0.068890
0.445170
0.334369
0.145065
0.068067
0.452076
0.340275
0.159520
0.093686
0.463488
0.350447
0.194976
0.083291
0.201168
0.293378
0.095432
0.057878
0.212708
0.278481
0.085447
0.059149
0.219633
0.260693
0.060850
0.060195
0.231289
0.223811
0.024683
0.062552
0.233146
0.320849
0.120851
0.059031
0.254441
0.307640
0.107683
0.067360
0.281435
0.344143
0.144300
0.070502
0.417729
0.352216
0.153088
0.074708
0.472869
0.360989
0.163043
0.081438
0.485777
0.371832
0.178798
0.084425
0.224144
0.317641
0.117709
0.061720
0.235993
0.325841
0.126302
0.063831
0.232249
0.328756
0.128757
0.054247
0.268216
0.323180
0.123196
0.068076
0.248625
0.348345
0.148345
0.000000
0.436249
0.357940
0.157940
0.049090
0.467808
0.365297
0.165298
0.074307
0.488934
0.376266
0.176282
0.086432
0.496406
0.382969
0.183038
0.114734
0.507081
0.394296
0.194758
0.107223

0.001366
0.313835
0.230432
0.323807
0.000000
0.318128
0.237260
0.315230
0.187888
0.286137
0.206944
0.290023
0.185410
0.289769
0.213618
0.172520
0.179897
0.265438
0.191263
0.288866
0.176705
0.268526
0.197885
0.283643
0.173631
0.246133
0.177756
0.278062
0.170004
0.248325
0.183953
0.278123
0.182932
0.270431
0.196255
0.304710
0.179862
0.273870
0.203229
0.304637
0.188895
0.286289
0.208275
0.314007
0.186348
0.290244
0.215397
0.311636
0.178181
0.260457
0.187659
0.286716
0.174853
0.263349
0.194206
0.283256
0.172295
0.241590
0.174781
0.274629
0.168606
0.243519
0.180828
0.275548
0.167714
0.224735
0.164647
0.259096
0.163959
0.225519
0.169981
0.262615
0.175112
0.246005
0.179196
0.285482
0.171528
0.248204
0.185513
0.288394
0.196202
0.279712
0.196309
0.314188
0.192216
0.282733
0.201866
0.314758
0.186649
0.256588
0.177394
0.286596
0.182152
0.258173
0.182022
0.287510
0.181086
0.240141
0.165966
0.269244
0.176494
0.240451
0.169810
0.272392
0.176245
0.225827
0.157450
0.250338
0.171844
0.224841
0.160469
0.254909
0.183716
0.244102
0.169927
0.277579
0.179214
0.244627
0.173986
0.281812

0.460893
0.501078
0.310749
0.516117
0.449852
0.503992
0.309059
0.506065
0.440785
0.505756
0.309024
0.497507
0.422152
0.508720
0.310132
0.079601
0.409451
0.510509
0.311295
0.067257
0.387288
0.513500
0.313751
0.045591
0.374209
0.515287
0.315401
0.432751
0.354173
0.518180
0.318348
0.013029
0.417638
0.520148
0.134488
0.476621
0.395749
0.523167
0.290964
0.454874
0.426195
0.495381
0.297760
0.478792
0.405437
0.498205
0.299169
0.459469
0.391929
0.499922
0.300432
0.446702
0.369246
0.502803
0.302960
0.425086
0.356307
0.504522
0.296656
0.412696
0.337065
0.507251
0.307536
0.000000
0.327311
0.508672
0.112312
0.384880
0.314382
0.510173
0.195631
0.372501
0.363812
0.514053
0.114162
0.422199
0.344936
0.516844
0.117341
0.403676
0.455449
0.489913
0.299584
0.504022
0.443143
0.492614
0.297681
0.493989
0.433511
0.494267
0.224148
0.485450
0.414091
0.497069
0.298482
0.467580
0.400986
0.498776
0.100103
0.455274
0.378234
0.501649
0.128545
0.433671
0.364845
0.503378
0.103507
0.420875
0.344349
0.506193
0.106388
0.401228
0.407569
0.508124
0.108911
0.464880
0.385315
0.511100
0.111351
0.443230

0.359552
0.439055
0.439055
0.000030
0.349201
0.430221
0.430221
0.003231
0.373832
0.455740
0.455740
0.000743
0.371533
0.444960
0.444960
0.000092
0.407692
0.475048
0.475048
0.002869
0.497693
0.462717
0.462717
0.001365
0.575541
0.496004
0.496004
0.006841
0.586691
0.482777
0.482777
0.004129
0.595045
0.517321
0.517321
0.013468
0.592607
0.504031
0.504031
0.012529
0.337589
0.422684
0.422684
0.033963
0.325118
0.416433
0.416433
0.179311
0.155583
0.435367
0.435367
0.000420
0.343669
0.427050
0.427050
0.009098
0.370397
0.451294
0.451294
0.000427
0.363799
0.440974
0.440974
0.000000
0.391617
0.470022
0.470022
0.002876
0.445327
0.458026
0.458026
0.010426
0.535151
0.490677
0.490677
0.040026
0.584495
0.477601
0.477601
0.182990
0.159552
0.439055
0.439055
0.379568
0.176957
0.430221
0.430221
0.399635
0.173832
0.455740
0.455740
0.073100
0.171533
0.444960
0.444960
0.275833
0.207692
0.475048
0.475048
0.005000
0.325450
0.462717
0.462717
0.024258
0.575541
0.496004
0.496004
0.079198
0.586691
0.482777
0.482777
0.279870
0.595045
0.517321
0.517321
0.393007
0.592607
0.504031
0.504031
0.408932

0.287566
0.487564
0.099006
0.411815
0.287602
0.487564
0.170408
0.144743
0.287730
0.487564
0.269298
0.098915
0.288572
0.487564
0.287722
0.087640
0.289499
0.487564
0.287610
0.085920
0.290266
0.487564
0.287567
0.075155
0.318714
0.487564
0.288396
0.087559
0.369526
0.487564
0.287722
0.087263
0.412592
0.487564
0.293774
0.087592
0.471144
0.487564
0.289469
0.087564
0.287531
0.484509
0.084959
0.487531
0.286572
0.487545
0.087731
0.486570
0.283394
0.487564
0.088879
0.474861
0.265610
0.487564
0.118954
0.203258
0.244783
0.487564
0.204175
0.079275
0.198959
0.487564
0.287542
0.000000
0.285256
0.487564
0.287582
0.083561
0.274422
0.487564
0.287565
0.065600
0.306978
0.487564
0.288013
0.122087
0.344508
0.487564
0.287635
0.088228
0.287566
0.487564
0.093774
0.487564
0.287602
0.487564
0.089469
0.487564
0.287730
0.487564
0.088396
0.487559
0.288572
0.487564
0.087739
0.487263
0.289499
0.487564
0.087881
0.485806
0.290266
0.487564
0.097471
0.338034
0.318714
0.487564
0.140386
0.178417
0.369526
0.487564
0.283015
0.093454
0.412592
0.487564
0.293774
0.487478
0.471144
0.487564
0.289469
0.350443

0.289244
0.314427
0.314427
0.079104
0.289245
0.326484
0.326481
0.084328
0.289251
0.335223
0.329403
0.086254
0.289309
0.352199
0.217196
0.088078
0.289409
0.363662
0.097319
0.088649
0.289801
0.384304
0.184864
0.089059
0.290254
0.397190
0.000000
0.092490
0.291590
0.418500
0.057580
0.089412
0.292874
0.430644
0.164302
0.180113
0.296131
0.448835
0.249395
0.102816
0.289264
0.341666
0.298673
0.095847
0.289368
0.359748
0.186674
0.089127
0.289524
0.371731
0.036631
0.088949
0.290080
0.392878
0.184185
0.089136
0.290687
0.405800
0.006558
0.097888
0.292398
0.426678
0.041586
0.089884
0.293990
0.438278
0.038279
0.252237
0.297918
0.455185
0.055264
0.120289
0.301219
0.463572
0.064330
0.488249
0.308650
0.474399
0.089307
0.390240
0.289692
0.380063
0.204651
0.344311
0.290456
0.401501
0.350402
0.154246
0.291251
0.414312
0.208666
0.109967
0.293403
0.434514
0.104474
0.091225
0.295350
0.445447
0.061739
0.344549
0.300030
0.460933
0.061740
0.154308
0.303883
0.468374
0.068455
0.489229
0.312384
0.477663
0.077664
0.458401
0.318876
0.481532
0.097824
0.489244
0.332185
0.485695
0.086502
0.489244

0.513145
0.346476
0.146803
0.072648
0.511560
0.434988
0.236546
0.069823
0.510591
0.467658
0.271088
0.068050
0.508949
0.487520
0.298160
0.064969
0.507947
0.488636
0.307768
0.063094
0.506250
0.486873
0.331116
0.060321
0.510591
0.492407
0.359674
0.070382
0.508949
0.490329
0.406643
0.073619
0.513150
0.495616
0.442239
0.089738
0.511560
0.493626
0.477415
0.115187
0.304474
0.479818
0.279821
0.061362
0.366789
0.488644
0.288687
0.063349
0.507237
0.488106
0.288263
0.061856
0.505560
0.485988
0.286858
0.059594
0.504516
0.484633
0.286681
0.059427
0.502743
0.482313
0.289246
0.063424
0.507273
0.488191
0.301223
0.087378
0.505561
0.485988
0.318288
0.121701
0.509938
0.491583
0.342823
0.168067
0.508282
0.489481
0.385146
0.252775
0.239843
0.495603
0.295603
0.000000
0.283291
0.493626
0.293626
0.044654
0.298883
0.492407
0.292407
0.063152
0.310551
0.490329
0.290345
0.084747
0.461602
0.489054
0.289122
0.100624
0.506248
0.486877
0.287338
0.146819
0.510591
0.492407
0.293579
0.200961
0.508949
0.490329
0.294704
0.295113
0.513150
0.495616
0.304239
0.363376
0.511560
0.493626
0.316565
0.435796
