0.402920
0.333609
0.333609
0.002349
0.403025
0.304455
0.304455
0.001573
0.403163
0.286820
0.286820
0.001810
0.403548
0.259440
0.259440
0.002280
0.402621
0.245127
0.245127
0.004207
0.404100
0.225872
0.225872
0.002923
0.212668
0.217240
0.217240
0.026081
0.330796
0.207389
0.207389
0.007945
0.412194
0.302917
0.302917
0.126596
0.418488
0.277825
0.277825
0.052110
0.402896
0.379824
0.379824
0.000008
0.402897
0.359586
0.359586
0.000000
0.369962
0.344552
0.344552
0.000349
0.402968
0.316262
0.316262
0.001091
0.205119
0.298534
0.298534
0.001528
0.258514
0.269953
0.269953
0.002099
0.203644
0.254461
0.254461
0.003119
0.204222
0.232846
0.232846
0.002722
0.208493
0.358500
0.358500
0.017546
0.264453
0.330486
0.330486
0.005869
0.291642
0.437007
0.437007
0.048389
0.402994
0.439312
0.439312
0.031204
0.203605
0.437872
0.437872
0.023768
0.220984
0.429475
0.429475
0.014726
0.204383
0.420587
0.420587
0.012644
0.206034
0.399809
0.399809
0.006919
0.207481
0.384418
0.384418
0.028452
0.210973
0.355723
0.355723
0.008787
0.213956
0.478378
0.478378
0.135033
0.220421
0.451763
0.451763
0.056106

0.201920
0.255817
0.255817
0.380927
0.202738
0.268520
0.268520
0.387189
0.203489
0.276651
0.276651
0.388842
0.205300
0.290815
0.290815
0.194146
0.206789
0.299543
0.299543
0.395870
0.210076
0.314165
0.314165
0.398026
0.212597
0.322821
0.322821
0.398937
0.217828
0.336736
0.336736
0.000000
0.221636
0.344630
0.344630
0.000387
0.229170
0.356771
0.356771
0.000822
0.001324
0.234423
0.234423
0.189781
0.022473
0.244395
0.244395
0.172991
0.200505
0.251083
0.251083
0.177958
0.202353
0.263300
0.263300
0.184878
0.202964
0.271193
0.271193
0.214686
0.204483
0.285076
0.285076
0.192697
0.205760
0.293712
0.293712
0.394737
0.208632
0.308327
0.308327
0.397269
0.210868
0.317067
0.317067
0.398357
0.215574
0.331268
0.331268
0.028153
0.001268
0.219040
0.219040
0.339412
0.001272
0.225975
0.225975
0.352082
0.001291
0.230860
0.230860
0.357670
0.002496
0.240226
0.240226
0.169378
0.071466
0.246567
0.246567
0.374716
0.202047
0.258262
0.258262
0.382310
0.202535
0.265888
0.265888
0.386065
0.203791
0.279430
0.279430
0.391085
0.204875
0.287935
0.287935
0.393425
0.207362
0.302470
0.302470
0.396374

0.399955
0.599931
0.599931
0.016888
0.572904
0.599931
0.599931
0.003494
0.599931
0.599931
0.599931
0.001119
0.599931
0.599931
0.599931
0.000060
0.599931
0.599931
0.599931
0.001560
0.599931
0.599921
0.599921
0.000118
0.599931
0.599530
0.599530
0.021008
0.599931
0.583556
0.583556
0.004615
0.599931
0.599931
0.599931
0.113540
0.599931
0.599921
0.599921
0.044325
0.399931
0.599931
0.599931
0.139478
0.399931
0.599931
0.599931
0.052723
0.399931
0.599931
0.599931
0.025886
0.412401
0.599817
0.599817
0.006355
0.399925
0.599931
0.599931
0.002339
0.480216
0.599931
0.599931
0.000263
0.599931
0.599931
0.599931
0.000730
0.599931
0.599931
0.599931
0.000000
0.599931
0.599931
0.599931
0.014339
0.599931
0.599931
0.599931
0.002593
0.378117
0.599931
0.599931
0.375036
0.572904
0.599931
0.599931
0.271842
0.399931
0.599931
0.599931
0.189617
0.403902
0.599931
0.599931
0.080414
0.399931
0.599931
0.599931
0.043631
0.399931
0.599931
0.599931
0.011733
0.399931
0.599931
0.599931
0.025697
0.403902
0.599931
0.599931
0.005391
0.578094
0.599931
0.599931
0.155611
0.599931
0.599931
0.599931
0.055941

0.229708
0.218647
0.033511
0.270947
0.226038
0.222051
0.028949
0.270165
0.204958
0.239213
0.043299
0.298576
0.227407
0.244574
0.046070
0.295674
0.230737
0.262141
0.062882
0.312115
0.210299
0.269130
0.069312
0.294156
0.203720
0.286929
0.086993
0.297205
0.169980
0.295031
0.095037
0.263429
0.248338
0.312766
0.113507
0.348495
0.230695
0.321319
0.121500
0.328055
0.083489
0.214819
0.017613
0.260264
0.223845
0.216235
0.017181
0.258223
0.024112
0.231356
0.031796
0.273816
0.000000
0.234782
0.034875
0.255559
0.037366
0.250516
0.050544
0.258610
0.150870
0.255885
0.055887
0.227695
0.138942
0.272195
0.072195
0.226244
0.106751
0.279242
0.079242
0.198144
0.201408
0.295957
0.095985
0.300901
0.166086
0.304222
0.104223
0.266944
0.043264
0.235899
0.050763
0.298472
0.040035
0.239825
0.046723
0.302701
0.047735
0.255711
0.059797
0.322802
0.040796
0.261532
0.063029
0.321721
0.043453
0.277964
0.078705
0.334262
0.023420
0.285367
0.085548
0.317516
0.022618
0.302142
0.102206
0.317809
0.180588
0.310618
0.110624
0.284951
0.260314
0.327422
0.128163
0.367866
0.242893
0.336317
0.136498
0.348167

0.238735
0.370137
0.370137
0.415596
0.246918
0.381895
0.381895
0.154444
0.229029
0.348063
0.348063
0.042508
0.234627
0.362270
0.162659
0.017548
0.222915
0.323565
0.323565
0.014645
0.226359
0.339045
0.339045
0.015892
0.219531
0.298867
0.298867
0.010730
0.221376
0.314204
0.314204
0.013465
0.217976
0.276098
0.276098
0.003530
0.218780
0.290003
0.290003
0.008479
0.027199
0.342083
0.332358
0.416076
0.049443
0.356735
0.156735
0.416729
0.218129
0.317320
0.117320
0.413882
0.224839
0.332898
0.132898
0.301596
0.219005
0.292921
0.283196
0.092932
0.220539
0.308009
0.108009
0.015770
0.217776
0.270907
0.270907
0.001285
0.218399
0.284295
0.284295
0.006682
0.217412
0.252651
0.252651
0.071697
0.217573
0.263572
0.263572
0.000000
0.020939
0.311099
0.311099
0.413008
0.023512
0.326685
0.326685
0.414920
0.018578
0.287127
0.287127
0.407611
0.020755
0.301889
0.102278
0.411372
0.075930
0.265954
0.265954
0.398240
0.218099
0.278778
0.278778
0.392114
0.217387
0.248760
0.248760
0.192130
0.217487
0.259003
0.259003
0.007117
0.217368
0.235932
0.235932
0.364954
0.217371
0.243440
0.243440
0.364898

0.000399
0.400000
0.398097
0.399999
0.002494
0.400000
0.278109
0.028630
0.006324
0.400000
0.219731
0.000564
0.023929
0.400000
0.200913
0.000000
0.047056
0.400000
0.200090
0.000000
0.117117
0.400000
0.200001
0.000000
0.175668
0.400000
0.219731
0.000564
0.275532
0.400000
0.200913
0.000000
0.327109
0.400000
0.398097
0.399999
0.385654
0.400000
0.278109
0.028630
0.000001
0.397595
0.204010
0.400000
0.000038
0.399989
0.200193
0.400000
0.000168
0.400000
0.200014
0.400000
0.001256
0.400000
0.200000
0.202059
0.003442
0.400000
0.200000
0.008572
0.014494
0.400000
0.200000
0.000004
0.030286
0.400000
0.200014
0.400000
0.084146
0.400000
0.200000
0.202059
0.135709
0.400000
0.206414
0.400000
0.237062
0.400000
0.200204
0.400000
0.000001
0.394508
0.392605
0.400000
0.000038
0.399922
0.278031
0.400000
0.000173
0.399999
0.219730
0.400000
0.001346
0.400000
0.200913
0.400000
0.003761
0.400000
0.200090
0.400000
0.016190
0.400000
0.200001
0.397916
0.034003
0.400000
0.219731
0.400000
0.093187
0.400000
0.200913
0.400000
0.146314
0.400000
0.398097
0.400000
0.238352
0.400000
0.278109
0.400000

0.200000
0.400000
0.400000
0.000131
0.200000
0.400000
0.400000
0.001396
0.200000
0.400000
0.400000
0.000000
0.200443
0.400000
0.400000
0.000022
0.225130
0.399471
0.399471
0.000000
0.400000
0.400000
0.400000
0.000000
0.400000
0.400000
0.400000
0.000000
0.400000
0.400000
0.400000
0.000022
0.400000
0.400000
0.400000
0.000131
0.400000
0.400000
0.400000
0.001396
0.200002
0.400000
0.200000
0.008869
0.207362
0.400000
0.200000
0.039354
0.349518
0.400000
0.400000
0.000366
0.400000
0.400000
0.210032
0.003075
0.400000
0.400000
0.400000
0.000002
0.400000
0.400000
0.400000
0.000075
0.320885
0.400000
0.400000
0.000366
0.400000
0.400000
0.400000
0.003075
0.400000
0.400000
0.400000
0.008869
0.400000
0.400000
0.400000
0.039354
0.399997
0.400000
0.400000
0.126556
0.400000
0.400000
0.400000
0.276989
0.400000
0.400000
0.400000
0.016729
0.400000
0.400000
0.400000
0.065364
0.200077
0.400000
0.400000
0.000914
0.400000
0.400000
0.400000
0.006325
0.200000
0.400000
0.400000
0.016729
0.200000
0.400000
0.400000
0.065364
0.200077
0.400000
0.400000
0.126556
0.400000
0.400000
0.400000
0.276989

0.040702
0.131861
0.068075
0.010788
0.042290
0.136625
0.071306
0.018418
0.037963
0.125624
0.064765
0.000120
0.039724
0.129323
0.066564
0.006545
0.045209
0.132740
0.068954
0.002131
0.049443
0.135405
0.070086
0.007304
0.060020
0.141347
0.075210
0.006951
0.112940
0.143058
0.075718
0.010516
0.184489
0.151225
0.083255
0.015378
0.259400
0.152095
0.083224
0.016705
0.030431
0.127468
0.067439
0.013207
0.031839
0.133598
0.071570
0.021615
0.028806
0.119075
0.062807
0.000852
0.035047
0.124114
0.065410
0.008393
0.055924
0.124099
0.064070
0.000000
0.140056
0.128064
0.066036
0.006688
0.215525
0.130814
0.067703
0.001385
0.245526
0.133731
0.068999
0.006902
0.249995
0.139067
0.073467
0.005452
0.252842
0.141007
0.074124
0.009458
0.055848
0.143832
0.088627
0.018178
0.068835
0.148830
0.091064
0.026509
0.094766
0.137153
0.086853
0.006218
0.205760
0.141139
0.087635
0.013478
0.254493
0.143529
0.088324
0.005193
0.261385
0.146634
0.088869
0.011539
0.265423
0.151280
0.092123
0.006537
0.268136
0.153593
0.092334
0.011718
0.270394
0.160160
0.097761
0.010532
0.274011
0.161803
0.097692
0.014313

0.366452
0.452556
0.452551
0.400842
0.358384
0.442581
0.442581
0.400149
0.366617
0.437110
0.437110
0.399902
0.539182
0.428904
0.428904
0.389011
0.566451
0.452556
0.452556
0.012570
0.557649
0.442581
0.442581
0.000149
0.577977
0.470442
0.470442
0.002973
0.571146
0.459012
0.459012
0.001472
0.586410
0.489990
0.489990
0.018578
0.581488
0.477629
0.477629
0.004193
0.347698
0.433688
0.233691
0.399790
0.336741
0.425949
0.233086
0.399646
0.329766
0.421868
0.368693
0.399618
0.317706
0.415992
0.415992
0.399611
0.349846
0.433688
0.433688
0.399790
0.463538
0.425949
0.425949
0.399646
0.563057
0.448443
0.448443
0.223381
0.553800
0.438889
0.438889
0.000000
0.575393
0.465779
0.465779
0.402299
0.568066
0.454671
0.454671
0.401032
0.366452
0.452556
0.252556
0.400842
0.358384
0.442581
0.242581
0.400149
0.366617
0.437110
0.237110
0.399902
0.539182
0.428904
0.229336
0.399685
0.566451
0.452556
0.276898
0.400842
0.557649
0.442581
0.442581
0.400149
0.577977
0.470442
0.470442
0.402973
0.571146
0.459012
0.459012
0.401472
0.586410
0.489990
0.489990
0.406850
0.581488
0.477629
0.477629
0.404193

0.326289
0.106966
0.106966
0.221480
0.330284
0.169122
0.169122
0.227312
0.315722
0.080404
0.080404
0.213579
0.323263
0.137564
0.137564
0.019256
0.319252
0.161192
0.161192
0.204980
0.322578
0.231750
0.231750
0.210503
0.319073
0.261444
0.261444
0.196542
0.322024
0.333948
0.333948
0.202749
0.324523
0.375146
0.375146
0.206923
0.330481
0.436697
0.436697
0.215114
0.322829
0.220736
0.220736
0.187505
0.325252
0.297839
0.297839
0.018436
0.319278
0.185052
0.185052
0.002825
0.322242
0.257389
0.257389
0.008445
0.319163
0.287396
0.287396
0.170123
0.322402
0.358157
0.358157
0.001124
0.321848
0.384219
0.384219
0.188230
0.327589
0.440540
0.440540
0.197242
0.332588
0.468608
0.468608
0.203947
0.344135
0.505517
0.505517
0.218091
0.319721
0.355598
0.355598
0.204622
0.322114
0.424785
0.424785
0.214661
0.319433
0.312992
0.312992
0.192725
0.323093
0.381166
0.381166
0.000000
0.323364
0.405140
0.405140
0.187250
0.330086
0.456583
0.456583
0.197238
0.334454
0.470086
0.470086
0.187614
0.346555
0.501228
0.501228
0.203356
0.356093
0.514797
0.514797
0.215327
0.375928
0.530688
0.530688
0.240336

0.200078
0.400000
0.400000
0.009862
0.400000
0.400000
0.400000
0.002520
0.400000
0.400000
0.400000
0.000958
0.400000
0.399977
0.399977
0.000133
0.400000
0.399624
0.399624
0.000030
0.400000
0.391265
0.391265
0.000001
0.400000
0.370314
0.355205
0.000000
0.400000
0.291210
0.091237
0.000000
0.400000
0.399624
0.254102
0.000030
0.400000
0.391265
0.391264
0.000001
0.200000
0.400000
0.400000
0.077205
0.200000
0.400000
0.400000
0.030461
0.200000
0.400000
0.400000
0.015880
0.258095
0.400000
0.399999
0.004494
0.400000
0.400000
0.215414
0.001852
0.400000
0.399998
0.199998
0.000313
0.400000
0.399936
0.011020
0.000083
0.400000
0.396995
0.188064
0.000004
0.400000
0.400000
0.015414
0.001852
0.400000
0.399998
0.000580
0.000313
0.200078
0.400000
0.400000
0.270065
0.400000
0.400000
0.400000
0.160945
0.400000
0.400000
0.399604
0.106124
0.400000
0.400000
0.400000
0.045212
0.400000
0.400000
0.201662
0.024714
0.400000
0.400000
0.301161
0.007665
0.400000
0.400000
0.184891
0.003385
0.400000
0.400000
0.000084
0.000672
0.400000
0.400000
0.200000
0.024714
0.400000
0.400000
0.200000
0.007665

0.401133
0.601133
0.559055
0.087627
0.401133
0.601133
0.591257
0.057986
0.401133
0.601133
0.476287
0.005526
0.401168
0.601133
0.528908
0.003444
0.401952
0.601133
0.422320
0.001180
0.446925
0.601133
0.450609
0.001154
0.573921
0.601133
0.404802
0.005379
0.601133
0.601133
0.412790
0.001453
0.601133
0.601133
0.401466
0.080510
0.601133
0.601133
0.402771
0.016264
0.401134
0.601133
0.458454
0.161749
0.401439
0.601133
0.507200
0.340691
0.406022
0.601133
0.415467
0.016319
0.530579
0.601133
0.437165
0.076547
0.600902
0.601133
0.403299
0.001588
0.601133
0.601133
0.408663
0.005879
0.601128
0.601133
0.401290
0.001140
0.601133
0.601133
0.402036
0.001212
0.598535
0.601133
0.401135
0.000621
0.601043
0.601133
0.401176
0.005881
0.424370
0.601133
0.410540
0.479523
0.596280
0.601133
0.426609
0.416244
0.601133
0.601133
0.402357
0.238870
0.601133
0.601133
0.405838
0.382514
0.601096
0.601133
0.401200
0.031423
0.601133
0.601133
0.401604
0.127723
0.594507
0.601133
0.401134
0.000000
0.600711
0.601133
0.401148
0.011512
0.539498
0.601133
0.401133
0.049155
0.581661
0.601133
0.401133
0.123361

0.399506
0.599506
0.599506
0.029788
0.399506
0.599506
0.599506
0.005806
0.399506
0.599506
0.599506
0.001543
0.401394
0.599506
0.599506
0.000000
0.515202
0.599506
0.599506
0.011299
0.599506
0.599506
0.599506
0.392039
0.599506
0.599506
0.599506
0.401543
0.599506
0.599506
0.599506
0.399716
0.599506
0.599506
0.599506
0.429788
0.599506
0.599506
0.599506
0.405806
0.399513
0.599506
0.599506
0.000386
0.437801
0.599506
0.599506
0.003294
0.599503
0.599506
0.599506
0.087500
0.599506
0.599506
0.599506
0.399506
0.599506
0.599506
0.400235
0.399506
0.599506
0.599506
0.599506
0.399506
0.599506
0.599506
0.599506
0.399516
0.599506
0.599506
0.599506
0.399506
0.599506
0.599506
0.599506
0.400383
0.599506
0.599506
0.599506
0.399576
0.599506
0.599506
0.599506
0.353306
0.599506
0.599506
0.599506
0.405806
0.599506
0.599506
0.399507
0.401543
0.599506
0.599506
0.599321
0.399716
0.599506
0.599506
0.399506
0.399545
0.599506
0.599506
0.399506
0.399507
0.599506
0.599506
0.399507
0.401543
0.599506
0.599506
0.599321
0.399716
0.599506
0.599506
0.599506
0.429788
0.599506
0.599506
0.599506
0.405806

0.399998
0.599998
0.599998
0.407658
0.400209
0.599998
0.599998
0.402190
0.402994
0.599998
0.599998
0.400908
0.483336
0.599995
0.599995
0.285891
0.592031
0.599932
0.599932
0.005103
0.599998
0.597809
0.597809
0.000000
0.599998
0.599998
0.599998
0.000908
0.599998
0.599995
0.599995
0.000154
0.599998
0.599998
0.599998
0.012721
0.599998
0.599998
0.599998
0.002190
0.200062
0.599998
0.599998
0.400471
0.399990
0.599972
0.599972
0.400065
0.399998
0.599670
0.599670
0.400013
0.400024
0.594183
0.594183
0.399998
0.400539
0.582116
0.582116
0.399998
0.426647
0.540740
0.540740
0.399998
0.526629
0.599670
0.599670
0.103972
0.599998
0.594183
0.594183
0.000014
0.599998
0.599998
0.599998
0.400471
0.599998
0.599972
0.599972
0.400065
0.199998
0.599998
0.599998
0.407658
0.200209
0.599998
0.599998
0.402190
0.202994
0.599998
0.599998
0.400908
0.329520
0.599995
0.599995
0.400154
0.592031
0.599932
0.599932
0.400040
0.599998
0.597809
0.597809
0.400000
0.599998
0.599998
0.599998
0.400908
0.599998
0.599995
0.599995
0.400154
0.599998
0.599998
0.599998
0.407658
0.599998
0.599998
0.599998
0.402190

0.204808
0.400000
0.214499
0.400000
0.400000
0.400000
0.200730
0.329227
0.400000
0.400000
0.200077
0.082156
0.400000
0.400000
0.200001
0.001502
0.400000
0.400000
0.214499
0.000065
0.400000
0.400000
0.200730
0.000000
0.400000
0.400000
0.389976
0.000000
0.400000
0.400000
0.257880
0.000000
0.400000
0.400000
0.400000
0.000065
0.400000
0.400000
0.399983
0.000000
0.200000
0.400000
0.200013
0.400000
0.200000
0.400000
0.200000
0.400000
0.200005
0.400000
0.200000
0.400000
0.400000
0.400000
0.200000
0.398802
0.399998
0.400000
0.200013
0.238985
0.400000
0.400000
0.200000
0.008838
0.400000
0.400000
0.204839
0.000567
0.400000
0.400000
0.200171
0.000001
0.400000
0.400000
0.346279
0.238985
0.400000
0.400000
0.223896
0.008838
0.204808
0.400000
0.214499
0.400000
0.400000
0.400000
0.200730
0.400000
0.200555
0.400000
0.200077
0.400000
0.400000
0.400000
0.200001
0.400000
0.200000
0.400000
0.214499
0.400000
0.200000
0.400000
0.200730
0.400000
0.200555
0.400000
0.389976
0.383875
0.400000
0.400000
0.257880
0.041640
0.400000
0.400000
0.400000
0.400000
0.400000
0.400000
0.399983
0.400000

0.200006
0.485415
0.146199
0.400000
0.241237
0.492516
0.148748
0.408356
0.387448
0.473048
0.150084
0.387469
0.395167
0.480914
0.145292
0.395167
0.376228
0.459670
0.270942
0.376228
0.383089
0.468134
0.168835
0.383089
0.387469
0.473048
0.343116
0.011660
0.395167
0.480914
0.334658
0.395167
0.400000
0.485415
0.346143
0.000000
0.408356
0.492516
0.348747
0.008356
0.184528
0.469787
0.142558
0.384528
0.192032
0.477820
0.144097
0.392032
0.173646
0.456205
0.141010
0.373646
0.181915
0.464786
0.141854
0.380277
0.267107
0.442033
0.142816
0.364311
0.369957
0.450939
0.140769
0.369957
0.373646
0.456205
0.218550
0.373646
0.380277
0.464786
0.153018
0.380277
0.384528
0.469787
0.342473
0.384528
0.392032
0.477820
0.299349
0.392032
0.171168
0.452702
0.140812
0.371162
0.210435
0.461387
0.141467
0.377554
0.362211
0.438443
0.147194
0.362233
0.367622
0.447392
0.140923
0.367622
0.354963
0.424093
0.269784
0.354963
0.359311
0.433050
0.166691
0.359311
0.362233
0.438443
0.340226
0.362233
0.367622
0.447392
0.330289
0.367622
0.371162
0.452702
0.340756
0.371162
0.377554
0.461387
0.341467
0.377554

0.394841
0.598113
0.598113
0.400963
0.395451
0.595611
0.595611
0.000518
0.393828
0.589328
0.589328
0.000000
0.395492
0.567536
0.567536
0.000098
0.397518
0.598159
0.598159
0.400963
0.405577
0.595611
0.595611
0.000518
0.415854
0.598773
0.598773
0.405681
0.448717
0.598934
0.598934
0.402242
0.479740
0.599087
0.599087
0.422729
0.541175
0.599270
0.599270
0.410191
0.393303
0.557018
0.557018
0.399910
0.394154
0.551063
0.551063
0.400038
0.391274
0.528583
0.528583
0.399642
0.392685
0.485767
0.485767
0.063612
0.393368
0.582521
0.582521
0.399910
0.394676
0.553815
0.553815
0.400038
0.396033
0.597542
0.597542
0.400560
0.401344
0.592250
0.592250
0.400336
0.408399
0.598687
0.598687
0.403800
0.432795
0.598747
0.598747
0.401501
0.390509
0.597071
0.597071
0.400362
0.392217
0.594640
0.594640
0.399900
0.288321
0.588146
0.588146
0.399356
0.389949
0.566446
0.566446
0.399481
0.393187
0.597117
0.597117
0.400362
0.402342
0.594640
0.594640
0.399900
0.413033
0.597840
0.597840
0.405118
0.446384
0.598060
0.598060
0.401701
0.477624
0.598244
0.598244
0.422199
0.539341
0.598474
0.598474
0.409681

0.200001
0.400000
0.200040
0.400000
0.199957
0.400000
0.200002
0.399913
0.200284
0.400000
0.201028
0.398456
0.203499
0.400000
0.200159
0.400000
0.135011
0.400000
0.209800
0.000000
0.262940
0.400000
0.202609
0.016446
0.127686
0.400000
0.250270
0.000000
0.237860
0.400000
0.219330
0.000000
0.322914
0.400000
0.339858
0.000000
0.399875
0.400000
0.279839
0.016446
0.196280
0.400000
0.200000
0.396284
0.170866
0.400000
0.200000
0.370866
0.063097
0.400000
0.200013
0.399997
0.192748
0.400000
0.200000
0.399493
0.000861
0.400000
0.200514
0.400000
0.017192
0.400000
0.200065
0.400000
0.005393
0.400000
0.205951
0.000035
0.034844
0.400000
0.201421
0.281579
0.082451
0.400000
0.235225
0.400000
0.196391
0.400000
0.212401
0.400000
0.026112
0.400000
0.200040
0.400000
0.154276
0.400000
0.200002
0.399913
0.000464
0.400000
0.201028
0.400000
0.008735
0.400000
0.200159
0.400000
0.012060
0.400000
0.209800
0.400000
0.063078
0.400000
0.202609
0.400000
0.124818
0.400000
0.250270
0.400000
0.196355
0.400000
0.219330
0.400000
0.199962
0.400000
0.339858
0.400000
0.200014
0.400000
0.279839
0.400000

0.373620
0.329653
0.329653
0.013635
0.367784
0.342361
0.342361
0.008990
0.363916
0.352682
0.352682
0.007095
0.356893
0.372868
0.372868
0.004622
0.352380
0.385474
0.385474
0.003449
0.344540
0.398292
0.398292
0.001934
0.339797
0.413327
0.413327
0.001284
0.332275
0.422180
0.422180
0.000473
0.328306
0.424077
0.424077
0.001396
0.323394
0.423035
0.423035
0.000000
0.361190
0.360433
0.360433
0.036155
0.353905
0.381333
0.381333
0.011016
0.349277
0.393600
0.393600
0.005394
0.341371
0.410665
0.410665
0.001810
0.336699
0.417768
0.417768
0.000975
0.329564
0.423699
0.423699
0.000259
0.326034
0.424175
0.424175
0.002634
0.322278
0.421695
0.421695
0.000153
0.321806
0.419231
0.419231
0.029904
0.324977
0.414853
0.414853
0.006948
0.175059
0.438931
0.438931
0.232678
0.368944
0.451698
0.451698
0.103950
0.166030
0.455690
0.455690
0.056436
0.161902
0.456423
0.456423
0.017848
0.161319
0.454107
0.454107
0.008659
0.359689
0.447719
0.447719
0.002754
0.361193
0.443262
0.443262
0.050626
0.367629
0.435860
0.435860
0.013698
0.374129
0.431676
0.431676
0.220423
0.389275
0.425296
0.425296
0.094959

0.195467
0.470835
0.300586
0.052073
0.187006
0.496380
0.329757
0.043956
0.174594
0.494851
0.331220
0.030163
0.167417
0.497465
0.340101
0.022972
0.156936
0.486099
0.333208
0.012310
0.153359
0.480127
0.335749
0.004048
0.153423
0.475942
0.337227
0.062700
0.159019
0.468407
0.339881
0.006184
0.191507
0.495776
0.342885
0.363710
0.210123
0.489456
0.345078
0.159391
0.169439
0.373807
0.212497
0.024961
0.161909
0.407527
0.253089
0.018004
0.150921
0.418748
0.269112
0.011356
0.144516
0.445860
0.305215
0.000000
0.135207
0.446240
0.311499
0.099734
0.130328
0.450181
0.325943
0.004955
0.128326
0.447703
0.330065
0.367633
0.127174
0.440263
0.333926
0.206442
0.146944
0.470679
0.335938
0.396602
0.150380
0.462909
0.338670
0.392285
0.186850
0.459330
0.289081
0.055168
0.177850
0.484782
0.318160
0.033979
0.167088
0.483546
0.319915
0.203625
0.159175
0.486028
0.328663
0.055811
0.151198
0.475068
0.322177
0.396515
0.146391
0.468915
0.324537
0.302867
0.145918
0.464637
0.325922
0.389102
0.150777
0.456969
0.328443
0.384750
0.182890
0.484271
0.331380
0.407413
0.200967
0.477859
0.333481
0.401554

0.399988
0.598609
0.598609
0.425218
0.400219
0.595619
0.595619
0.414812
0.401492
0.592170
0.592170
0.410358
0.493864
0.582394
0.582394
0.405293
0.595808
0.573671
0.573671
0.403354
0.599988
0.554308
0.554308
0.401397
0.599988
0.540247
0.540247
0.002157
0.599988
0.514387
0.514387
0.400214
0.599986
0.498445
0.498445
0.000079
0.599970
0.473097
0.473097
0.000000
0.293707
0.588928
0.588928
0.408015
0.399988
0.576828
0.576828
0.403925
0.199990
0.566618
0.566618
0.402408
0.203949
0.545099
0.545099
0.400935
0.294305
0.530153
0.530153
0.400475
0.430505
0.503740
0.503740
0.400114
0.538981
0.488023
0.488023
0.400033
0.599947
0.463803
0.463803
0.399992
0.599864
0.451080
0.451080
0.399988
0.599378
0.433520
0.433520
0.399988
0.199988
0.598609
0.598609
0.425218
0.200481
0.595619
0.595619
0.414812
0.203365
0.592170
0.592170
0.410358
0.293864
0.582394
0.582394
0.405293
0.395808
0.573671
0.573671
0.403354
0.400250
0.554308
0.554308
0.401397
0.413062
0.540247
0.540247
0.400754
0.599986
0.514387
0.514387
0.400214
0.599986
0.498445
0.498445
0.400079
0.599970
0.473097
0.473097
0.400000

0.351488
0.447276
0.447276
0.401277
0.542088
0.438721
0.438721
0.400534
0.536244
0.434010
0.434010
0.089732
0.525889
0.426899
0.426899
0.000000
0.551432
0.447276
0.366889
0.001277
0.542162
0.438721
0.438538
0.000534
0.564495
0.462597
0.265382
0.092907
0.556600
0.452803
0.292845
0.001929
0.575166
0.479473
0.399086
0.407151
0.568783
0.468777
0.468594
0.404621
0.332170
0.431053
0.431045
0.400127
0.321604
0.424319
0.424319
0.399950
0.315061
0.420735
0.281678
0.399912
0.342030
0.415513
0.407540
0.399902
0.532170
0.431053
0.231810
0.400104
0.521604
0.424319
0.239585
0.000075
0.547819
0.443752
0.243752
0.400933
0.538244
0.435544
0.235623
0.400337
0.561447
0.458598
0.259355
0.402763
0.553189
0.449087
0.264353
0.401475
0.351488
0.447276
0.272468
0.401277
0.542088
0.438721
0.389829
0.400534
0.536244
0.434010
0.234186
0.400256
0.525889
0.426899
0.231970
0.400000
0.551432
0.447276
0.247276
0.401277
0.542162
0.438721
0.238734
0.400534
0.564495
0.462597
0.262597
0.403432
0.556600
0.452803
0.252803
0.401928
0.575166
0.479473
0.279473
0.407151
0.568783
0.468777
0.268790
0.404621

0.200000
0.400000
0.400000
0.017544
0.200000
0.400000
0.400000
0.000500
0.200000
0.400000
0.400000
0.000032
0.200603
0.400000
0.400000
0.000000
0.236308
0.400000
0.399938
0.000000
0.400000
0.400000
0.200058
0.000000
0.400000
0.400000
0.213060
0.000032
0.400000
0.400000
0.364602
0.000000
0.400000
0.400000
0.399975
0.017544
0.400000
0.400000
0.400000
0.000500
0.200003
0.400000
0.400000
0.399792
0.210588
0.400000
0.400000
0.210363
0.377010
0.400000
0.231200
0.055224
0.400000
0.400000
0.200000
0.002350
0.400000
0.400000
0.002898
0.000214
0.400000
0.400000
0.080524
0.000001
0.400000
0.400000
0.040553
0.055224
0.400000
0.400000
0.000206
0.002350
0.400000
0.400000
0.202898
0.399792
0.400000
0.400000
0.280524
0.210363
0.400000
0.400000
0.323157
0.400000
0.400000
0.400000
0.400000
0.400000
0.400000
0.400000
0.200526
0.400000
0.400000
0.400000
0.225653
0.344775
0.400000
0.400000
0.199962
0.143756
0.400000
0.400000
0.000084
0.009327
0.400000
0.400000
0.200000
0.400000
0.400000
0.400000
0.200000
0.344775
0.400000
0.400000
0.200000
0.400000
0.400000
0.400000
0.200026
0.400000

0.278135
0.425026
0.425026
0.050564
0.279496
0.375114
0.375114
0.046544
0.097815
0.336950
0.336950
0.044063
0.274203
0.267444
0.267444
0.039139
0.324310
0.230996
0.230996
0.049681
0.385112
0.171793
0.171793
0.046356
0.429517
0.340861
0.340861
0.054049
0.471579
0.271589
0.271589
0.051420
0.479382
0.428617
0.428617
0.058388
0.479412
0.378898
0.378898
0.055572
0.079348
0.461827
0.461827
0.050223
0.165892
0.448991
0.448991
0.039623
0.074857
0.433742
0.433742
0.033370
0.075281
0.391711
0.391711
0.000000
0.082896
0.361855
0.361855
0.042361
0.180648
0.294357
0.294357
0.036673
0.302721
0.438152
0.438152
0.049904
0.357038
0.396428
0.396428
0.045193
0.401359
0.465828
0.465828
0.060996
0.459981
0.453237
0.453237
0.053241
0.077732
0.464395
0.464395
0.087286
0.076953
0.466186
0.466186
0.064789
0.076427
0.464175
0.464175
0.055355
0.075585
0.455669
0.455669
0.043640
0.077796
0.448966
0.448966
0.052054
0.077562
0.415675
0.415675
0.047026
0.081384
0.468086
0.468086
0.065341
0.116159
0.459813
0.459813
0.055921
0.234466
0.471547
0.471547
0.095110
0.336016
0.469998
0.469998
0.073817

0.037128
0.286451
0.286451
0.399958
0.049409
0.306470
0.306470
0.405966
0.026962
0.303983
0.303983
0.008166
0.034717
0.330494
0.330494
0.161829
0.025289
0.307669
0.307669
0.003162
0.031539
0.341437
0.341437
0.000647
0.031442
0.296506
0.296506
0.006148
0.038946
0.333705
0.333705
0.004497
0.045854
0.354379
0.354379
0.008210
0.058804
0.379642
0.379642
0.007096
0.023138
0.238411
0.238411
0.396431
0.027932
0.262854
0.262854
0.398849
0.019091
0.233057
0.233057
0.399132
0.021279
0.269807
0.269807
0.397669
0.018559
0.220994
0.220994
0.011985
0.020362
0.264828
0.264828
0.268918
0.021935
0.211333
0.211333
0.002117
0.025142
0.253147
0.253147
0.000000
0.028924
0.279911
0.279911
0.022263
0.035363
0.319102
0.319102
0.356563
0.019377
0.179347
0.179347
0.383117
0.020558
0.210407
0.210407
0.391291
0.018110
0.154326
0.154326
0.394720
0.018245
0.193570
0.193570
0.398185
0.017687
0.137247
0.137247
0.398977
0.017827
0.177348
0.177348
0.398559
0.019049
0.136373
0.136373
0.086269
0.020036
0.171728
0.171728
0.403709
0.021987
0.196657
0.196657
0.407880
0.024655
0.238007
0.238007
0.406904

0.200000
0.400000
0.400000
0.400000
0.200000
0.400000
0.400000
0.400000
0.200000
0.400000
0.400000
0.008354
0.200021
0.400000
0.394913
0.367218
0.200377
0.400000
0.343627
0.000000
0.216091
0.400000
0.230729
0.000220
0.283523
0.400000
0.207959
0.000000
0.399898
0.400000
0.200481
0.000000
0.400000
0.400000
0.200059
0.000000
0.400000
0.400000
0.200001
0.000220
0.200001
0.400000
0.399988
0.400000
0.200153
0.400000
0.367781
0.400000
0.201942
0.400000
0.288821
0.400000
0.251616
0.400000
0.212834
0.400000
0.361663
0.400000
0.202827
0.061508
0.400000
0.400000
0.200124
0.399998
0.400000
0.400000
0.000019
0.000002
0.400000
0.400000
0.050117
0.002709
0.400000
0.400000
0.200000
0.061508
0.400000
0.400000
0.200000
0.399998
0.208314
0.400000
0.400000
0.400000
0.323086
0.400000
0.400000
0.400000
0.398081
0.400000
0.339606
0.400000
0.400000
0.400000
0.394913
0.400000
0.400000
0.400000
0.143627
0.400000
0.400000
0.400000
0.033172
0.400000
0.400000
0.400000
0.007959
0.261696
0.400000
0.400000
0.000481
0.400000
0.400000
0.400000
0.000059
0.400000
0.400000
0.400000
0.002443
0.400000

0.173791
0.384241
0.384241
0.396344
0.190127
0.385698
0.385698
0.397328
0.169935
0.386290
0.386290
0.397904
0.176900
0.387876
0.248472
0.398842
0.171904
0.382313
0.184820
0.040864
0.175126
0.388888
0.188889
0.000287
0.177657
0.390406
0.390406
0.000812
0.183942
0.391823
0.252419
0.001668
0.189715
0.392519
0.392519
0.043645
0.204542
0.393631
0.393631
0.002994
0.155168
0.380422
0.379996
0.394278
0.163111
0.382665
0.190765
0.395328
0.161049
0.372505
0.172686
0.395942
0.165149
0.382811
0.182811
0.396938
0.166262
0.333746
0.133746
0.397522
0.169122
0.365002
0.165002
0.398470
0.170776
0.377016
0.177197
0.389171
0.173734
0.387114
0.187114
0.000000
0.175899
0.389505
0.389080
0.400462
0.181024
0.391324
0.199424
0.401328
0.124946
0.359493
0.359493
0.392065
0.147136
0.374718
0.374718
0.393191
0.151167
0.313233
0.313233
0.393848
0.156671
0.349334
0.209930
0.394913
0.159293
0.254191
0.056697
0.395534
0.163055
0.293606
0.093608
0.396544
0.165032
0.318235
0.318235
0.397134
0.168006
0.354076
0.214672
0.398094
0.169673
0.369587
0.369587
0.398656
0.172490
0.384276
0.384276
0.399572

0.380880
0.455228
0.455228
0.580879
0.380880
0.494367
0.494367
0.580880
0.380881
0.518424
0.518424
0.280876
0.380902
0.552164
0.552164
0.569377
0.380961
0.565844
0.565844
0.180980
0.381314
0.577448
0.577448
0.000000
0.381870
0.579831
0.579831
0.180880
0.384055
0.580803
0.580803
0.180913
0.386678
0.580870
0.580870
0.180880
0.394811
0.580880
0.580880
0.180880
0.380884
0.533273
0.533273
0.580880
0.380934
0.561896
0.561896
0.580880
0.381047
0.571983
0.571983
0.412099
0.381641
0.579278
0.579278
0.380880
0.382502
0.580471
0.580471
0.206911
0.385656
0.580859
0.580859
0.380806
0.389259
0.580878
0.580878
0.014615
0.399910
0.580880
0.580880
0.041210
0.410130
0.580880
0.580880
0.180881
0.435216
0.580880
0.580880
0.181104
0.381201
0.576051
0.576051
0.580880
0.382154
0.580214
0.580214
0.580880
0.195153
0.580741
0.580741
0.580880
0.387871
0.580875
0.580875
0.580880
0.192705
0.580879
0.580879
0.580452
0.206351
0.580880
0.580880
0.380927
0.230610
0.580880
0.580880
0.537746
0.448178
0.580880
0.580880
0.580880
0.470279
0.580880
0.580880
0.190975
0.510554
0.580880
0.580880
0.336961

0.316976
0.548003
0.548003
0.167305
0.480036
0.514781
0.514781
0.097635
0.423581
0.490738
0.490738
0.061819
0.440285
0.446214
0.446214
0.023717
0.408241
0.416293
0.416293
0.011942
0.416238
0.371055
0.371055
0.003111
0.401761
0.332778
0.332778
0.001197
0.403745
0.301314
0.301314
0.000171
0.397437
0.242652
0.242652
0.000038
0.393207
0.235765
0.235765
0.000000
0.218575
0.586396
0.586396
0.083063
0.233515
0.571741
0.571741
0.039894
0.219092
0.555628
0.555628
0.025132
0.408345
0.528513
0.528513
0.011396
0.401438
0.489570
0.489570
0.006974
0.403712
0.458179
0.458179
0.002900
0.400182
0.384057
0.384057
0.001612
0.400659
0.361398
0.361398
0.000507
0.399794
0.259087
0.259087
0.000215
0.399194
0.230502
0.230502
0.000031
0.204407
0.593094
0.593094
0.250836
0.209563
0.593306
0.593306
0.157093
0.200932
0.566146
0.566146
0.108865
0.202657
0.568760
0.568760
0.053885
0.202015
0.503317
0.503317
0.034241
0.315495
0.504937
0.504937
0.015686
0.399916
0.408098
0.408098
0.009693
0.400030
0.399325
0.399325
0.004169
0.399993
0.299877
0.299877
0.002396
0.399958
0.277274
0.277274
0.000832

0.346522
0.400000
0.318676
0.400000
0.383726
0.400000
0.200015
0.400000
0.267202
0.400000
0.400000
0.400000
0.316215
0.400000
0.400000
0.400000
0.219116
0.400000
0.400000
0.055239
0.244200
0.400000
0.400000
0.400000
0.203428
0.400000
0.400000
0.000000
0.210632
0.400000
0.400000
0.000958
0.200327
0.399995
0.399995
0.000000
0.201557
0.400000
0.400000
0.000000
0.051233
0.400000
0.200000
0.400000
0.294607
0.400000
0.200000
0.400000
0.213022
0.400000
0.206377
0.400000
0.232269
0.400000
0.200000
0.400000
0.202047
0.400000
0.400000
0.400000
0.206929
0.400000
0.396442
0.400000
0.200157
0.399964
0.399964
0.314597
0.200870
0.400000
0.400000
0.400000
0.200003
0.394496
0.394496
0.000005
0.200044
0.399630
0.399630
0.016149
0.008616
0.400000
0.318676
0.400000
0.022918
0.400000
0.200015
0.400000
0.001172
0.400000
0.400000
0.400000
0.032224
0.400000
0.400000
0.400000
0.200069
0.399818
0.399818
0.400000
0.200461
0.399998
0.399998
0.400000
0.200001
0.388240
0.388240
0.400000
0.200016
0.398726
0.398726
0.400000
0.200000
0.326592
0.326592
0.399999
0.200000
0.371647
0.371647
0.400000

0.399795
0.597963
0.597963
0.411546
0.400095
0.593507
0.593507
0.405584
0.401178
0.588296
0.588296
0.009912
0.526596
0.573818
0.573818
0.401218
0.493678
0.561409
0.561409
0.000541
0.575851
0.535541
0.535541
0.000000
0.411842
0.518079
0.518079
0.006413
0.449306
0.488586
0.488586
0.399804
0.400345
0.561409
0.561409
0.400541
0.404098
0.535541
0.535541
0.400000
0.385710
0.583432
0.583432
0.402318
0.399686
0.565843
0.565843
0.400729
0.262337
0.551728
0.551728
0.400257
0.347242
0.523986
0.523986
0.399905
0.206754
0.506176
0.506176
0.399832
0.273767
0.477373
0.477373
0.399798
0.370718
0.461781
0.461781
0.399795
0.401761
0.440000
0.440000
0.399795
0.399796
0.506176
0.506176
0.399832
0.399833
0.477373
0.477373
0.399798
0.238312
0.597963
0.597963
0.411546
0.312049
0.593507
0.593507
0.405584
0.207513
0.588296
0.588296
0.403372
0.343076
0.573818
0.573818
0.401218
0.399563
0.561409
0.561409
0.400541
0.400659
0.535541
0.535541
0.400000
0.399795
0.518079
0.518079
0.399873
0.399805
0.488586
0.488586
0.399804
0.399795
0.561408
0.561408
0.400541
0.399795
0.535541
0.535541
0.400000

0.399999
0.599999
0.506787
0.592464
0.399999
0.599999
0.565065
0.506668
0.399999
0.599999
0.430163
0.344594
0.400014
0.599999
0.471688
0.057629
0.400218
0.599999
0.404689
0.012681
0.407134
0.599999
0.416077
0.000605
0.436743
0.599999
0.400357
0.000068
0.580455
0.599999
0.401977
0.000000
0.599948
0.599999
0.404689
0.003149
0.599999
0.599999
0.416077
0.000266
0.400000
0.599999
0.420006
0.430381
0.400094
0.599999
0.452177
0.404818
0.400993
0.599999
0.402667
0.401262
0.422136
0.599999
0.410105
0.400037
0.486828
0.599999
0.400159
0.378497
0.599176
0.599999
0.401044
0.113830
0.599948
0.599999
0.400001
0.028467
0.599999
0.599999
0.400039
0.001441
0.599999
0.599999
0.400159
0.000162
0.599999
0.599999
0.401044
0.000000
0.403836
0.599999
0.401447
0.592464
0.458144
0.599999
0.406117
0.511979
0.554456
0.599999
0.400064
0.455209
0.599998
0.599999
0.400519
0.410649
0.599657
0.599999
0.400000
0.402806
0.599998
0.599999
0.400012
0.400265
0.573933
0.599999
0.399999
0.373251
0.597108
0.599999
0.399999
0.223438
0.599657
0.599999
0.400000
0.077461
0.599998
0.599999
0.400012
0.005520

0.202901
0.210953
0.018975
0.113051
0.205453
0.226125
0.057234
0.116277
0.199252
0.224701
0.025149
0.096662
0.202380
0.242789
0.045843
0.111344
0.196266
0.241907
0.049928
0.078848
0.200465
0.262012
0.093121
0.098370
0.203354
0.274164
0.134393
0.289157
0.208964
0.294141
0.227639
0.167737
0.212898
0.305738
0.279357
0.323037
0.220574
0.324001
0.322817
0.330705
0.207597
0.199819
0.000000
0.092464
0.209871
0.210976
0.012469
0.110310
0.203847
0.208176
0.008178
0.099864
0.206313
0.222549
0.022586
0.115476
0.200128
0.220890
0.021071
0.098629
0.203071
0.238310
0.039803
0.113162
0.205002
0.249361
0.053633
0.124528
0.208638
0.268489
0.087259
0.130256
0.211152
0.280206
0.119504
0.267686
0.216069
0.299721
0.201887
0.162793
0.212120
0.223875
0.023875
0.138117
0.214425
0.238524
0.038535
0.138800
0.208452
0.238577
0.038577
0.127791
0.211754
0.256049
0.056049
0.138372
0.206385
0.256925
0.056926
0.137065
0.210282
0.276291
0.076302
0.134125
0.213000
0.288040
0.088105
0.320731
0.218338
0.307401
0.108083
0.194765
0.222117
0.318659
0.120811
0.348104
0.229547
0.336400
0.147182
0.353228

0.447697
0.526545
0.526545
0.414118
0.596195
0.512567
0.512567
0.409519
0.594903
0.504014
0.504014
0.407324
0.591972
0.489777
0.489777
0.404493
0.589669
0.481393
0.481393
0.017513
0.584768
0.467950
0.467950
0.399478
0.581124
0.460319
0.460319
0.001100
0.573788
0.448516
0.448516
0.000780
0.568606
0.442055
0.442055
0.000230
0.558690
0.432414
0.432414
0.000048
0.393856
0.498299
0.498299
0.406075
0.391029
0.484167
0.484167
0.403617
0.398031
0.475922
0.475922
0.402540
0.569817
0.462821
0.462821
0.401283
0.578383
0.455452
0.450831
0.400791
0.570399
0.444154
0.444154
0.400292
0.564828
0.438026
0.238030
0.107258
0.554295
0.428965
0.245454
0.400017
0.547284
0.424231
0.419610
0.000000
0.534617
0.417495
0.417495
0.004450
0.397755
0.526545
0.526545
0.414118
0.396200
0.512567
0.512567
0.409519
0.394903
0.504014
0.359925
0.407324
0.392025
0.489777
0.489777
0.404493
0.391208
0.481393
0.281393
0.403227
0.478610
0.467950
0.268834
0.401714
0.580317
0.460319
0.260319
0.401100
0.573788
0.448516
0.248516
0.400450
0.568606
0.442055
0.242055
0.352701
0.558690
0.432414
0.233298
0.400048

0.210323
0.260068
0.259677
0.380824
0.211162
0.271553
0.250265
0.388276
0.211914
0.278923
0.215015
0.392053
0.213695
0.291833
0.147633
0.397256
0.215136
0.299850
0.126163
0.000000
0.218270
0.313427
0.119035
0.403069
0.220643
0.321577
0.123431
0.004583
0.225516
0.334909
0.135109
0.006471
0.229029
0.342631
0.142669
0.007521
0.235928
0.354811
0.154812
0.408258
0.209679
0.240709
0.142027
0.361604
0.209874
0.249746
0.084081
0.371912
0.210104
0.255791
0.070587
0.377433
0.210770
0.266830
0.069556
0.385470
0.211389
0.273973
0.074785
0.389592
0.212896
0.286589
0.086658
0.395333
0.214142
0.294488
0.094499
0.314831
0.216899
0.307981
0.107981
0.401874
0.219018
0.316150
0.116150
0.403609
0.223420
0.329631
0.129631
0.405799
0.009617
0.226636
0.226245
0.337512
0.009622
0.233009
0.211721
0.350057
0.014922
0.237468
0.173559
0.357122
0.209772
0.245972
0.101771
0.367950
0.209939
0.251710
0.078024
0.373809
0.210455
0.262277
0.067885
0.382431
0.210956
0.269171
0.071025
0.386902
0.212215
0.281449
0.081649
0.393201
0.213280
0.289200
0.089238
0.396320
0.215686
0.302551
0.102552
0.400515

0.007455
0.371081
0.171295
0.000734
0.013821
0.384111
0.184112
0.000714
0.005912
0.341117
0.225659
0.000713
0.014655
0.361084
0.164123
0.000714
0.018258
0.304337
0.304337
0.000711
0.041000
0.327717
0.320289
0.000711
0.062110
0.341117
0.341117
0.002849
0.109077
0.361084
0.361084
0.000865
0.140709
0.371127
0.371127
0.047479
0.186929
0.384111
0.384111
0.008504
0.002137
0.321570
0.121570
0.005874
0.003976
0.352259
0.152259
0.001190
0.001127
0.294790
0.094816
0.000749
0.002355
0.318438
0.118438
0.000708
0.002662
0.260500
0.087580
0.005400
0.007171
0.281369
0.081917
0.001072
0.012729
0.294995
0.294995
0.085428
0.030168
0.318440
0.246537
0.017504
0.047377
0.332268
0.332268
0.357710
0.088857
0.353532
0.353532
0.178043
0.000861
0.199787
0.000000
0.142475
0.001239
0.269327
0.069328
0.034512
0.000721
0.233416
0.117959
0.011470
0.000787
0.269331
0.072370
0.001831
0.000785
0.228092
0.228092
0.138380
0.001166
0.242812
0.235384
0.032976
0.001841
0.253008
0.253008
0.389331
0.004820
0.272693
0.272693
0.256607
0.008715
0.285842
0.285842
0.400627
0.021702
0.309042
0.309042
0.400407

0.177346
0.424802
0.350053
0.377346
0.181473
0.429937
0.351455
0.381473
0.184041
0.433016
0.352449
0.384041
0.188482
0.438132
0.354358
0.388463
0.191514
0.441186
0.355651
0.391194
0.208548
0.446238
0.358048
0.073372
0.265405
0.449242
0.359628
0.000000
0.402654
0.454190
0.362491
0.003585
0.406549
0.457119
0.364341
0.006549
0.411552
0.461927
0.367637
0.011552
0.169737
0.414585
0.348209
0.369736
0.173560
0.419678
0.348971
0.373428
0.177344
0.422750
0.149582
0.375753
0.220392
0.427883
0.150856
0.379798
0.322649
0.430964
0.351774
0.382321
0.386674
0.436089
0.353557
0.386674
0.389367
0.439152
0.354776
0.389367
0.393978
0.444224
0.357053
0.355736
0.396811
0.447242
0.358563
0.019420
0.401628
0.452220
0.361312
0.001635
0.169718
0.404570
0.347622
0.363097
0.267768
0.409542
0.347763
0.366287
0.361139
0.412560
0.347993
0.368326
0.371923
0.417636
0.348628
0.371923
0.374194
0.420701
0.349162
0.374194
0.378155
0.425829
0.350308
0.378155
0.380631
0.428910
0.351149
0.380631
0.384912
0.434042
0.352806
0.384912
0.387565
0.437111
0.353951
0.387565
0.392116
0.442201
0.356106
0.392116

0.200964
0.599999
0.599999
0.119061
0.209987
0.599999
0.599999
0.004787
0.231378
0.599999
0.599999
0.000282
0.327439
0.599999
0.599999
0.000000
0.396931
0.599999
0.599999
0.119061
0.479236
0.599999
0.599999
0.004787
0.547703
0.599999
0.599999
0.217685
0.599350
0.599999
0.599999
0.598986
0.599999
0.599999
0.599999
0.599999
0.599999
0.599999
0.599999
0.599999
0.200000
0.599999
0.599999
0.131868
0.200046
0.599999
0.599999
0.399999
0.200317
0.599999
0.599999
0.000002
0.204192
0.599999
0.599999
0.005442
0.214942
0.599999
0.599999
0.131868
0.279655
0.599999
0.599999
0.399999
0.352750
0.599999
0.599999
0.440882
0.443354
0.599999
0.599999
0.400748
0.501290
0.599999
0.599999
0.599999
0.592493
0.599999
0.599999
0.564236
0.200000
0.599999
0.599999
0.519061
0.200046
0.599999
0.599999
0.404399
0.200319
0.599999
0.599999
0.376190
0.204249
0.599999
0.599999
0.400000
0.215178
0.599999
0.599999
0.519061
0.280862
0.599999
0.599999
0.404399
0.354220
0.599999
0.599999
0.599999
0.442729
0.599999
0.599999
0.599377
0.499837
0.599999
0.599999
0.599999
0.591884
0.599999
0.599999
0.599999

0.285901
0.431985
0.267993
0.031982
0.327056
0.431985
0.252115
0.031939
0.247549
0.431985
0.245544
0.031815
0.266268
0.431985
0.238417
0.030693
0.231758
0.431985
0.235855
0.031393
0.229798
0.431985
0.233447
0.021004
0.212392
0.431806
0.232546
0.077951
0.191118
0.431982
0.232171
0.000000
0.175280
0.431985
0.232053
0.326138
0.148683
0.431985
0.231992
0.094982
0.111097
0.431985
0.242187
0.031636
0.255708
0.431985
0.236595
0.029552
0.228272
0.431984
0.234661
0.033129
0.221322
0.431985
0.232922
0.015933
0.204423
0.431368
0.231814
0.123894
0.179143
0.431967
0.232065
0.001270
0.159529
0.415606
0.215636
0.349600
0.126629
0.429202
0.229204
0.165866
0.107951
0.431368
0.231368
0.307792
0.081675
0.431966
0.231967
0.280705
0.033068
0.431977
0.267986
0.047511
0.035764
0.431985
0.252115
0.033561
0.031909
0.430228
0.243787
0.227610
0.231138
0.431896
0.238328
0.077980
0.228728
0.404768
0.208639
0.427879
0.220855
0.425750
0.227212
0.342748
0.212070
0.336456
0.137196
0.412070
0.189692
0.382568
0.182757
0.389691
0.172250
0.404768
0.204837
0.372249
0.139739
0.425750
0.225758
0.339721

0.599988
0.599988
0.599988
0.599987
0.599988
0.599988
0.599988
0.586562
0.599988
0.599988
0.599988
0.522449
0.599988
0.599988
0.599988
0.424765
0.599988
0.599988
0.599988
0.009934
0.599988
0.599988
0.599988
0.206638
0.599988
0.599988
0.599988
0.000042
0.599988
0.599988
0.599988
0.000103
0.599988
0.599988
0.599988
0.006541
0.599988
0.599988
0.599988
0.000410
0.599988
0.599988
0.599988
0.472662
0.599988
0.599988
0.599988
0.410457
0.599988
0.599988
0.599988
0.402369
0.599988
0.599988
0.599988
0.400100
0.599988
0.599988
0.599988
0.399998
0.599988
0.599988
0.599988
0.399988
0.599988
0.599988
0.599988
0.022667
0.599988
0.599988
0.599988
0.383765
0.597990
0.599988
0.599988
0.000000
0.599988
0.599988
0.599988
0.001172
0.399988
0.599988
0.599988
0.599987
0.399988
0.599988
0.599988
0.586562
0.403175
0.599988
0.599988
0.523097
0.599988
0.599988
0.599988
0.424765
0.599988
0.599988
0.599988
0.406541
0.599988
0.599988
0.599988
0.400410
0.400255
0.599988
0.599988
0.400042
0.599988
0.599988
0.599988
0.399988
0.399988
0.599988
0.599988
0.117976
0.399988
0.599988
0.599988
0.400409

0.400668
0.599999
0.595348
0.581631
0.405820
0.599999
0.599999
0.449255
0.417077
0.599999
0.442481
0.399553
0.471650
0.599999
0.552992
0.011208
0.529084
0.599999
0.401187
0.000333
0.594998
0.599999
0.413311
0.000000
0.599871
0.599999
0.442481
0.012380
0.599999
0.599999
0.552992
0.000652
0.599999
0.599999
0.595348
0.181893
0.599999
0.599999
0.599999
0.049255
0.400000
0.599999
0.420098
0.404194
0.400040
0.599999
0.503551
0.400156
0.400239
0.599999
0.400374
0.400012
0.402601
0.599999
0.405443
0.399999
0.408476
0.599999
0.400000
0.399999
0.442829
0.599999
0.400050
0.078737
0.489529
0.599999
0.400374
0.003376
0.579218
0.599999
0.405443
0.000002
0.598118
0.599999
0.420098
0.404194
0.599999
0.599999
0.503551
0.078894
0.399999
0.599999
0.400102
0.581631
0.399999
0.599999
0.402024
0.449255
0.400000
0.599999
0.399999
0.412380
0.400009
0.599999
0.400010
0.400652
0.400075
0.599999
0.399999
0.400071
0.401074
0.599999
0.399999
0.400000
0.403927
0.599999
0.399999
0.412380
0.423625
0.599999
0.400010
0.305799
0.456000
0.599999
0.400102
0.581631
0.548391
0.599999
0.402024
0.449255

0.200000
0.400000
0.400000
0.399138
0.200000
0.400000
0.400000
0.016175
0.200000
0.400000
0.400000
0.000362
0.200083
0.400000
0.205719
0.000000
0.202821
0.400000
0.400000
0.000000
0.353683
0.400000
0.400000
0.000000
0.400000
0.400000
0.400000
0.000362
0.400000
0.400000
0.400000
0.000000
0.400000
0.400000
0.400000
0.399138
0.400000
0.400000
0.400000
0.016175
0.200001
0.400000
0.400000
0.400000
0.200944
0.400000
0.200005
0.400000
0.220068
0.400000
0.200000
0.400000
0.399797
0.400000
0.200000
0.121013
0.400000
0.400000
0.400000
0.005006
0.400000
0.400000
0.200005
0.000003
0.400000
0.400000
0.400000
0.400000
0.400000
0.400000
0.400000
0.121013
0.400000
0.400000
0.205727
0.400000
0.400000
0.400000
0.400000
0.400000
0.294212
0.400000
0.400000
0.400000
0.400000
0.400000
0.400000
0.400000
0.400000
0.400000
0.400000
0.400000
0.400000
0.400000
0.205719
0.400000
0.400000
0.400000
0.400000
0.400000
0.400000
0.400000
0.400000
0.367246
0.400000
0.400000
0.200005
0.400000
0.400000
0.400000
0.400000
0.400000
0.400000
0.400000
0.200000
0.400000
0.400000
0.400000
0.200000
0.400000

0.431645
0.223534
0.223534
0.087178
0.423401
0.193146
0.193146
0.085936
0.418168
0.249680
0.249680
0.086317
0.408582
0.218157
0.218157
0.085575
0.402655
0.273700
0.273700
0.088710
0.392605
0.246661
0.246661
0.087384
0.426548
0.312075
0.312075
0.097268
0.415788
0.291333
0.291333
0.092449
0.449971
0.339744
0.339744
0.113956
0.438835
0.325318
0.325318
0.103610
0.409235
0.199993
0.000000
0.091421
0.434774
0.175816
0.018577
0.088896
0.434285
0.217686
0.217686
0.087773
0.426661
0.188272
0.188272
0.086311
0.421819
0.242991
0.242991
0.086277
0.412458
0.211259
0.211259
0.085485
0.447371
0.296659
0.296659
0.092409
0.437127
0.265741
0.265741
0.089501
0.471486
0.342021
0.342021
0.103563
0.460892
0.316926
0.316926
0.097157
0.481642
0.266581
0.066581
0.102056
0.473966
0.234010
0.034010
0.097843
0.468947
0.289128
0.089128
0.096501
0.459498
0.255084
0.057179
0.093026
0.453517
0.309028
0.234426
0.094628
0.443146
0.279199
0.279199
0.090995
0.477328
0.351523
0.351523
0.107452
0.466704
0.328260
0.328260
0.099901
0.499968
0.382791
0.382791
0.128835
0.489400
0.366182
0.366182
0.115517

0.200318
0.599949
0.599949
0.429195
0.202063
0.599949
0.599949
0.599948
0.205053
0.599949
0.599949
0.200931
0.261425
0.599949
0.599949
0.121311
0.433820
0.599949
0.599949
0.003034
0.480400
0.599949
0.599949
0.000000
0.518258
0.599949
0.599949
0.199949
0.575030
0.599949
0.599949
0.074632
0.592713
0.599949
0.599949
0.199949
0.599731
0.599949
0.599949
0.199998
0.200012
0.599942
0.599942
0.599900
0.399972
0.599949
0.599949
0.410057
0.400111
0.599949
0.599949
0.373283
0.401051
0.599949
0.599949
0.399949
0.402819
0.599949
0.599949
0.005288
0.411111
0.599949
0.599949
0.147634
0.422301
0.599949
0.599949
0.000165
0.458676
0.599949
0.599949
0.000337
0.492537
0.599949
0.599949
0.205238
0.555413
0.599949
0.599949
0.157741
0.399949
0.582522
0.582522
0.599949
0.399949
0.598793
0.598793
0.599949
0.399949
0.599869
0.599869
0.599949
0.399962
0.599949
0.599949
0.474632
0.400013
0.599949
0.599949
0.402880
0.400490
0.599949
0.599949
0.399951
0.401486
0.599949
0.599949
0.223769
0.406642
0.599949
0.599949
0.388333
0.414153
0.599949
0.599949
0.599795
0.441048
0.599949
0.599949
0.599949

0.228462
0.281646
0.281646
0.194862
0.243784
0.295034
0.295034
0.000000
0.232381
0.261709
0.261709
0.190750
0.419777
0.273941
0.273941
0.193594
0.380869
0.243891
0.243733
0.187797
0.396022
0.254764
0.254764
0.189426
0.356484
0.228442
0.228442
0.186457
0.371726
0.237810
0.237810
0.187130
0.332366
0.215513
0.215513
0.186187
0.347381
0.223294
0.223294
0.186268
0.256121
0.309019
0.309019
0.005151
0.269068
0.323494
0.323494
0.011328
0.234159
0.286923
0.207888
0.025715
0.248154
0.300562
0.300562
0.001918
0.214711
0.266507
0.066509
0.191789
0.402441
0.279049
0.084408
0.194968
0.386948
0.248132
0.169097
0.188367
0.402031
0.259360
0.259360
0.190278
0.362575
0.232072
0.232072
0.186667
0.377824
0.241826
0.241826
0.187551
0.281336
0.338343
0.156437
0.217658
0.294094
0.353444
0.353444
0.026730
0.288739
0.314757
0.114757
0.207503
0.474054
0.329396
0.129735
0.214078
0.439779
0.292305
0.092305
0.199032
0.453455
0.306180
0.106180
0.204035
0.416857
0.271432
0.071432
0.192958
0.431319
0.284271
0.084610
0.196484
0.393005
0.252517
0.070611
0.189045
0.407998
0.264091
0.264091
0.191254

0.165910
0.385035
0.385035
0.431232
0.163723
0.391539
0.391539
0.144649
0.154661
0.359973
0.359973
0.047410
0.181835
0.365889
0.365889
0.034170
0.344710
0.337127
0.337127
0.011635
0.340371
0.342081
0.342081
0.018651
0.337991
0.345544
0.345544
0.022559
0.334492
0.352051
0.352051
0.028501
0.332721
0.356343
0.356343
0.031750
0.330402
0.364023
0.364023
0.036508
0.152113
0.354027
0.354027
0.424611
0.347880
0.359732
0.359732
0.430074
0.342378
0.331835
0.331835
0.406969
0.337865
0.336507
0.336507
0.236735
0.333487
0.312538
0.312538
0.047170
0.328494
0.315990
0.315990
0.000000
0.325631
0.318650
0.318650
0.003168
0.321174
0.324035
0.324035
0.011530
0.318736
0.327810
0.327810
0.075392
0.315162
0.334932
0.334932
0.026323
0.360716
0.345519
0.345519
0.411648
0.356224
0.349258
0.349258
0.418445
0.352207
0.325932
0.325932
0.390474
0.347201
0.328299
0.328299
0.398968
0.343870
0.309310
0.309310
0.368753
0.338649
0.310319
0.310319
0.332503
0.335538
0.311503
0.311503
0.137266
0.330463
0.314461
0.314461
0.003718
0.327526
0.316828
0.316828
0.399353
0.322903
0.321741
0.321741
0.362185

0.356115
0.556145
0.388394
0.165006
0.356687
0.556145
0.374422
0.158237
0.372163
0.556143
0.368589
0.156264
0.551738
0.555886
0.361922
0.152745
0.548887
0.554133
0.357822
0.148919
0.537098
0.535355
0.336790
0.137099
0.525994
0.503853
0.280184
0.125994
0.501104
0.414788
0.214986
0.101104
0.483405
0.554133
0.159064
0.083437
0.452432
0.535355
0.210361
0.052433
0.354620
0.556145
0.365587
0.220826
0.350361
0.556145
0.360515
0.176985
0.345115
0.556145
0.358726
0.159239
0.330115
0.556145
0.357079
0.134189
0.319315
0.556145
0.265781
0.118663
0.427763
0.556099
0.356142
0.089769
0.471040
0.555598
0.156849
0.071130
0.440398
0.546775
0.175674
0.040403
0.423499
0.556145
0.156146
0.025254
0.399687
0.556092
0.156208
0.000000
0.356115
0.556145
0.388393
0.393858
0.356687
0.556145
0.374422
0.293831
0.372163
0.556145
0.216516
0.246080
0.551738
0.556145
0.355130
0.191757
0.548887
0.556145
0.160091
0.170605
0.537098
0.556145
0.166738
0.144060
0.525994
0.556145
0.156888
0.129145
0.501104
0.556139
0.156354
0.101761
0.483405
0.556145
0.156219
0.105123
0.452432
0.556145
0.156154
0.059395

0.438312
0.242953
0.030269
0.184796
0.416047
0.232768
0.000000
0.186387
0.471303
0.263814
0.228036
0.182484
0.451138
0.250112
0.214437
0.183867
0.499579
0.290210
0.252150
0.181160
0.482533
0.273085
0.236499
0.181823
0.522049
0.321495
0.280641
0.181776
0.508720
0.301424
0.262388
0.181109
0.544486
0.360945
0.322885
0.191469
0.534782
0.338684
0.302098
0.188612
0.478869
0.269909
0.033598
0.182025
0.459403
0.255328
0.020309
0.183282
0.505767
0.297612
0.060011
0.181092
0.489613
0.279690
0.042535
0.181483
0.526704
0.329945
0.288280
0.182353
0.514341
0.309258
0.139993
0.181253
0.541526
0.365489
0.319869
0.186837
0.532964
0.342991
0.299998
0.183603
0.557341
0.407116
0.365451
0.202110
0.551940
0.383928
0.344196
0.195896
0.311579
0.305307
0.087090
0.181162
0.296347
0.286624
0.048877
0.181240
0.530973
0.338597
0.296063
0.183132
0.519577
0.317355
0.275747
0.181558
0.544324
0.374662
0.327783
0.188577
0.536665
0.351896
0.307924
0.184714
0.552263
0.411497
0.354956
0.198419
0.547887
0.388501
0.339369
0.191709
0.563007
0.451962
0.405083
0.220560
0.560939
0.429971
0.385999
0.210290

0.147365
0.372512
0.372512
0.397494
0.149833
0.375071
0.375071
0.000000
0.152146
0.376603
0.376603
0.001316
0.174477
0.379148
0.379148
0.003674
0.237250
0.380669
0.380669
0.405077
0.356361
0.383194
0.383194
0.007506
0.359193
0.384702
0.384702
0.408774
0.361741
0.387202
0.387202
0.211501
0.363275
0.388693
0.388693
0.412407
0.365839
0.391165
0.391165
0.414643
0.142886
0.367379
0.367379
0.392638
0.145068
0.369947
0.369947
0.395077
0.146435
0.371486
0.371486
0.396530
0.148797
0.374048
0.374048
0.181147
0.150434
0.375582
0.375582
0.395204
0.159409
0.378131
0.378131
0.202734
0.188694
0.379656
0.379656
0.204142
0.333128
0.382186
0.382186
0.206471
0.358073
0.383697
0.383697
0.402694
0.360720
0.386204
0.386204
0.210145
0.139294
0.362252
0.362252
0.387700
0.140974
0.364813
0.364813
0.390178
0.143007
0.366352
0.366352
0.391656
0.164996
0.368920
0.368920
0.394104
0.227615
0.370460
0.370460
0.395562
0.346523
0.373024
0.373024
0.397975
0.349260
0.374560
0.374560
0.399412
0.351685
0.377113
0.377113
0.202238
0.353163
0.378640
0.378640
0.403204
0.355656
0.381176
0.381176
0.405542

0.397569
0.461445
0.461395
0.000135
0.430314
0.447181
0.447181
0.000021
0.599433
0.492961
0.465082
0.000868
0.598544
0.473845
0.472465
0.000323
0.599907
0.524744
0.383853
0.003251
0.599704
0.504888
0.436493
0.002791
0.599987
0.553793
0.361689
0.012387
0.599956
0.536214
0.366749
0.024916
0.599996
0.576020
0.376464
0.063431
0.599993
0.563080
0.366095
0.147574
0.389859
0.433798
0.380388
0.000000
0.382175
0.423127
0.416942
0.000071
0.396644
0.456482
0.295046
0.000426
0.394852
0.441504
0.341959
0.002873
0.508499
0.485159
0.289371
0.008699
0.597937
0.466647
0.285086
0.035333
0.599851
0.516863
0.317043
0.075641
0.599546
0.496916
0.298392
0.192852
0.599979
0.547043
0.347044
0.289636
0.599928
0.528624
0.328661
0.387459
0.397569
0.463169
0.287044
0.001007
0.430314
0.447183
0.318826
0.005842
0.599433
0.492961
0.295087
0.016005
0.598544
0.473845
0.284450
0.058373
0.599907
0.524744
0.324809
0.115472
0.599704
0.504888
0.305565
0.254436
0.599987
0.553793
0.353793
0.344031
0.599956
0.536214
0.336225
0.400541
0.599459
0.576020
0.376020
0.417243
0.599992
0.563080
0.363080
0.411284
