0.098983
0.122995
0.057738
0.062637
0.099746
0.121791
0.052852
0.053857
0.096143
0.117969
0.044248
0.044097
0.096300
0.116000
0.037850
0.033194
0.098651
0.113889
0.046179
0.028388
0.098821
0.111282
0.039962
0.015668
0.100001
0.108253
0.045396
0.008486
0.100102
0.104860
0.039097
0.000000
0.105446
0.116723
0.057721
0.031664
0.106007
0.114226
0.052923
0.019469
0.089292
0.121516
0.045476
0.069689
0.090110
0.120958
0.040281
0.062495
0.086289
0.117370
0.031142
0.053528
0.086459
0.116133
0.027357
0.044491
0.090036
0.114837
0.036194
0.042133
0.090332
0.113124
0.029920
0.031776
0.092576
0.110928
0.038457
0.027130
0.092915
0.108614
0.032440
0.015068
0.098152
0.118208
0.050698
0.046447
0.098942
0.116640
0.046161
0.036728
0.087489
0.121364
0.053003
0.080938
0.088031
0.121641
0.049690
0.075803
0.084499
0.118398
0.041422
0.067919
0.085626
0.118112
0.036802
0.061297
0.088060
0.116695
0.045571
0.058759
0.089269
0.116013
0.041380
0.051083
0.090553
0.113821
0.047381
0.046642
0.091779
0.112647
0.043407
0.037604
0.095383
0.119852
0.057973
0.061976
0.096958
0.119266
0.054316
0.054820

0.053479
0.080129
0.068783
0.034176
0.058378
0.086885
0.075440
0.047003
0.049962
0.073070
0.061564
0.013206
0.056312
0.080498
0.068892
0.028136
0.056841
0.071493
0.060147
0.000000
0.063121
0.079536
0.068091
0.010834
0.068509
0.085690
0.074501
0.022196
0.074181
0.092678
0.081391
0.036844
0.079200
0.098223
0.087189
0.046709
0.084332
0.104307
0.093177
0.059103
0.054425
0.086655
0.075109
0.054315
0.060290
0.092645
0.080998
0.064931
0.051849
0.080425
0.068717
0.037036
0.057880
0.086968
0.075414
0.049347
0.059241
0.080442
0.068897
0.022160
0.065149
0.087435
0.075788
0.036361
0.070364
0.093040
0.081655
0.046041
0.075722
0.099146
0.087660
0.058072
0.080599
0.104234
0.093006
0.066530
0.085465
0.109576
0.098250
0.076729
0.057523
0.093282
0.081937
0.072198
0.063192
0.098694
0.087249
0.081071
0.055787
0.087648
0.076143
0.057846
0.060396
0.093521
0.081915
0.068090
0.062398
0.088955
0.077610
0.046829
0.068058
0.095144
0.083698
0.058560
0.073106
0.100278
0.089090
0.066853
0.078260
0.105713
0.094426
0.076816
0.082995
0.110404
0.099371
0.084108
0.087694
0.115186
0.104056
0.092576

0.077460
0.103670
0.076899
0.018963
0.082041
0.108865
0.081424
0.035089
0.077476
0.099533
0.073800
0.000000
0.082742
0.105796
0.079419
0.011849
0.079610
0.109669
0.084934
0.026027
0.085230
0.115063
0.089708
0.042200
0.079748
0.117716
0.093939
0.053847
0.085941
0.122491
0.098119
0.066759
0.077671
0.123914
0.101059
0.076305
0.084685
0.128290
0.104863
0.086651
0.066203
0.103374
0.075247
0.043328
0.070264
0.107896
0.079793
0.055517
0.064579
0.101035
0.073998
0.023836
0.070586
0.106417
0.078704
0.039171
0.065006
0.109173
0.083184
0.050686
0.071627
0.113982
0.087343
0.062943
0.063104
0.115479
0.090497
0.072428
0.070595
0.119928
0.094322
0.082264
0.058540
0.120091
0.096078
0.090027
0.067203
0.124377
0.099763
0.097972
0.067127
0.112655
0.085885
0.070615
0.072966
0.116615
0.089174
0.079824
0.064761
0.110915
0.085182
0.056559
0.071573
0.115614
0.089238
0.068154
0.062228
0.116787
0.092051
0.077184
0.069982
0.121178
0.095823
0.086501
0.056934
0.120988
0.097211
0.093872
0.065943
0.125263
0.100891
0.101414
0.052318
0.123566
0.100711
0.107334
0.059045
0.127911
0.104484
0.113509

0.086752
0.069500
0.069500
0.012727
0.091686
0.074228
0.074228
0.018816
0.077541
0.058740
0.058740
0.000000
0.082913
0.063873
0.063873
0.003529
0.076054
0.061700
0.061700
0.004652
0.081464
0.066524
0.066524
0.010575
0.073500
0.063593
0.063593
0.010997
0.079000
0.068150
0.068150
0.016272
0.085890
0.076381
0.076381
0.027734
0.090895
0.080541
0.080541
0.032554
0.081929
0.070030
0.070030
0.018935
0.086939
0.074433
0.074433
0.024253
0.072357
0.059454
0.059454
0.003853
0.077821
0.064239
0.064239
0.009638
0.069586
0.061132
0.061132
0.009900
0.075152
0.065660
0.065660
0.015050
0.065687
0.061742
0.061742
0.014602
0.071410
0.066054
0.066054
0.020355
0.078742
0.074617
0.074617
0.030919
0.083939
0.078544
0.078544
0.035073
0.080136
0.075380
0.075380
0.032678
0.085134
0.079780
0.079780
0.037688
0.070001
0.065278
0.065278
0.018801
0.075825
0.070062
0.070062
0.024250
0.066173
0.066127
0.066127
0.023901
0.072179
0.070723
0.070723
0.028796
0.063133
0.065924
0.065924
0.027738
0.067407
0.070374
0.070374
0.032123
0.074722
0.078541
0.078541
0.043069
0.080392
0.082593
0.082593
0.047065

0.087439
0.110482
0.082499
0.059245
0.090214
0.110047
0.083080
0.052780
0.088581
0.106496
0.076808
0.044075
0.092849
0.105281
0.076670
0.036235
0.090487
0.101064
0.069565
0.026381
0.094012
0.099023
0.068668
0.016980
0.090930
0.094096
0.060678
0.005842
0.093746
0.091169
0.058964
0.000000
0.101671
0.105184
0.073686
0.027159
0.104225
0.102688
0.072333
0.017538
0.094464
0.118320
0.088189
0.072197
0.099043
0.118141
0.089104
0.067050
0.096823
0.114549
0.082581
0.058866
0.100747
0.113724
0.082917
0.052586
0.097857
0.109535
0.075618
0.043388
0.101168
0.108030
0.075345
0.035823
0.097612
0.103205
0.067221
0.025495
0.100342
0.100969
0.066292
0.016466
0.107170
0.112777
0.078860
0.043742
0.109647
0.110879
0.078194
0.036238
0.103591
0.126466
0.094021
0.084513
0.107792
0.126526
0.095260
0.080504
0.105015
0.122859
0.088437
0.072697
0.108678
0.122389
0.089217
0.067761
0.105277
0.118180
0.081660
0.059049
0.108440
0.117152
0.081957
0.053060
0.104416
0.112368
0.074709
0.043342
0.107107
0.110741
0.073401
0.036152
0.113041
0.120726
0.084206
0.059102
0.115488
0.119360
0.084165
0.052948

0.000000
0.062423
0.035712
0.079065
0.003447
0.065090
0.037548
0.079698
0.001661
0.062740
0.034686
0.077073
0.006757
0.065104
0.036177
0.077540
0.004373
0.062414
0.032950
0.074691
0.008877
0.064511
0.034130
0.075048
0.006265
0.061833
0.030888
0.072275
0.010246
0.063694
0.031786
0.072451
0.017658
0.068638
0.039175
0.077707
0.021180
0.070289
0.039908
0.077819
0.002872
0.063138
0.034738
0.076938
0.007813
0.065432
0.036148
0.077365
0.005286
0.062660
0.032833
0.074461
0.009652
0.064695
0.033940
0.074740
0.006570
0.061600
0.030273
0.071614
0.010430
0.063406
0.031105
0.071757
0.007155
0.060334
0.027433
0.068751
0.010568
0.061940
0.028917
0.068768
0.017965
0.066965
0.035638
0.074240
0.020987
0.068391
0.036089
0.074209
0.011722
0.066987
0.040276
0.079803
0.016130
0.069091
0.041548
0.080221
0.013021
0.065995
0.037941
0.077147
0.016947
0.067884
0.038957
0.077441
0.013321
0.064480
0.035016
0.074153
0.016823
0.066180
0.035800
0.074333
0.013824
0.062812
0.031867
0.071168
0.016167
0.064348
0.032440
0.071243
0.023103
0.069111
0.039648
0.076444
0.025889
0.070486
0.040106
0.076476

0.000000
0.011872
0.010115
0.014589
0.000669
0.012662
0.010907
0.014758
0.002223
0.013672
0.011911
0.015242
0.003803
0.014333
0.012575
0.015202
0.005535
0.015543
0.013786
0.016015
0.006951
0.016081
0.014326
0.015879
0.008585
0.017216
0.015462
0.016632
0.009845
0.017637
0.015885
0.016403
0.011385
0.018700
0.016949
0.017098
0.012496
0.019007
0.017259
0.016778
0.003006
0.014089
0.012327
0.015380
0.004544
0.014719
0.012960
0.015316
0.005970
0.015632
0.013867
0.015832
0.007346
0.016141
0.014378
0.015672
0.008957
0.017257
0.015496
0.016411
0.010179
0.017650
0.015890
0.016159
0.011696
0.018695
0.016937
0.016841
0.012771
0.018975
0.017219
0.016499
0.014200
0.019953
0.018198
0.017126
0.015135
0.020125
0.018372
0.017176
0.009745
0.019605
0.017839
0.020178
0.011133
0.020144
0.018380
0.020065
0.012468
0.020999
0.019266
0.020549
0.013705
0.021424
0.019657
0.020347
0.015231
0.022490
0.020724
0.021058
0.016324
0.022806
0.021042
0.020769
0.017764
0.023804
0.022042
0.021426
0.018719
0.024015
0.022255
0.021052
0.020076
0.024949
0.023191
0.021657
0.020900
0.025059
0.023302
0.021201

0.063547
0.084874
0.047369
0.008516
0.063076
0.081508
0.042053
0.000000
0.067282
0.093228
0.052555
0.027017
0.068337
0.090342
0.047555
0.014431
0.079905
0.105687
0.068182
0.050044
0.080976
0.103353
0.063898
0.039343
0.091354
0.116734
0.082150
0.070060
0.092427
0.114863
0.078481
0.060965
0.101752
0.126550
0.094660
0.087487
0.102817
0.125068
0.091520
0.079761
0.068455
0.095055
0.053549
0.031076
0.069439
0.092273
0.048609
0.018913
0.072360
0.101411
0.056399
0.045269
0.073051
0.098980
0.053119
0.034608
0.084184
0.112538
0.071032
0.065242
0.084906
0.110568
0.066904
0.056157
0.094938
0.122447
0.084173
0.082676
0.095679
0.120866
0.080602
0.074934
0.104732
0.131290
0.095998
0.097920
0.105482
0.130036
0.092909
0.091327
0.081116
0.107577
0.070072
0.056310
0.082146
0.105469
0.066014
0.046396
0.084493
0.112618
0.071945
0.067547
0.084967
0.110776
0.067988
0.058839
0.094759
0.122285
0.084780
0.084436
0.095528
0.120814
0.081359
0.077020
0.104370
0.130921
0.096337
0.099217
0.105146
0.129763
0.093381
0.092904
0.113141
0.138655
0.106764
0.112177
0.113916
0.137759
0.104211
0.106807

0.492346
0.599999
0.599999
0.599855
0.599999
0.599999
0.599999
0.599999
0.599999
0.599999
0.420169
0.271417
0.599999
0.599999
0.590790
0.557325
0.599999
0.599999
0.599999
0.200428
0.599999
0.599999
0.599999
0.152939
0.599999
0.599999
0.599999
0.040032
0.599999
0.599999
0.599999
0.001603
0.599999
0.599999
0.599999
0.000131
0.599999
0.599999
0.599999
0.000000
0.400000
0.599999
0.404292
0.599999
0.400925
0.599999
0.516640
0.599999
0.419600
0.599999
0.400000
0.598966
0.599748
0.599999
0.400277
0.465799
0.599999
0.599999
0.404292
0.181757
0.599999
0.599999
0.516640
0.398264
0.599999
0.599999
0.599231
0.001965
0.599999
0.599999
0.599999
0.043035
0.599999
0.599999
0.599999
0.000001
0.599999
0.599999
0.599999
0.000187
0.399999
0.599999
0.399999
0.599999
0.399999
0.599999
0.400032
0.599999
0.399999
0.599999
0.399999
0.599999
0.400081
0.599999
0.399999
0.599999
0.402761
0.599999
0.399999
0.599999
0.551689
0.599999
0.400032
0.539041
0.599999
0.599999
0.400732
0.343888
0.599999
0.599999
0.439801
0.401570
0.599999
0.599999
0.562083
0.007617
0.599999
0.599999
0.599999
0.113099

0.210423
0.252565
0.083002
0.310082
0.217570
0.304517
0.104523
0.310917
0.221882
0.329702
0.329702
0.311889
0.229110
0.355352
0.355300
0.314088
0.233501
0.362966
0.362966
0.315708
0.241113
0.370664
0.370664
0.318848
0.246105
0.374626
0.374626
0.320972
0.256127
0.381269
0.381269
0.324875
0.264040
0.385319
0.385319
0.327418
0.283003
0.392167
0.392167
0.331966
0.224765
0.342388
0.142388
0.312688
0.232029
0.360850
0.160850
0.315145
0.236482
0.366419
0.165182
0.316901
0.244385
0.373310
0.173310
0.320245
0.249777
0.377268
0.377268
0.322480
0.261182
0.383963
0.280520
0.326554
0.270579
0.388044
0.388044
0.329193
0.293480
0.394937
0.394937
0.333885
0.313183
0.399121
0.399121
0.336866
0.357462
0.406163
0.406163
0.342088
0.239541
0.369310
0.000000
0.318178
0.247897
0.375945
0.175950
0.321717
0.253870
0.379929
0.179929
0.324060
0.267160
0.386679
0.186627
0.328298
0.278461
0.390788
0.191040
0.331027
0.306048
0.397722
0.397722
0.335860
0.329217
0.401928
0.401928
0.338918
0.378511
0.409000
0.409000
0.344259
0.411456
0.413276
0.413276
0.347600
0.460714
0.420442
0.420442
0.353374

0.402828
0.431712
0.431712
0.199859
0.408777
0.369992
0.369992
0.199796
0.400112
0.335701
0.335701
0.199791
0.401208
0.287730
0.287730
0.199790
0.402828
0.431712
0.431712
0.171262
0.408777
0.369992
0.369992
0.007594
0.415596
0.523402
0.523402
0.001139
0.435497
0.468652
0.468652
0.000000
0.453913
0.578861
0.578861
0.176371
0.495247
0.549376
0.549376
0.009457
0.199987
0.540799
0.540799
0.201275
0.398038
0.491923
0.491923
0.195806
0.399794
0.440397
0.440397
0.073576
0.399838
0.391551
0.391551
0.001030
0.399949
0.540799
0.540799
0.001320
0.400609
0.491923
0.491923
0.000185
0.401645
0.586139
0.586139
0.007197
0.405750
0.563237
0.563237
0.002666
0.410710
0.598345
0.598345
0.024905
0.426040
0.593242
0.593242
0.011925
0.199791
0.564417
0.564417
0.210139
0.199809
0.568217
0.568217
0.204077
0.199791
0.461491
0.461491
0.202118
0.223449
0.464433
0.464433
0.200488
0.399791
0.564417
0.564417
0.181543
0.399809
0.568217
0.568217
0.011876
0.399863
0.597383
0.597383
0.032766
0.400236
0.595960
0.595960
0.016233
0.400878
0.599766
0.599766
0.251009
0.403624
0.599582
0.599582
0.054349

0.202497
0.323952
0.307657
0.010869
0.201817
0.369383
0.351700
0.019478
0.201470
0.317996
0.299328
0.003166
0.201236
0.366398
0.345726
0.005509
0.201530
0.248835
0.226650
0.000199
0.203487
0.305307
0.279728
0.000000
0.208902
0.159403
0.140735
0.001303
0.217342
0.215620
0.194948
0.000563
0.228015
0.087019
0.070725
0.002492
0.248841
0.129167
0.111484
0.001759
0.200979
0.269730
0.250323
0.034696
0.200148
0.305725
0.284077
0.058882
0.021725
0.314253
0.290872
0.011088
0.198714
0.358858
0.331412
0.021874
0.198180
0.323919
0.292583
0.000935
0.197468
0.371002
0.282251
0.004138
0.200586
0.269869
0.246489
0.000036
0.201665
0.324350
0.296903
0.000186
0.206305
0.181153
0.161746
0.000998
0.212598
0.238956
0.217307
0.000308
0.002512
0.345104
0.328809
0.097076
0.201817
0.376657
0.358975
0.143257
0.001470
0.388988
0.370320
0.043815
0.001236
0.401944
0.381271
0.072200
0.001545
0.395639
0.373454
0.015370
0.203487
0.403362
0.377783
0.028940
0.208904
0.365626
0.346958
0.005479
0.217342
0.389417
0.368745
0.010313
0.228113
0.297116
0.280821
0.003212
0.248850
0.344163
0.326481
0.004073

0.255830
0.433487
0.433487
0.008028
0.299078
0.431083
0.431083
0.005320
0.459120
0.437267
0.437267
0.012308
0.457068
0.434914
0.434914
0.009664
0.462346
0.440967
0.440967
0.016757
0.460338
0.438664
0.438664
0.019369
0.465500
0.444588
0.444588
0.045354
0.463537
0.442334
0.442334
0.189407
0.465827
0.448130
0.448130
0.353775
0.466664
0.445925
0.445925
0.422123
0.251596
0.428648
0.428648
0.002595
0.249439
0.426180
0.426180
0.000000
0.254987
0.432529
0.432529
0.007887
0.255094
0.430113
0.430113
0.019584
0.388956
0.436329
0.436329
0.070308
0.456239
0.433964
0.433964
0.288319
0.350106
0.440049
0.440049
0.403002
0.459527
0.437734
0.437734
0.412838
0.264719
0.443690
0.443690
0.419616
0.266437
0.441424
0.441424
0.417034
0.255830
0.433487
0.433487
0.011166
0.299078
0.431083
0.431083
0.044063
0.459120
0.437267
0.437267
0.137085
0.457068
0.434914
0.434914
0.375554
0.274581
0.440967
0.440967
0.416012
0.460334
0.438664
0.438664
0.413894
0.265500
0.444588
0.444588
0.420640
0.263786
0.442334
0.442334
0.418070
0.268584
0.448130
0.448130
0.424684
0.266664
0.445925
0.445925
0.422166

0.306956
0.400000
0.260697
0.400000
0.400000
0.400000
0.200009
0.400000
0.400000
0.400000
0.400000
0.400000
0.400000
0.400000
0.400000
0.400000
0.400000
0.400000
0.400000
0.399729
0.400000
0.400000
0.400000
0.400000
0.400000
0.400000
0.400000
0.000000
0.400000
0.400000
0.400000
0.020389
0.400000
0.400000
0.400000
0.000000
0.400000
0.400000
0.400000
0.000000
0.200001
0.400000
0.200000
0.400000
0.201074
0.400000
0.200000
0.400000
0.223423
0.400000
0.202956
0.400000
0.399959
0.400000
0.200000
0.400000
0.200563
0.400000
0.400000
0.400000
0.400000
0.400000
0.356457
0.400000
0.400000
0.400000
0.400000
0.400000
0.400000
0.400000
0.400000
0.400000
0.400000
0.400000
0.400000
0.000041
0.400000
0.400000
0.400000
0.317007
0.200000
0.400000
0.260697
0.400000
0.200000
0.400000
0.200009
0.400000
0.000001
0.400000
0.400000
0.400000
0.198677
0.400000
0.400000
0.400000
0.003247
0.400000
0.400000
0.400000
0.166062
0.400000
0.400000
0.400000
0.200001
0.400000
0.400000
0.400000
0.398585
0.400000
0.400000
0.400000
0.400000
0.400000
0.400000
0.400000
0.400000
0.400000
0.400000
0.400000

0.442535
0.516863
0.392844
0.070767
0.435650
0.509871
0.390517
0.047364
0.431677
0.505456
0.389249
0.038077
0.425349
0.496433
0.385995
0.027337
0.264368
0.487634
0.380942
0.022613
0.416044
0.458136
0.358093
0.016245
0.412907
0.426986
0.331137
0.012951
0.407994
0.352452
0.263857
0.007997
0.421744
0.324047
0.217355
0.021745
0.416084
0.237263
0.137220
0.016084
0.340208
0.502656
0.388681
0.139571
0.422929
0.495226
0.387263
0.082337
0.228110
0.490694
0.386605
0.058031
0.392754
0.483055
0.385793
0.030898
0.210884
0.478417
0.385436
0.020527
0.206646
0.470085
0.384460
0.009429
0.212260
0.463398
0.382273
0.005104
0.378473
0.442306
0.368719
0.000000
0.410883
0.442852
0.349871
0.010991
0.406167
0.378962
0.293337
0.006176
0.043878
0.516863
0.392845
0.305397
0.117142
0.509885
0.390531
0.217311
0.031746
0.505575
0.389367
0.168500
0.225397
0.498219
0.387781
0.102607
0.221744
0.493721
0.387029
0.073458
0.216084
0.486122
0.386078
0.040035
0.212907
0.481516
0.385668
0.027041
0.208043
0.473612
0.385017
0.013150
0.223087
0.492605
0.385913
0.024304
0.297576
0.477460
0.377417
0.016726

0.400000
0.400000
0.400000
0.400000
0.400000
0.400000
0.400000
0.400000
0.400000
0.400000
0.400000
0.400000
0.400000
0.400000
0.400000
0.335942
0.400000
0.400000
0.400000
0.006835
0.400000
0.400000
0.400000
0.000000
0.400000
0.400000
0.400000
0.000000
0.400000
0.400000
0.400000
0.000000
0.400000
0.400000
0.324069
0.006835
0.400000
0.400000
0.200015
0.000000
0.201077
0.400000
0.400000
0.400000
0.400000
0.400000
0.400000
0.400000
0.400000
0.400000
0.400000
0.400000
0.400000
0.400000
0.400000
0.400000
0.400000
0.400000
0.400000
0.400000
0.400000
0.400000
0.397437
0.400000
0.200102
0.400000
0.206785
0.139671
0.400000
0.400000
0.200000
0.000019
0.400000
0.400000
0.200000
0.400000
0.400000
0.400000
0.200000
0.400000
0.200000
0.400000
0.400000
0.400000
0.200000
0.400000
0.400000
0.400000
0.200002
0.400000
0.400000
0.400000
0.399998
0.400000
0.400000
0.400000
0.200000
0.400000
0.400000
0.400000
0.278182
0.400000
0.400000
0.400000
0.200000
0.400000
0.400000
0.400000
0.200000
0.400000
0.400000
0.400000
0.200000
0.400000
0.324069
0.400000
0.278182
0.400000
0.200015
0.400000

0.504795
0.519718
0.519718
0.000000
0.504815
0.524210
0.524210
0.003772
0.504873
0.527241
0.527241
0.008061
0.505111
0.532850
0.532850
0.016597
0.505371
0.536509
0.536509
0.021978
0.506057
0.541561
0.541561
0.030909
0.506648
0.547561
0.547561
0.037372
0.507985
0.555228
0.555228
0.055607
0.509024
0.560088
0.560088
0.112453
0.511191
0.568559
0.568559
0.377902
0.504943
0.529402
0.529402
0.012973
0.505273
0.535275
0.535275
0.053695
0.505604
0.538926
0.538926
0.025566
0.506435
0.541342
0.541342
0.034528
0.307498
0.534874
0.534874
0.041085
0.508657
0.502657
0.502657
0.081120
0.509822
0.563202
0.563202
0.185882
0.512221
0.567307
0.567307
0.449462
0.513952
0.577418
0.577418
0.464083
0.517354
0.586548
0.586548
0.469978
0.505892
0.541851
0.541851
0.294001
0.506879
0.549049
0.549049
0.439886
0.307681
0.553651
0.553651
0.049731
0.497658
0.561745
0.561745
0.138958
0.310711
0.566791
0.566791
0.312296
0.313350
0.573940
0.573940
0.462148
0.315235
0.581048
0.581048
0.467127
0.507149
0.590275
0.590275
0.472410
0.521431
0.595884
0.595884
0.483431
0.526203
0.605266
0.605266
0.482823

0.170485
0.262119
0.262119
0.203976
0.158957
0.253390
0.253390
0.201937
0.154720
0.248427
0.248427
0.201026
0.223491
0.240639
0.240639
0.199999
0.325233
0.236269
0.163367
0.199656
0.321788
0.229509
0.229433
0.032602
0.351722
0.248427
0.051404
0.002471
0.340087
0.240639
0.084022
0.000000
0.370484
0.262119
0.189217
0.203975
0.358745
0.253390
0.253314
0.035068
0.193885
0.281140
0.281138
0.210105
0.182215
0.271384
0.271384
0.206692
0.175181
0.265763
0.131614
0.192214
0.163464
0.256814
0.251378
0.007152
0.156943
0.251712
0.052513
0.001724
0.171400
0.243680
0.060191
0.000339
0.301891
0.265763
0.065763
0.004980
0.363438
0.256814
0.056896
0.002673
0.393885
0.281140
0.081941
0.010221
0.382215
0.271384
0.087895
0.006692
0.216836
0.301925
0.129220
0.219054
0.205652
0.291337
0.249536
0.214225
0.201522
0.285169
0.085353
0.211668
0.270297
0.275230
0.080677
0.207973
0.371936
0.269490
0.069490
0.206093
0.368135
0.260329
0.060342
0.036646
0.398524
0.285169
0.085169
0.013113
0.386893
0.275230
0.075230
0.007974
0.416835
0.301925
0.101925
0.219053
0.405441
0.291337
0.091351
0.047356

0.099145
0.400000
0.400000
0.399941
0.195726
0.400000
0.400000
0.200056
0.196280
0.400000
0.400000
0.020090
0.271883
0.400000
0.400000
0.399894
0.212447
0.400000
0.400000
0.000000
0.227067
0.400000
0.400000
0.000428
0.202634
0.399948
0.399948
0.000000
0.207305
0.399999
0.399999
0.000000
0.200320
0.396948
0.396948
0.000000
0.201297
0.399684
0.399684
0.000428
0.031128
0.400000
0.400000
0.200000
0.058144
0.400000
0.400000
0.200000
0.009782
0.400000
0.400000
0.238877
0.042616
0.400000
0.400000
0.200000
0.089630
0.399819
0.399819
0.148521
0.204229
0.399994
0.399994
0.400000
0.200165
0.393879
0.393879
0.000003
0.200770
0.399135
0.399135
0.006134
0.200004
0.359163
0.359163
0.148521
0.200053
0.385531
0.385531
0.400000
0.006041
0.399998
0.399998
0.399941
0.014696
0.400000
0.400000
0.200056
0.001005
0.399468
0.399468
0.400000
0.003294
0.399974
0.399974
0.400000
0.000299
0.388891
0.388891
0.400000
0.007666
0.397933
0.397933
0.400000
0.037285
0.344619
0.344619
0.385467
0.181360
0.376896
0.376896
0.400000
0.199957
0.279374
0.279374
0.400000
0.200000
0.320290
0.320290
0.400000

0.200001
0.400000
0.237159
0.000000
0.200077
0.400000
0.214727
0.000000
0.200730
0.400000
0.207710
0.000000
0.214500
0.400000
0.202202
0.000020
0.257883
0.400000
0.200913
0.000182
0.389976
0.400000
0.200156
0.003180
0.399925
0.400000
0.200042
0.012787
0.397949
0.400000
0.200002
0.083256
0.400000
0.400000
0.200913
0.196740
0.399997
0.400000
0.200156
0.382460
0.200000
0.400000
0.204804
0.000001
0.200000
0.400000
0.201240
0.000092
0.200000
0.400000
0.200475
0.000629
0.199991
0.400000
0.200067
0.008227
0.199873
0.400000
0.200015
0.028930
0.199306
0.400000
0.200000
0.148052
0.206585
0.400000
0.200000
0.271759
0.287904
0.400000
0.200000
0.339895
0.397318
0.400000
0.200015
0.399699
0.394467
0.400000
0.200000
0.394467
0.200001
0.400000
0.237159
0.001906
0.200077
0.400000
0.214727
0.019579
0.200730
0.400000
0.207710
0.061082
0.214500
0.400000
0.202202
0.243176
0.058521
0.400000
0.200913
0.361575
0.389976
0.400000
0.200156
0.399958
0.199925
0.400000
0.200042
0.399942
0.197949
0.400000
0.200002
0.397949
0.200638
0.400000
0.200913
0.400000
0.399997
0.400000
0.200156
0.399997

0.045023
0.090362
0.036720
0.024862
0.052481
0.068776
0.015295
0.022457
0.151309
0.130126
0.076788
0.019380
0.234658
0.098144
0.045134
0.017417
0.222279
0.180458
0.127703
0.013257
0.222863
0.143061
0.090847
0.011684
0.214618
0.226650
0.174840
0.007527
0.213749
0.193798
0.142825
0.005561
0.217395
0.262341
0.209586
0.013587
0.215490
0.242809
0.190595
0.009217
0.029650
0.142177
0.088956
0.017893
0.031491
0.108127
0.055282
0.016052
0.020152
0.193074
0.140517
0.011714
0.020665
0.155784
0.103831
0.010155
0.030675
0.235611
0.184109
0.006434
0.211859
0.205497
0.154929
0.004120
0.207499
0.256709
0.206846
0.005330
0.205507
0.240919
0.192685
0.000000
0.211386
0.265055
0.213553
0.022035
0.208879
0.261906
0.211338
0.010182
0.029115
0.215755
0.162114
0.021156
0.034112
0.179339
0.125858
0.019510
0.141235
0.253878
0.200540
0.016461
0.220900
0.227047
0.174036
0.013586
0.217036
0.269134
0.216379
0.017030
0.214802
0.257053
0.204838
0.010338
0.212436
0.264956
0.213146
0.028353
0.209857
0.263874
0.212901
0.014301
0.216756
0.261342
0.208587
0.064148
0.214041
0.263961
0.211746
0.039746

0.125583
0.220918
0.056233
0.003996
0.128644
0.238746
0.045919
0.018531
0.122461
0.209480
0.011746
0.011803
0.124424
0.227918
0.028140
0.414555
0.121277
0.202235
0.002274
0.415658
0.122756
0.220614
0.020615
0.433148
0.124071
0.232467
0.034732
0.442722
0.127139
0.253400
0.053621
0.457096
0.129590
0.266545
0.101860
0.464769
0.134852
0.289153
0.096326
0.476018
0.121991
0.207242
0.008199
0.014017
0.123775
0.225724
0.025796
0.429644
0.121261
0.201166
0.001176
0.415925
0.122715
0.219439
0.019439
0.433709
0.122249
0.200000
0.000000
0.414110
0.123967
0.217542
0.017542
0.432769
0.125386
0.228925
0.028935
0.443032
0.128543
0.249178
0.049178
0.458469
0.130988
0.262001
0.062958
0.466703
0.136125
0.284258
0.084330
0.478715
0.121351
0.200407
0.035722
0.415903
0.122819
0.218540
0.025713
0.433954
0.122752
0.200481
0.002747
0.412951
0.124620
0.217776
0.017998
0.431737
0.125778
0.205319
0.005359
0.405767
0.128533
0.221428
0.021429
0.424627
0.130555
0.231831
0.034096
0.435189
0.134640
0.250303
0.050524
0.451368
0.137574
0.262002
0.097317
0.460160
0.143372
0.282368
0.089541
0.473220

0.200002
0.400000
0.400000
0.400000
0.203926
0.400000
0.400000
0.400000
0.293570
0.400000
0.400000
0.400000
0.400000
0.400000
0.400000
0.399991
0.400000
0.400000
0.400000
0.027602
0.400000
0.400000
0.400000
0.000000
0.400000
0.400000
0.400000
0.000000
0.400000
0.400000
0.400000
0.000000
0.400000
0.400000
0.400000
0.027602
0.400000
0.400000
0.400000
0.000000
0.200000
0.400000
0.200001
0.400000
0.200000
0.400000
0.200000
0.400000
0.200000
0.400000
0.400000
0.400000
0.200262
0.400000
0.400000
0.400000
0.213050
0.400000
0.400000
0.400000
0.399998
0.400000
0.400000
0.400000
0.400000
0.400000
0.400000
0.358296
0.400000
0.400000
0.400000
0.000051
0.400000
0.400000
0.400000
0.400000
0.400000
0.400000
0.400000
0.400000
0.200002
0.400000
0.400000
0.400000
0.203926
0.400000
0.400000
0.400000
0.293570
0.400000
0.400000
0.400000
0.400000
0.400000
0.400000
0.400000
0.400000
0.400000
0.400000
0.400000
0.400000
0.400000
0.400000
0.400000
0.226719
0.400000
0.400000
0.400000
0.400000
0.400000
0.400000
0.400000
0.200000
0.400000
0.400000
0.400000
0.200000
0.400000
0.400000
0.400000

0.450771
0.183225
0.007323
0.145116
0.475123
0.198940
0.000000
0.145122
0.487794
0.210109
0.010208
0.145151
0.505517
0.231658
0.031658
0.145340
0.514138
0.246297
0.070395
0.145614
0.525391
0.273296
0.074356
0.146532
0.530469
0.290846
0.290443
0.147481
0.536613
0.321779
0.215421
0.150002
0.539163
0.340989
0.340989
0.152234
0.542001
0.373281
0.373281
0.157482
0.388720
0.218291
0.018306
0.145198
0.511427
0.241280
0.041280
0.145504
0.519087
0.256727
0.056727
0.145899
0.528904
0.284897
0.084897
0.147125
0.533245
0.303005
0.103020
0.148332
0.538394
0.334553
0.134553
0.151422
0.485638
0.353915
0.161636
0.154085
0.542758
0.386061
0.186291
0.160208
0.543598
0.404831
0.390121
0.165066
0.544430
0.434415
0.274424
0.175462
0.323433
0.267656
0.091754
0.146290
0.331914
0.296884
0.097944
0.147883
0.335645
0.315460
0.115560
0.149388
0.539857
0.347447
0.147447
0.153121
0.341649
0.366842
0.190940
0.156262
0.543353
0.398641
0.199700
0.163339
0.344001
0.416965
0.416563
0.168862
0.344628
0.445453
0.339095
0.180503
0.344930
0.460974
0.460974
0.189084
0.545007
0.483739
0.483739
0.206239

0.139591
0.210873
0.210873
0.134913
0.125782
0.200135
0.200135
0.131961
0.117634
0.193957
0.193957
0.130683
0.104862
0.184155
0.184155
0.129467
0.142358
0.210893
0.210893
0.134913
0.136375
0.200135
0.200135
0.131961
0.182982
0.229197
0.229197
0.141643
0.203370
0.217607
0.217607
0.137155
0.271661
0.248665
0.248665
0.150680
0.319931
0.236372
0.236372
0.144770
0.145187
0.194984
0.000000
0.138211
0.131328
0.203727
0.203727
0.134668
0.123054
0.199186
0.199186
0.132966
0.109375
0.189464
0.189464
0.130841
0.145251
0.216385
0.216385
0.138211
0.131858
0.205575
0.205575
0.134668
0.168930
0.234739
0.234739
0.145665
0.159932
0.223122
0.223122
0.140752
0.203129
0.254228
0.254228
0.155229
0.214590
0.241924
0.241924
0.149010
0.172999
0.239492
0.039492
0.147862
0.159130
0.227713
0.027713
0.142617
0.150906
0.220857
0.020861
0.139871
0.137937
0.209834
0.209834
0.135980
0.175766
0.239512
0.239512
0.147862
0.169723
0.227713
0.227713
0.142617
0.216320
0.259256
0.259256
0.157937
0.236775
0.246799
0.246799
0.151402
0.304739
0.279892
0.279892
0.169971
0.353193
0.266900
0.266900
0.162227

0.201805
0.378460
0.378460
0.149941
0.202216
0.380299
0.380299
0.145017
0.101284
0.378960
0.378960
0.144883
0.180810
0.376233
0.376233
0.136222
0.012926
0.374517
0.374517
0.185134
0.056081
0.371533
0.371533
0.134793
0.008743
0.369663
0.369663
0.310170
0.030433
0.366395
0.366395
0.216552
0.056885
0.364335
0.364335
0.299161
0.140245
0.360714
0.360714
0.253096
0.074198
0.317313
0.317313
0.158414
0.159534
0.359482
0.359482
0.154337
0.011176
0.373755
0.373755
0.151732
0.034414
0.380606
0.380606
0.147030
0.002090
0.379918
0.379918
0.145209
0.002512
0.377348
0.377348
0.138479
0.000000
0.375667
0.375667
0.163910
0.001354
0.372746
0.372746
0.132354
0.004676
0.370917
0.370917
0.290571
0.019206
0.367726
0.367726
0.182218
0.013751
0.387682
0.387682
0.165760
0.026638
0.389900
0.389900
0.162193
0.008282
0.388805
0.388805
0.163015
0.008157
0.386518
0.386518
0.156269
0.007431
0.385087
0.385087
0.206589
0.010684
0.382622
0.382622
0.159238
0.015856
0.381090
0.381090
0.336985
0.033830
0.378443
0.378443
0.249071
0.052170
0.376794
0.376794
0.337196
0.095685
0.373933
0.373933
0.330332

0.201973
0.406434
0.393801
0.401970
0.218635
0.406791
0.394993
0.402514
0.395896
0.405838
0.391526
0.018698
0.401628
0.406215
0.393009
0.401628
0.400000
0.405205
0.388541
0.000000
0.400658
0.405605
0.388642
0.000658
0.401033
0.405838
0.391526
0.018698
0.401628
0.406215
0.393009
0.401628
0.401970
0.406434
0.393801
0.401970
0.402514
0.406791
0.394993
0.402514
0.200784
0.405683
0.390862
0.400784
0.201394
0.406066
0.392442
0.401394
0.199725
0.405040
0.387621
0.399725
0.201266
0.405447
0.190043
0.400400
0.253265
0.404354
0.182620
0.398540
0.399297
0.404788
0.186046
0.399297
0.399725
0.405040
0.387621
0.399725
0.400400
0.405447
0.190043
0.400400
0.400784
0.405683
0.390862
0.400784
0.401394
0.406066
0.392442
0.401394
0.199445
0.404873
0.386601
0.399441
0.216255
0.405286
0.388969
0.400135
0.393085
0.404175
0.380781
0.398221
0.399001
0.404617
0.384825
0.399001
0.396831
0.403427
0.309847
0.396831
0.397722
0.403901
0.375144
0.397722
0.398221
0.404175
0.380781
0.398221
0.399001
0.404617
0.384825
0.399001
0.399441
0.404873
0.386601
0.399441
0.400135
0.405286
0.388969
0.400135

0.127385
0.231464
0.231464
0.141162
0.125670
0.229374
0.229374
0.144877
0.117456
0.216215
0.216215
0.126905
0.126624
0.214749
0.214749
0.132200
0.130884
0.201268
0.201268
0.111155
0.173572
0.200538
0.200538
0.118774
0.199331
0.186673
0.186673
0.086055
0.252962
0.186788
0.186788
0.102824
0.289724
0.201268
0.201268
0.111155
0.293606
0.200538
0.200538
0.118774
0.119940
0.227405
0.227405
0.148558
0.116205
0.225624
0.225624
0.152272
0.105395
0.213446
0.213446
0.137218
0.102597
0.212343
0.212343
0.142096
0.093148
0.199990
0.000000
0.125498
0.097777
0.199657
0.079038
0.131728
0.097417
0.187084
0.187084
0.112442
0.130100
0.187597
0.187597
0.120495
0.182072
0.199990
0.199990
0.125498
0.241252
0.199657
0.199657
0.131728
0.137790
0.227426
0.204820
0.162873
0.134105
0.241706
0.241706
0.165272
0.123562
0.230886
0.030886
0.151392
0.119808
0.229030
0.032952
0.154834
0.109001
0.216893
0.016893
0.140066
0.105723
0.215610
0.015610
0.144640
0.095574
0.203303
0.003303
0.128501
0.097052
0.202771
0.006693
0.134367
0.123022
0.216893
0.194287
0.140066
0.145899
0.215610
0.215610
0.144640

0.234224
0.293107
0.293107
0.388725
0.237563
0.301608
0.301608
0.398869
0.234307
0.292794
0.292794
0.000000
0.237621
0.301256
0.301256
0.390988
0.239905
0.306501
0.280210
0.004450
0.244199
0.315495
0.115519
0.014811
0.247060
0.321029
0.321029
0.020531
0.252292
0.330456
0.330456
0.030449
0.255701
0.336220
0.336220
0.036335
0.261815
0.345979
0.345979
0.046303
0.229459
0.277276
0.277276
0.368449
0.231521
0.284984
0.284970
0.378573
0.229564
0.277048
0.089660
0.367944
0.231620
0.284712
0.084713
0.378066
0.233157
0.289514
0.089514
0.072326
0.236221
0.297828
0.097828
0.394316
0.238358
0.302991
0.115604
0.000404
0.242409
0.311861
0.111861
0.014229
0.245129
0.317329
0.317329
0.104700
0.250131
0.326657
0.326643
0.426497
0.227268
0.263239
0.263239
0.348437
0.228043
0.270017
0.270017
0.358391
0.227327
0.263101
0.263101
0.347951
0.228137
0.269833
0.269833
0.357893
0.228918
0.274106
0.247815
0.363913
0.230722
0.281595
0.081618
0.374011
0.232107
0.286297
0.286297
0.303948
0.234920
0.294457
0.294457
0.390253
0.236908
0.299535
0.299535
0.396346
0.240716
0.308275
0.308275
0.406471

0.185343
0.388143
0.388143
0.403876
0.327837
0.401143
0.401143
0.402324
0.319136
0.340543
0.340543
0.401572
0.311634
0.357431
0.357431
0.400714
0.307407
0.367288
0.367288
0.400353
0.301187
0.381984
0.381984
0.000000
0.325088
0.407336
0.407336
0.001605
0.321958
0.414437
0.414437
0.000720
0.347209
0.437614
0.437614
0.403878
0.348947
0.437014
0.437014
0.002347
0.115692
0.328754
0.328754
0.401143
0.108455
0.345867
0.345867
0.400453
0.112592
0.285424
0.285424
0.399580
0.282763
0.300781
0.300781
0.399736
0.288645
0.311396
0.311396
0.399757
0.280725
0.330377
0.330377
0.399780
0.303437
0.356240
0.356240
0.400169
0.296707
0.372379
0.372379
0.030148
0.320338
0.398131
0.398131
0.401206
0.316269
0.407291
0.407291
0.400464
0.131414
0.301151
0.301151
0.402924
0.123621
0.313399
0.313399
0.402052
0.118715
0.266348
0.266348
0.396845
0.110503
0.273815
0.273815
0.398881
0.107002
0.280296
0.280296
0.399401
0.194050
0.294240
0.294240
0.399704
0.318271
0.322312
0.322312
0.401489
0.310976
0.338919
0.338919
0.400696
0.332390
0.370202
0.370202
0.403870
0.325920
0.385342
0.385342
0.402323

0.197639
0.268457
0.268457
0.201435
0.211253
0.279527
0.279527
0.203342
0.175833
0.252206
0.252206
0.019716
0.191069
0.262143
0.262143
0.000036
0.158494
0.237934
0.186068
0.196711
0.189442
0.246613
0.246609
0.196466
0.178555
0.225792
0.029401
0.196360
0.263667
0.233126
0.087391
0.196472
0.317982
0.237934
0.186068
0.196711
0.365503
0.246613
0.246609
0.197504
0.224563
0.291162
0.291162
0.009238
0.237605
0.303474
0.303474
0.012699
0.203092
0.272806
0.154240
0.002521
0.216597
0.284134
0.282738
0.005780
0.181225
0.256090
0.057034
0.000000
0.195642
0.266324
0.086960
0.000938
0.161524
0.241307
0.041308
0.196964
0.185426
0.250310
0.050402
0.069344
0.209861
0.256090
0.057034
0.198885
0.280756
0.266324
0.086960
0.200938
0.250271
0.316200
0.150433
0.218131
0.262533
0.329318
0.305183
0.223390
0.230010
0.296061
0.096271
0.031312
0.244373
0.308512
0.115197
0.014773
0.213376
0.277261
0.077261
0.203729
0.243985
0.288837
0.088852
0.206271
0.233240
0.260096
0.060096
0.199622
0.318583
0.270618
0.070618
0.201963
0.372863
0.277261
0.077261
0.203729
0.420046
0.288837
0.088852
0.207309

0.489856
0.517668
0.333023
0.137606
0.493423
0.519788
0.326861
0.137851
0.494931
0.521027
0.325194
0.138139
0.494637
0.523041
0.324551
0.136173
0.491201
0.524216
0.324959
0.131843
0.476974
0.523973
0.324153
0.116255
0.462863
0.527264
0.327326
0.101413
0.432410
0.529099
0.329105
0.069772
0.499842
0.530177
0.330919
0.137855
0.485182
0.531936
0.332115
0.120996
0.477134
0.513193
0.316031
0.165658
0.478071
0.515472
0.316422
0.135220
0.473243
0.516799
0.317237
0.123513
0.455505
0.518949
0.319039
0.100964
0.439529
0.520204
0.320231
0.083519
0.407858
0.522243
0.322244
0.050029
0.388455
0.523436
0.323436
0.032511
0.359839
0.525377
0.325378
0.000000
0.449327
0.526516
0.326543
0.122654
0.417016
0.528371
0.328373
0.062790
0.489856
0.517668
0.333023
0.384021
0.493423
0.519788
0.326861
0.247161
0.494931
0.521027
0.325194
0.194710
0.494637
0.523041
0.324551
0.150987
0.491201
0.524219
0.125779
0.137562
0.476974
0.526138
0.326318
0.117118
0.462863
0.527264
0.127326
0.157985
0.432410
0.529099
0.129105
0.084585
0.499842
0.530177
0.131736
0.384270
0.485182
0.531936
0.332115
0.230306

0.224742
0.368956
0.185783
0.201198
0.218727
0.364295
0.176442
0.214608
0.286455
0.396950
0.207305
0.223665
0.298441
0.387109
0.196120
0.235993
0.382009
0.425964
0.235126
0.068362
0.440156
0.411750
0.222700
0.063278
0.538032
0.456748
0.269672
0.277077
0.577662
0.439144
0.256835
0.286430
0.631152
0.489515
0.310944
0.305643
0.629786
0.469541
0.298647
0.313127
0.243304
0.378294
0.210873
0.179286
0.233473
0.373658
0.197310
0.053245
0.291380
0.417493
0.236793
0.000000
0.286898
0.407193
0.220956
0.010412
0.342551
0.456028
0.267494
0.024592
0.352439
0.440882
0.250188
0.036202
0.415507
0.493817
0.302800
0.056641
0.467866
0.475141
0.285148
0.065852
0.550238
0.530802
0.342335
0.291003
0.613347
0.510096
0.325661
0.162036
0.264405
0.384013
0.240047
0.166022
0.253717
0.382816
0.226276
0.171464
0.302281
0.437027
0.273735
0.183466
0.296784
0.427525
0.254502
0.187712
0.339941
0.484927
0.307043
0.027353
0.340283
0.470883
0.286603
0.015130
0.378649
0.529607
0.342520
0.240915
0.390028
0.512185
0.322109
0.244936
0.431511
0.570273
0.379392
0.280670
0.477420
0.551068
0.360435
0.284997

0.139528
0.199653
0.000000
0.271177
0.163018
0.227611
0.028776
0.239930
0.165501
0.236893
0.039044
0.166852
0.175920
0.271678
0.076891
0.120835
0.171849
0.281462
0.089760
0.095431
0.176015
0.312054
0.128517
0.100454
0.170113
0.315066
0.138757
0.078050
0.174462
0.332558
0.173058
0.088022
0.169390
0.326742
0.180421
0.047632
0.177362
0.334222
0.214682
0.070816
0.084255
0.260576
0.060584
0.063833
0.117855
0.295051
0.095124
0.064811
0.129946
0.305062
0.105258
0.065339
0.157201
0.332263
0.133004
0.093421
0.162569
0.334454
0.135894
0.089798
0.178155
0.348094
0.151819
0.106564
0.177640
0.342455
0.148571
0.093232
0.189033
0.347958
0.160631
0.102513
0.189009
0.338993
0.157649
0.082178
0.206356
0.342851
0.175868
0.091419
0.034817
0.326135
0.126138
0.176281
0.062168
0.349636
0.149636
0.147062
0.074997
0.350648
0.150651
0.086483
0.111414
0.361016
0.161049
0.061979
0.127405
0.355400
0.155503
0.058245
0.165161
0.359568
0.160021
0.086721
0.179351
0.351712
0.152646
0.085503
0.213006
0.354952
0.157552
0.105315
0.225007
0.346411
0.150830
0.098167
0.258320
0.349806
0.159403
0.104801

0.455686
0.493737
0.306971
0.455686
0.468322
0.493744
0.314133
0.468322
0.429903
0.493667
0.299550
0.352603
0.446730
0.493724
0.303662
0.246745
0.400000
0.493283
0.295785
0.400000
0.418960
0.493586
0.297791
0.418960
0.370108
0.491790
0.294244
0.370108
0.388565
0.492923
0.295015
0.060971
0.400000
0.493283
0.295785
0.000000
0.418960
0.493586
0.297791
0.018960
0.422660
0.493618
0.298326
0.229339
0.440254
0.493709
0.301822
0.240254
0.392362
0.493064
0.295242
0.192362
0.411441
0.493497
0.296864
0.211441
0.363100
0.491065
0.294066
0.169779
0.381055
0.492567
0.294641
0.181055
0.338253
0.485682
0.293773
0.338253
0.353133
0.489575
0.293895
0.350341
0.363100
0.491065
0.294066
0.363100
0.381055
0.492567
0.294641
0.381055
0.184794
0.492759
0.294816
0.384794
0.203824
0.493368
0.296107
0.403824
0.199097
0.490132
0.293941
0.279076
0.373706
0.492086
0.294357
0.173721
0.332970
0.483513
0.293757
0.332970
0.346905
0.488254
0.293828
0.346905
0.315835
0.470486
0.293746
0.315835
0.325797
0.479487
0.293748
0.325797
0.332970
0.483513
0.293757
0.332970
0.346905
0.488254
0.293828
0.346905

0.200000
0.400000
0.131792
0.000000
0.200000
0.400000
0.134666
0.000000
0.200000
0.400000
0.030772
0.004896
0.200155
0.400000
0.044036
0.000000
0.206569
0.400000
0.004471
0.400000
0.398049
0.400000
0.010144
0.279647
0.399978
0.400000
0.000363
0.399978
0.400000
0.400000
0.001507
0.400000
0.400000
0.400000
0.004471
0.400000
0.400000
0.400000
0.010144
0.400000
0.200001
0.400000
0.019860
0.100478
0.202061
0.400000
0.031561
0.000015
0.249259
0.400000
0.002546
0.400000
0.400000
0.400000
0.006608
0.400000
0.399884
0.400000
0.000169
0.399884
0.399994
0.400000
0.000850
0.399994
0.391196
0.400000
0.000003
0.391196
0.390951
0.400000
0.000045
0.390951
0.399884
0.400000
0.000169
0.399884
0.399994
0.400000
0.000850
0.399994
0.370416
0.400000
0.070887
0.400000
0.400000
0.400000
0.030547
0.400000
0.399536
0.400000
0.013044
0.399536
0.399991
0.400000
0.003666
0.399991
0.383433
0.400000
0.001199
0.383433
0.397552
0.400000
0.000182
0.397552
0.318357
0.400000
0.000038
0.318357
0.364459
0.400000
0.000001
0.364459
0.383433
0.400000
0.001199
0.383433
0.397552
0.400000
0.000182
0.397552

0.427749
0.682673
0.542184
0.034371
0.435985
0.616958
0.475161
0.037972
0.414844
0.693034
0.556788
0.015726
0.422868
0.694522
0.555318
0.023016
0.402649
0.681354
0.551856
0.003569
0.412161
0.681239
0.547242
0.010280
0.399707
0.670071
0.549551
0.002442
0.457014
0.677580
0.551206
0.000921
0.509145
0.657374
0.547666
0.046506
0.585843
0.665378
0.548721
0.010425
0.411702
0.690462
0.555677
0.012238
0.419679
0.695241
0.557099
0.019702
0.399975
0.677001
0.549552
0.001528
0.412485
0.670865
0.538558
0.007383
0.408444
0.632964
0.514992
0.005402
0.498351
0.594729
0.470603
0.000000
0.551245
0.651970
0.545195
0.062406
0.584544
0.646716
0.532767
0.017373
0.569855
0.640943
0.546572
0.212856
0.575086
0.648820
0.546587
0.108810
0.397899
0.676176
0.550911
0.006864
0.417281
0.683516
0.553046
0.006709
0.428090
0.663793
0.548477
0.013239
0.544987
0.671524
0.549771
0.000755
0.571402
0.650128
0.546363
0.091661
0.582075
0.651112
0.539967
0.030995
0.567918
0.637639
0.546488
0.256198
0.572927
0.645818
0.546691
0.147587
0.561083
0.624483
0.546380
0.359349
0.565184
0.632682
0.546410
0.311126

0.220234
0.281522
0.092239
0.419876
0.220325
0.302940
0.103530
0.420141
0.220470
0.316874
0.116941
0.420190
0.221015
0.340708
0.140709
0.420214
0.221635
0.354651
0.165369
0.020218
0.223450
0.375854
0.176443
0.237445
0.225190
0.386740
0.358059
0.020219
0.229603
0.401094
0.243446
0.020219
0.233394
0.407360
0.407360
0.020219
0.242086
0.414309
0.413733
0.237445
0.220219
0.248935
0.048947
0.416787
0.220219
0.263347
0.063347
0.419019
0.220224
0.273819
0.073819
0.419638
0.220273
0.294045
0.094045
0.420074
0.220363
0.307519
0.107531
0.420163
0.220738
0.331178
0.131179
0.420209
0.221191
0.345420
0.123086
0.020502
0.222583
0.367770
0.167915
0.420218
0.223966
0.379658
0.096380
0.420218
0.227579
0.395944
0.023537
0.420219
0.220234
0.281522
0.092239
0.419876
0.220325
0.302940
0.103530
0.420141
0.220470
0.316874
0.116941
0.420190
0.221015
0.340708
0.140709
0.420214
0.221635
0.354651
0.000000
0.420217
0.223450
0.375854
0.176443
0.420218
0.225190
0.386740
0.158059
0.420219
0.229603
0.401094
0.044026
0.420219
0.233394
0.407360
0.207360
0.420219
0.242086
0.414309
0.213733
0.420219

0.022193
0.400000
0.234638
0.400000
0.052067
0.400000
0.201402
0.400000
0.004116
0.400000
0.200121
0.400000
0.016629
0.400000
0.200001
0.086050
0.016399
0.400000
0.234637
0.001397
0.085926
0.400000
0.201402
0.000000
0.157582
0.400000
0.399995
0.000000
0.211798
0.400000
0.325638
0.000000
0.222193
0.400000
0.400000
0.001397
0.252020
0.400000
0.400000
0.000000
0.002224
0.400000
0.200018
0.400000
0.007821
0.400000
0.200000
0.400000
0.000157
0.399998
0.199998
0.400000
0.000930
0.400000
0.200000
0.400000
0.000096
0.398233
0.198250
0.400000
0.001750
0.399957
0.199957
0.372566
0.007160
0.399998
0.210879
0.025136
0.048007
0.400000
0.200288
0.000007
0.109377
0.400000
0.397281
0.400000
0.202420
0.400000
0.257235
0.372566
0.000067
0.399984
0.234621
0.400000
0.000524
0.400000
0.201402
0.400000
0.000331
0.395059
0.195180
0.400000
0.004491
0.399761
0.199762
0.400000
0.016064
0.343564
0.178202
0.400000
0.084249
0.383917
0.185319
0.400000
0.153797
0.395059
0.395054
0.400000
0.199660
0.399761
0.325398
0.400000
0.200067
0.399984
0.399984
0.400000
0.200477
0.400000
0.400000
0.400000

0.490226
0.283711
0.283711
0.197401
0.476892
0.265497
0.265497
0.197247
0.467177
0.255631
0.255631
0.197427
0.448674
0.241055
0.241055
0.198016
0.436421
0.233447
0.139495
0.198471
0.414538
0.222641
0.221918
0.199281
0.476488
0.259657
0.062120
0.200106
0.456789
0.244882
0.079362
0.200611
0.510281
0.291825
0.197872
0.202774
0.493937
0.273203
0.272480
0.002599
0.483276
0.325785
0.325724
0.200362
0.498724
0.303926
0.303926
0.198347
0.494339
0.291574
0.144229
0.197669
0.482692
0.272525
0.257961
0.197230
0.473782
0.262117
0.062800
0.197288
0.456389
0.246602
0.059811
0.197747
0.508141
0.296075
0.096076
0.112520
0.493722
0.276774
0.076848
0.000000
0.534652
0.334879
0.135562
0.006114
0.523880
0.312498
0.125707
0.003903
0.537849
0.379490
0.201202
0.212774
0.534479
0.355332
0.292629
0.207618
0.530817
0.341131
0.141293
0.205331
0.522164
0.318344
0.122791
0.202671
0.515484
0.305375
0.105375
0.201666
0.501947
0.285219
0.085232
0.200779
0.540128
0.345156
0.145156
0.208010
0.530279
0.322170
0.122170
0.205266
0.557905
0.387603
0.187603
0.218148
0.551525
0.363037
0.163050
0.012970

0.400000
0.400000
0.400000
0.400000
0.400000
0.400000
0.400000
0.400000
0.400000
0.400000
0.400000
0.400000
0.400000
0.400000
0.400000
0.400000
0.400000
0.400000
0.400000
0.399997
0.400000
0.400000
0.200331
0.400000
0.400000
0.400000
0.400000
0.000000
0.400000
0.400000
0.400000
0.029606
0.400000
0.400000
0.400000
0.000000
0.400000
0.400000
0.400000
0.000000
0.215207
0.400000
0.400000
0.400000
0.400000
0.400000
0.400000
0.400000
0.400000
0.400000
0.382545
0.400000
0.400000
0.400000
0.200001
0.400000
0.400000
0.400000
0.200000
0.400000
0.400000
0.400000
0.200000
0.400000
0.400000
0.400000
0.382545
0.400000
0.400000
0.400000
0.200001
0.400000
0.400000
0.400000
0.204442
0.000054
0.400000
0.400000
0.400000
0.365828
0.200000
0.400000
0.400000
0.400000
0.200000
0.400000
0.400000
0.400000
0.200012
0.400000
0.400000
0.400000
0.400000
0.400000
0.400000
0.400000
0.400000
0.400000
0.400000
0.400000
0.400000
0.400000
0.200331
0.400000
0.400000
0.400000
0.200004
0.400000
0.400000
0.400000
0.400000
0.400000
0.400000
0.400000
0.200000
0.400000
0.400000
0.400000
0.200000
0.400000

0.241276
0.587000
0.587000
0.200656
0.303767
0.556073
0.556073
0.199955
0.318948
0.524556
0.524556
0.199835
0.425224
0.454587
0.454587
0.199790
0.402376
0.407883
0.407883
0.199787
0.406901
0.335116
0.335116
0.199787
0.400108
0.520506
0.520506
0.199835
0.401070
0.454087
0.454087
0.199790
0.402376
0.586904
0.586904
0.199968
0.406901
0.556070
0.556070
0.000000
0.208322
0.599594
0.599594
0.208854
0.219329
0.597572
0.597572
0.202940
0.202112
0.592677
0.592677
0.201293
0.217996
0.571565
0.571565
0.200130
0.253224
0.538938
0.538938
0.199901
0.386599
0.483225
0.483225
0.199797
0.399739
0.548097
0.548097
0.030569
0.399841
0.554474
0.554474
0.000130
0.399954
0.591886
0.591886
0.008854
0.400552
0.596307
0.596307
0.002940
0.200783
0.598978
0.598978
0.246565
0.203003
0.599730
0.599730
0.221814
0.199867
0.586343
0.586343
0.212952
0.200235
0.596046
0.596046
0.204712
0.199952
0.536852
0.536852
0.202277
0.204303
0.556402
0.556402
0.200434
0.221755
0.476045
0.476045
0.212952
0.338192
0.515048
0.515048
0.204712
0.395844
0.540157
0.540157
0.245877
0.399809
0.573366
0.573366
0.021858

0.320854
0.578023
0.386076
0.168826
0.303341
0.577879
0.382650
0.121234
0.292290
0.577697
0.381210
0.101312
0.273653
0.577091
0.379601
0.076029
0.262727
0.576433
0.379000
0.063587
0.246137
0.574361
0.378231
0.045420
0.238578
0.571136
0.376622
0.035697
0.237461
0.549668
0.359515
0.021321
0.300339
0.527813
0.330381
0.062657
0.355174
0.437914
0.241784
0.045284
0.284826
0.577511
0.380461
0.284894
0.266323
0.576684
0.379176
0.173802
0.255743
0.575819
0.378716
0.123219
0.240765
0.573424
0.378295
0.065933
0.235709
0.571217
0.378178
0.044020
0.245070
0.565846
0.378104
0.020422
0.270513
0.561425
0.378095
0.011078
0.344968
0.551776
0.378061
0.000000
0.277845
0.570800
0.377762
0.029746
0.416086
0.557742
0.370000
0.016233
0.321398
0.578023
0.386077
0.494317
0.307572
0.577879
0.382650
0.406407
0.304099
0.577697
0.381210
0.334648
0.322081
0.577091
0.379601
0.214736
0.354975
0.576434
0.379001
0.155471
0.419702
0.574551
0.378422
0.085245
0.231839
0.572762
0.378247
0.057786
0.421315
0.568275
0.378122
0.028378
0.262657
0.576434
0.379001
0.065840
0.245284
0.574548
0.378418
0.045943

0.337531
0.240890
0.217738
0.017030
0.383535
0.254771
0.232575
0.010318
0.335985
0.226879
0.201967
0.004226
0.361742
0.236861
0.213085
0.003512
0.372740
0.238714
0.211670
0.000318
0.396528
0.239932
0.214271
0.002350
0.406298
0.232463
0.202749
0.000000
0.428534
0.216367
0.188397
0.003487
0.437022
0.281362
0.248127
0.002376
0.457540
0.286682
0.255772
0.006715
0.405710
0.266300
0.240895
0.004290
0.429561
0.279882
0.255667
0.006041
0.381389
0.239694
0.212042
0.000012
0.404790
0.236618
0.210426
0.002460
0.414254
0.226359
0.195862
0.000239
0.436083
0.207446
0.178811
0.004059
0.444222
0.192010
0.157695
0.002330
0.464272
0.175120
0.143337
0.007652
0.470882
0.276534
0.236493
0.006562
0.488938
0.261005
0.224856
0.013722
0.446725
0.297513
0.269216
0.021769
0.467127
0.316208
0.289456
0.018106
0.422032
0.273980
0.242642
0.005005
0.443438
0.289313
0.259971
0.006310
0.451214
0.293949
0.258443
0.003913
0.470784
0.300125
0.267394
0.009091
0.476979
0.295053
0.252998
0.008037
0.494514
0.283156
0.245601
0.015685
0.498944
0.349948
0.281572
0.016247
0.514359
0.358388
0.312424
0.025619

0.295645
0.554013
0.554013
0.089474
0.298319
0.563227
0.563227
0.433100
0.292607
0.540193
0.540193
0.040153
0.294367
0.548681
0.548681
0.042959
0.291497
0.527838
0.527838
0.019649
0.325910
0.535366
0.535366
0.027718
0.441544
0.540105
0.540105
0.032654
0.494337
0.546123
0.546123
0.040793
0.495645
0.554013
0.554013
0.054272
0.498319
0.563223
0.563223
0.418897
0.292060
0.536954
0.536954
0.433977
0.293829
0.545222
0.545222
0.438684
0.294297
0.525012
0.525012
0.076809
0.394452
0.532243
0.532243
0.424157
0.487708
0.514445
0.514445
0.000000
0.490249
0.514437
0.514437
0.012214
0.490568
0.505689
0.505689
0.076337
0.491377
0.470862
0.470862
0.424089
0.492059
0.536541
0.536541
0.429281
0.493580
0.538674
0.538674
0.437459
0.307627
0.522300
0.522300
0.447495
0.474711
0.529291
0.529291
0.434904
0.489872
0.512615
0.512615
0.403654
0.490096
0.518446
0.518446
0.407900
0.489802
0.504839
0.504839
0.242327
0.489820
0.509470
0.509470
0.390427
0.489872
0.512527
0.512527
0.396154
0.490096
0.515888
0.515888
0.405734
0.490343
0.522300
0.522300
0.412293
0.491007
0.529287
0.529287
0.420701

0.401701
0.334334
0.334334
0.252247
0.382421
0.314154
0.314154
0.252042
0.379487
0.303667
0.303515
0.252010
0.544020
0.288851
0.288851
0.252003
0.601701
0.334334
0.262025
0.252247
0.582421
0.314154
0.308747
0.252042
0.624621
0.373280
0.190125
0.253481
0.611419
0.348024
0.018763
0.252535
0.638806
0.418836
0.219499
0.256957
0.630862
0.389728
0.195480
0.254443
0.628913
0.384149
0.382068
0.254083
0.617139
0.357777
0.357777
0.252832
0.608333
0.343333
0.231695
0.252421
0.590593
0.321823
0.300067
0.252094
0.628913
0.384149
0.042361
0.254083
0.617139
0.357777
0.000000
0.252832
0.641232
0.430916
0.031154
0.258358
0.634386
0.401149
0.003723
0.255296
0.647635
0.480160
0.130002
0.266906
0.644191
0.449314
0.049355
0.260967
0.643289
0.443155
0.298369
0.260025
0.637441
0.412875
0.359902
0.256348
0.632685
0.395397
0.199280
0.254846
0.622269
0.368001
0.191299
0.253234
0.643289
0.443155
0.243231
0.260025
0.637441
0.412875
0.213940
0.256348
0.648599
0.492359
0.292357
0.269919
0.645768
0.461668
0.061747
0.263087
0.650869
0.538646
0.338646
0.286274
0.649704
0.510290
0.310290
0.275207

0.316671
0.414826
0.306690
0.420089
0.312602
0.414843
0.309659
0.420995
0.305344
0.396743
0.293582
0.000000
0.300957
0.396010
0.296622
0.401140
0.298616
0.395690
0.298797
0.002034
0.295238
0.395355
0.302977
0.003632
0.293543
0.395270
0.305802
0.004885
0.291296
0.395319
0.311002
0.406441
0.290308
0.395459
0.314394
0.407566
0.289279
0.395870
0.320452
0.409520
0.217828
0.392314
0.290603
0.394736
0.298291
0.391392
0.293648
0.396222
0.293164
0.375066
0.279927
0.374966
0.288608
0.373394
0.282940
0.376874
0.286158
0.372565
0.285114
0.297501
0.282591
0.371480
0.289318
0.380522
0.280782
0.371009
0.292171
0.382062
0.278351
0.370528
0.297435
0.384819
0.277256
0.370420
0.300872
0.386578
0.276062
0.370542
0.306994
0.389667
0.113193
0.394970
0.286834
0.392343
0.107726
0.393508
0.288324
0.393438
0.103810
0.379449
0.276288
0.372099
0.298242
0.377090
0.277702
0.373368
0.295138
0.375834
0.278941
0.374288
0.290363
0.374020
0.281642
0.376075
0.287767
0.373103
0.283635
0.377291
0.283937
0.371869
0.287551
0.379545
0.281960
0.371308
0.290242
0.381025
0.279233
0.370675
0.295257
0.383689

0.276977
0.391696
0.230300
0.199130
0.304342
0.415795
0.248850
0.212224
0.232423
0.353938
0.204601
0.181508
0.460326
0.377390
0.220085
0.192049
0.416205
0.347522
0.153727
0.195812
0.446490
0.366923
0.000000
0.206699
0.400875
0.342628
0.173161
0.212714
0.432420
0.357850
0.185591
0.224018
0.451402
0.367276
0.194206
0.231009
0.482780
0.383524
0.210555
0.242990
0.294316
0.408978
0.263192
0.186790
0.513828
0.437156
0.282834
0.200589
0.452964
0.364337
0.045970
0.169143
0.476725
0.392116
0.052000
0.179549
0.436539
0.355799
0.010012
0.178488
0.463704
0.380200
0.025917
0.188970
0.420199
0.348977
0.001768
0.191940
0.449985
0.369417
0.004494
0.202729
0.467823
0.381938
0.214084
0.209772
0.497204
0.403176
0.231780
0.222469
0.502602
0.426830
0.301255
0.182991
0.520668
0.457672
0.321541
0.197676
0.472600
0.377594
0.270064
0.164568
0.491510
0.408274
0.289346
0.175370
0.457004
0.366756
0.208781
0.167560
0.479830
0.395247
0.059138
0.177996
0.440664
0.357767
0.215717
0.175727
0.467039
0.383081
0.232042
0.186163
0.482734
0.398489
0.242666
0.193289
0.508485
0.424351
0.261715
0.206651

0.148173
0.374129
0.232807
0.015003
0.197105
0.377918
0.209365
0.019192
0.283156
0.368307
0.188654
0.008196
0.343699
0.371909
0.180754
0.012428
0.344791
0.374129
0.179123
0.014999
0.346654
0.377918
0.179583
0.019035
0.347362
0.380241
0.181012
0.044280
0.344803
0.384183
0.184348
0.020782
0.338283
0.386587
0.186639
0.411174
0.315062
0.390648
0.190652
0.115581
0.141564
0.366903
0.181730
0.080995
0.143127
0.370452
0.176535
0.013704
0.140697
0.361523
0.164819
0.000000
0.159463
0.364840
0.165847
0.003502
0.215496
0.366903
0.167338
0.079104
0.330165
0.370452
0.170531
0.003169
0.321818
0.372644
0.172665
0.391028
0.291740
0.376390
0.176391
0.227985
0.268658
0.378689
0.178689
0.341449
0.229770
0.382596
0.182596
0.304458
0.139524
0.360241
0.218919
0.398096
0.140383
0.363495
0.194942
0.381507
0.138919
0.355395
0.175742
0.179998
0.139190
0.358370
0.167215
0.007825
0.139720
0.360241
0.165236
0.398091
0.146457
0.363495
0.165159
0.381351
0.171964
0.365522
0.166293
0.404040
0.306981
0.369017
0.169182
0.403309
0.329315
0.371178
0.171230
0.397783
0.305418
0.374878
0.174882
0.376053

0.258750
0.281855
0.281855
0.200082
0.275403
0.297177
0.297177
0.202756
0.230479
0.259850
0.259850
0.197526
0.447730
0.273224
0.273224
0.198560
0.400903
0.241250
0.241250
0.196528
0.419493
0.252463
0.252463
0.197006
0.370933
0.226213
0.226213
0.196371
0.389660
0.235192
0.235192
0.196412
0.400903
0.241250
0.241250
0.196528
0.419493
0.252463
0.252463
0.197006
0.291707
0.313550
0.313550
0.206430
0.505641
0.330809
0.330809
0.011572
0.465519
0.287848
0.287848
0.001040
0.481797
0.303609
0.303609
0.004099
0.437701
0.265043
0.265043
0.197993
0.455316
0.278929
0.278929
0.000000
0.408371
0.245569
0.046435
0.196669
0.426834
0.257334
0.257334
0.197330
0.437701
0.265043
0.265043
0.197993
0.455316
0.278929
0.278929
0.199654
0.519004
0.348765
0.348765
0.217250
0.531107
0.367206
0.367206
0.224584
0.497041
0.320357
0.320357
0.208208
0.511134
0.337919
0.337919
0.213145
0.472146
0.294024
0.094025
0.202146
0.488026
0.310199
0.310168
0.205609
0.444829
0.270446
0.070446
0.198567
0.462152
0.284828
0.084828
0.200543
0.472146
0.294024
0.094025
0.202146
0.488026
0.310199
0.310168
0.205609
