0.108758
0.119655
0.096722
0.029913
0.113002
0.116849
0.094506
0.016009
0.115162
0.116892
0.092980
0.009831
0.118447
0.113013
0.089718
0.000000
0.124613
0.127699
0.102767
0.034927
0.127597
0.124546
0.100257
0.021100
0.132470
0.136715
0.110719
0.055755
0.135202
0.134173
0.108847
0.044323
0.138947
0.144205
0.117100
0.073000
0.141469
0.142181
0.115774
0.063575
0.096216
0.116897
0.092734
0.044460
0.099107
0.115382
0.091842
0.034425
0.102125
0.116393
0.091200
0.029499
0.106742
0.113932
0.089387
0.016338
0.112679
0.126394
0.100125
0.050185
0.116803
0.124427
0.098836
0.039289
0.121490
0.134759
0.107369
0.067362
0.125199
0.133211
0.106528
0.058365
0.128786
0.141723
0.113165
0.081583
0.132148
0.140534
0.112711
0.074184
0.108009
0.128899
0.103441
0.066578
0.112874
0.127785
0.102983
0.057919
0.115036
0.128628
0.102084
0.054785
0.119049
0.126773
0.100913
0.044395
0.123447
0.136623
0.108946
0.071175
0.127064
0.135170
0.108206
0.062604
0.130397
0.143269
0.114411
0.084733
0.133683
0.142161
0.114047
0.077691
0.136074
0.148757
0.119436
0.095897
0.139085
0.147945
0.118631
0.090145

0.032127
0.039006
0.038839
0.002911
0.035477
0.037105
0.036938
0.000000
0.036657
0.047986
0.047819
0.015170
0.040792
0.046363
0.046196
0.009865
0.038600
0.055946
0.055779
0.026456
0.043848
0.054638
0.054471
0.021564
0.037366
0.062848
0.062681
0.036826
0.044166
0.061910
0.061743
0.032328
0.054240
0.071879
0.071712
0.046806
0.059334
0.070821
0.070654
0.042607
0.024349
0.041577
0.041410
0.013153
0.027896
0.040479
0.040315
0.008214
0.025178
0.049987
0.049820
0.024616
0.031481
0.049179
0.049011
0.020063
0.024156
0.057264
0.057097
0.035140
0.032083
0.056809
0.056642
0.030958
0.018779
0.063325
0.063159
0.044771
0.028975
0.063310
0.063143
0.040950
0.040229
0.072818
0.072651
0.054250
0.047918
0.072532
0.072365
0.050664
0.025277
0.051915
0.051748
0.027333
0.031936
0.051188
0.051021
0.022874
0.023262
0.058898
0.058731
0.037630
0.031688
0.058543
0.058376
0.033538
0.016619
0.064636
0.064469
0.047044
0.027507
0.064748
0.064581
0.043312
0.009636
0.068974
0.068807
0.055605
0.018292
0.069686
0.069519
0.052232
0.031100
0.078696
0.078529
0.064364
0.041778
0.078966
0.078799
0.061176

0.035247
0.063016
0.016290
0.033978
0.042105
0.069295
0.015573
0.039208
0.030651
0.057494
0.020117
0.028057
0.038506
0.064253
0.021280
0.034057
0.039214
0.056942
0.027043
0.025645
0.046771
0.063691
0.029315
0.029702
0.054515
0.068426
0.044509
0.036923
0.061468
0.074668
0.047171
0.043146
0.068184
0.078943
0.059812
0.049502
0.074577
0.084719
0.062723
0.055412
0.021514
0.061765
0.000000
0.036650
0.028587
0.068068
0.001162
0.041075
0.016927
0.056565
0.007158
0.032168
0.025215
0.063400
0.006595
0.037467
0.028189
0.057456
0.017934
0.029061
0.036125
0.064225
0.018785
0.034927
0.045180
0.069239
0.037625
0.042869
0.052482
0.075491
0.039143
0.048513
0.060272
0.079985
0.054696
0.055418
0.066984
0.085761
0.056685
0.060821
0.014282
0.060910
0.014185
0.045934
0.021776
0.067630
0.013908
0.050810
0.009352
0.055504
0.018128
0.041209
0.016544
0.062759
0.019786
0.046831
0.019632
0.057612
0.027714
0.038604
0.028897
0.064690
0.030314
0.044638
0.037593
0.069600
0.045683
0.051565
0.046020
0.076100
0.048603
0.057305
0.053557
0.080512
0.061380
0.063375
0.061222
0.086487
0.064491
0.068817

0.020430
0.035719
0.016071
0.019344
0.022833
0.036639
0.017343
0.018936
0.020744
0.034173
0.013950
0.015139
0.022966
0.034896
0.015035
0.014489
0.020676
0.032233
0.011418
0.010492
0.022717
0.032756
0.012312
0.009546
0.027664
0.039050
0.018826
0.018576
0.029648
0.039605
0.019744
0.017807
0.034291
0.045487
0.025840
0.026228
0.036218
0.046072
0.026776
0.025584
0.012531
0.027324
0.006954
0.009628
0.014010
0.028232
0.008226
0.009081
0.011864
0.025656
0.004690
0.005077
0.014175
0.026349
0.005757
0.004263
0.011815
0.023563
0.001982
0.000000
0.013928
0.024035
0.002840
0.000283
0.019286
0.030887
0.009920
0.008763
0.021341
0.031399
0.010808
0.007822
0.026367
0.037801
0.017431
0.017011
0.028365
0.038348
0.018343
0.016210
0.016792
0.032753
0.011635
0.015712
0.019268
0.033734
0.012993
0.015377
0.016988
0.031109
0.009371
0.011389
0.019284
0.031894
0.010546
0.010813
0.016798
0.029068
0.007225
0.006578
0.018915
0.029654
0.007680
0.005750
0.023908
0.035985
0.014248
0.014826
0.025966
0.036603
0.015255
0.014132
0.030653
0.042522
0.021403
0.022596
0.032652
0.043167
0.022426
0.022024

0.103049
0.100556
0.064146
0.000000
0.108603
0.107658
0.073184
0.006976
0.107050
0.108340
0.068604
0.007984
0.113615
0.114425
0.076802
0.017956
0.117315
0.117733
0.081323
0.023196
0.123101
0.122692
0.088218
0.030724
0.126351
0.125342
0.091980
0.034532
0.131409
0.129230
0.097642
0.039716
0.136726
0.137865
0.107295
0.059698
0.141353
0.141398
0.112453
0.064388
0.108224
0.109985
0.069372
0.010648
0.114669
0.115829
0.077375
0.020077
0.112106
0.115409
0.071086
0.018806
0.118108
0.120329
0.078362
0.026144
0.121481
0.122954
0.082341
0.029834
0.126733
0.126795
0.088341
0.034810
0.129669
0.128784
0.091570
0.037098
0.134212
0.131578
0.096342
0.042628
0.139761
0.140985
0.106886
0.062001
0.143937
0.143571
0.111284
0.064517
0.115252
0.122787
0.077484
0.036973
0.121395
0.128132
0.085238
0.045521
0.117957
0.127044
0.079211
0.043114
0.123763
0.131637
0.084825
0.049965
0.127036
0.134110
0.088807
0.053466
0.132152
0.137768
0.094874
0.058301
0.135024
0.139689
0.098179
0.060607
0.139490
0.142443
0.103139
0.063465
0.144473
0.150442
0.112406
0.082150
0.148576
0.152985
0.116971
0.084833

0.068042
0.094437
0.065266
0.010312
0.070222
0.091374
0.061311
0.000000
0.070451
0.100517
0.069905
0.032977
0.072562
0.098219
0.066671
0.018344
0.076594
0.108442
0.079271
0.055470
0.078764
0.106859
0.076795
0.043667
0.081756
0.114906
0.087108
0.073858
0.083975
0.113909
0.085261
0.064364
0.086033
0.120127
0.093638
0.088865
0.088295
0.119614
0.092314
0.081261
0.056515
0.093990
0.063007
0.033626
0.059461
0.092321
0.060390
0.019969
0.058920
0.098683
0.066169
0.050582
0.061695
0.097541
0.064919
0.039442
0.065357
0.105688
0.074704
0.068703
0.068114
0.105071
0.073140
0.059747
0.070803
0.111425
0.081900
0.083555
0.073544
0.111240
0.080812
0.076386
0.075348
0.116071
0.087936
0.095704
0.078077
0.116243
0.087248
0.089999
0.051020
0.095353
0.066182
0.055532
0.053098
0.094985
0.064921
0.045412
0.052086
0.099274
0.068662
0.068395
0.055717
0.099248
0.067699
0.060177
0.058679
0.105469
0.076298
0.082926
0.062212
0.105810
0.075747
0.076384
0.064262
0.110542
0.082745
0.094840
0.067710
0.111184
0.082536
0.089670
0.069752
0.114637
0.088148
0.104577
0.072297
0.115529
0.088230
0.100533

0.133182
0.117367
0.083567
0.000000
0.138445
0.122882
0.091532
0.005936
0.139433
0.130252
0.092125
0.022384
0.144519
0.135229
0.099867
0.032785
0.144417
0.141199
0.098192
0.046047
0.149391
0.145739
0.105851
0.055356
0.154485
0.153386
0.115259
0.072002
0.158956
0.157364
0.122001
0.079990
0.163489
0.164076
0.130275
0.094507
0.167511
0.167566
0.136217
0.101365
0.125544
0.117459
0.078167
0.005065
0.130799
0.121928
0.085485
0.016149
0.131504
0.129508
0.085185
0.030332
0.136664
0.133627
0.092519
0.038178
0.136159
0.139720
0.089724
0.051420
0.141286
0.143566
0.097196
0.058611
0.146872
0.151729
0.107407
0.076104
0.151497
0.155122
0.114014
0.082284
0.156474
0.162302
0.123010
0.097574
0.160651
0.165302
0.128858
0.102890
0.121558
0.124310
0.078632
0.031003
0.125909
0.128713
0.086348
0.038894
0.125432
0.134661
0.083137
0.051478
0.131091
0.138784
0.090996
0.058743
0.129367
0.143369
0.087465
0.068321
0.135032
0.147281
0.093376
0.075130
0.140527
0.154590
0.103066
0.090402
0.145645
0.158064
0.110276
0.096292
0.150555
0.164507
0.118830
0.109656
0.155184
0.167598
0.125233
0.114756

0.088595
0.097977
0.097977
0.026469
0.092434
0.095150
0.095150
0.012454
0.087191
0.094082
0.094082
0.009907
0.091059
0.090594
0.090594
0.000000
0.089308
0.103919
0.103919
0.035962
0.093850
0.101473
0.101473
0.022307
0.104049
0.118010
0.118010
0.060668
0.108142
0.116008
0.116008
0.049081
0.117179
0.130401
0.130401
0.081951
0.120866
0.128763
0.128763
0.072106
0.075637
0.094211
0.094211
0.038994
0.079153
0.092548
0.092548
0.028757
0.072868
0.091835
0.091835
0.027027
0.077982
0.089707
0.089707
0.013763
0.073904
0.100240
0.100240
0.049144
0.079720
0.099030
0.099030
0.038089
0.090069
0.114155
0.114155
0.071013
0.095274
0.113203
0.113203
0.061604
0.104488
0.126460
0.126460
0.089966
0.109147
0.125715
0.125715
0.081944
0.076761
0.104392
0.104392
0.063485
0.082443
0.103685
0.103685
0.054330
0.073857
0.102047
0.102047
0.054120
0.079858
0.101055
0.101055
0.043568
0.074891
0.108154
0.108154
0.072039
0.079204
0.108005
0.108005
0.063320
0.089129
0.121254
0.121254
0.090833
0.095173
0.121206
0.121206
0.083403
0.104013
0.132852
0.132852
0.107169
0.109389
0.132877
0.132877
0.100824

0.041507
0.041995
0.041995
0.000000
0.048864
0.049369
0.049369
0.006374
0.044970
0.048927
0.048927
0.009302
0.052131
0.055883
0.055883
0.018345
0.047371
0.054770
0.054770
0.020586
0.054389
0.061366
0.061366
0.028942
0.048724
0.059573
0.059573
0.030518
0.055653
0.065865
0.065865
0.038263
0.061420
0.071434
0.071434
0.044853
0.067759
0.077163
0.077163
0.051886
0.035435
0.042950
0.042950
0.007302
0.041791
0.050121
0.050121
0.016369
0.037082
0.049018
0.049018
0.018560
0.044514
0.055823
0.055823
0.026948
0.038872
0.054027
0.054027
0.028471
0.046200
0.060521
0.060521
0.036251
0.039578
0.058018
0.058018
0.037123
0.046855
0.064254
0.064254
0.044642
0.052857
0.069831
0.069831
0.050707
0.059519
0.075513
0.075513
0.057282
0.039817
0.052770
0.052770
0.023801
0.047238
0.059515
0.059515
0.032055
0.041368
0.057557
0.057557
0.033429
0.048699
0.064005
0.064005
0.041094
0.041837
0.061337
0.061337
0.041820
0.049132
0.067540
0.067540
0.048961
0.042853
0.064141
0.064141
0.049048
0.048535
0.070151
0.070151
0.055730
0.054523
0.075559
0.075559
0.061712
0.061216
0.081034
0.081034
0.067777

0.104942
0.115924
0.057430
0.009360
0.104899
0.112126
0.053000
0.000000
0.104907
0.121685
0.059603
0.029979
0.105016
0.118721
0.055938
0.016414
0.108669
0.129346
0.066098
0.050578
0.108751
0.126955
0.062858
0.039331
0.111735
0.135707
0.071054
0.067348
0.111747
0.133755
0.068096
0.057964
0.120094
0.144750
0.083923
0.086841
0.120270
0.143299
0.081554
0.079212
0.098089
0.117670
0.054655
0.030330
0.098393
0.115015
0.051282
0.017524
0.097379
0.121774
0.054879
0.045511
0.097767
0.119749
0.052060
0.035027
0.100787
0.128228
0.060015
0.061833
0.101082
0.126602
0.057433
0.053099
0.103534
0.133585
0.063793
0.075052
0.103701
0.132251
0.062648
0.067709
0.112152
0.142140
0.076491
0.092140
0.112456
0.141200
0.074523
0.086187
0.097351
0.121313
0.059462
0.050997
0.097491
0.119751
0.057363
0.041427
0.095791
0.124384
0.059633
0.062322
0.096716
0.123304
0.057106
0.054560
0.099436
0.130233
0.063629
0.075797
0.100235
0.129426
0.062067
0.069358
0.102479
0.135161
0.067302
0.086769
0.103124
0.134545
0.065771
0.081372
0.110888
0.143079
0.079190
0.101550
0.111626
0.142758
0.078038
0.097233

0.020342
0.061573
0.014888
0.013906
0.021807
0.059533
0.009074
0.005763
0.028738
0.059032
0.017809
0.005461
0.032349
0.056270
0.011714
0.000000
0.045820
0.069205
0.032804
0.019896
0.048491
0.066557
0.027213
0.012025
0.062472
0.080216
0.048073
0.034794
0.064394
0.077687
0.042945
0.027629
0.076757
0.090076
0.061694
0.048359
0.078104
0.087685
0.057008
0.041843
0.032233
0.070587
0.016048
0.022732
0.035314
0.068249
0.011589
0.014817
0.042128
0.068087
0.019929
0.015768
0.043993
0.065194
0.013141
0.007478
0.056618
0.077034
0.034509
0.029251
0.057878
0.074321
0.028357
0.021743
0.071200
0.087033
0.049482
0.043320
0.071985
0.084489
0.043902
0.036510
0.083799
0.096022
0.062864
0.056129
0.084231
0.093653
0.057814
0.049956
0.052654
0.081905
0.035221
0.039018
0.054722
0.079696
0.029237
0.032033
0.059854
0.079084
0.037861
0.032397
0.060989
0.076417
0.031861
0.025075
0.071761
0.086606
0.050205
0.044150
0.072167
0.084135
0.044791
0.037531
0.083655
0.095409
0.063267
0.056706
0.084047
0.093114
0.058373
0.050710
0.094263
0.103357
0.074975
0.068157
0.094419
0.101239
0.070562
0.062730

0.017285
0.056980
0.041369
0.012193
0.029325
0.065075
0.049253
0.018202
0.036023
0.069616
0.053666
0.023641
0.046373
0.076691
0.060527
0.032193
0.052126
0.080657
0.064363
0.037030
0.061009
0.086833
0.070319
0.044629
0.065942
0.090292
0.073645
0.048925
0.073550
0.095672
0.078800
0.055669
0.080425
0.101005
0.084710
0.062133
0.086960
0.105713
0.089199
0.068141
0.000000
0.055713
0.039679
0.020583
0.011019
0.064064
0.047813
0.029476
0.018712
0.068737
0.052355
0.034500
0.030592
0.076004
0.059401
0.042383
0.037191
0.080068
0.063331
0.046834
0.047373
0.086381
0.069419
0.053813
0.053023
0.089909
0.072810
0.057750
0.061734
0.095383
0.078448
0.063917
0.069290
0.100824
0.084088
0.070120
0.076760
0.105591
0.088629
0.075595
0.006391
0.065324
0.049713
0.037268
0.017189
0.073188
0.057367
0.045281
0.024699
0.077586
0.061637
0.049803
0.036295
0.084417
0.068253
0.056893
0.042735
0.088233
0.071939
0.060891
0.052671
0.094156
0.077642
0.067153
0.058183
0.097462
0.080815
0.070682
0.066679
0.102587
0.085715
0.076202
0.074043
0.107767
0.091472
0.081964
0.081325
0.112220
0.095706
0.086855

0.052390
0.085710
0.064936
0.018464
0.059918
0.092708
0.071534
0.032044
0.049614
0.077321
0.055905
0.000000
0.057333
0.085071
0.063243
0.009603
0.050960
0.084450
0.062371
0.016102
0.058399
0.091340
0.068838
0.029570
0.053961
0.092497
0.071080
0.037917
0.061328
0.098760
0.076932
0.049382
0.068836
0.105025
0.084250
0.059061
0.075239
0.110347
0.089173
0.068652
0.039353
0.084618
0.063038
0.037116
0.045656
0.091260
0.069265
0.048408
0.035180
0.077850
0.055603
0.016932
0.043603
0.085080
0.062405
0.030115
0.035829
0.083353
0.060418
0.034717
0.044042
0.089887
0.067072
0.045893
0.038137
0.090031
0.067784
0.052688
0.046356
0.096086
0.073411
0.062263
0.054479
0.102351
0.080770
0.071035
0.061647
0.107519
0.085524
0.079043
0.043746
0.094482
0.073708
0.059881
0.051784
0.100413
0.079240
0.069152
0.040104
0.088092
0.066675
0.043026
0.048371
0.094548
0.072720
0.053840
0.038406
0.091431
0.069352
0.056698
0.046649
0.097389
0.074886
0.065919
0.040538
0.096011
0.074594
0.071003
0.046671
0.101667
0.079839
0.078975
0.054784
0.107606
0.086832
0.086735
0.062144
0.112445
0.091272
0.093399

0.004488
0.031232
0.031232
0.022909
0.007296
0.031732
0.031732
0.020688
0.004543
0.027827
0.027827
0.016386
0.009131
0.027929
0.027929
0.013925
0.005581
0.023571
0.023571
0.009320
0.009436
0.023322
0.023322
0.006635
0.005136
0.018522
0.018522
0.001727
0.008360
0.017963
0.017963
0.000000
0.012856
0.024537
0.024537
0.008286
0.015743
0.023960
0.023960
0.005514
0.011982
0.035416
0.035416
0.025128
0.016517
0.035598
0.035598
0.022819
0.012861
0.031233
0.031233
0.018266
0.016695
0.031081
0.031081
0.015744
0.012302
0.026280
0.026280
0.010892
0.015533
0.025832
0.025832
0.008170
0.010437
0.020604
0.020604
0.003017
0.013148
0.019893
0.019893
0.000838
0.016815
0.025972
0.025972
0.009235
0.019288
0.025286
0.025286
0.006467
0.023483
0.043275
0.043275
0.032894
0.027390
0.043336
0.043336
0.030682
0.022961
0.038605
0.038605
0.025977
0.026295
0.038389
0.038389
0.023581
0.021176
0.033239
0.033239
0.018581
0.024020
0.032779
0.032779
0.016013
0.018235
0.027212
0.027212
0.010715
0.020660
0.026537
0.026537
0.007984
0.024275
0.031785
0.031785
0.016346
0.025534
0.031167
0.031167
0.013769

0.060251
0.078629
0.053295
0.030303
0.065670
0.077260
0.052745
0.026090
0.064438
0.073371
0.046672
0.019423
0.068397
0.071447
0.045610
0.014818
0.066154
0.067086
0.038948
0.007698
0.068906
0.064662
0.037433
0.004034
0.076195
0.074508
0.044854
0.016154
0.078296
0.072153
0.043456
0.011549
0.084476
0.081088
0.049836
0.023805
0.086090
0.078833
0.048589
0.019586
0.045739
0.073344
0.046293
0.026572
0.049499
0.072538
0.046359
0.022423
0.049199
0.068751
0.040242
0.015506
0.054969
0.067271
0.039682
0.010917
0.053418
0.062937
0.032891
0.003507
0.057646
0.060858
0.031782
0.000000
0.065542
0.070979
0.039313
0.012287
0.068860
0.068912
0.038269
0.007664
0.075471
0.078041
0.044669
0.020187
0.078095
0.076032
0.043737
0.015963
0.062343
0.084097
0.055211
0.036656
0.068103
0.083066
0.055113
0.032883
0.066517
0.078977
0.048534
0.025921
0.070834
0.077405
0.047945
0.021775
0.068215
0.072831
0.040748
0.014342
0.071341
0.070775
0.039727
0.009820
0.077653
0.079668
0.045855
0.022032
0.080132
0.077678
0.044957
0.017906
0.085325
0.085662
0.050992
0.028915
0.087321
0.083773
0.049288
0.025176

0.065387
0.098491
0.098491
0.048004
0.070412
0.097197
0.097197
0.037918
0.065242
0.090480
0.090480
0.028137
0.072199
0.088193
0.088193
0.016461
0.075829
0.086425
0.086425
0.008886
0.081021
0.082814
0.082814
0.000000
0.090770
0.096179
0.096179
0.022089
0.094954
0.092548
0.092548
0.009302
0.106837
0.110642
0.110642
0.044797
0.110373
0.107384
0.107384
0.033465
0.072445
0.103569
0.103569
0.057206
0.079661
0.102326
0.102326
0.047996
0.072774
0.095036
0.095036
0.038415
0.078906
0.092964
0.092964
0.027795
0.082111
0.091363
0.091363
0.020904
0.086703
0.088091
0.088091
0.008511
0.095093
0.099327
0.099327
0.030835
0.098783
0.095959
0.095959
0.020878
0.109962
0.113045
0.113045
0.052165
0.113114
0.110032
0.110032
0.041691
0.082015
0.112693
0.112693
0.075703
0.088636
0.111963
0.111963
0.068011
0.081835
0.104310
0.104310
0.058987
0.086058
0.102933
0.102933
0.050116
0.089144
0.101792
0.101792
0.044342
0.093632
0.099358
0.099358
0.033928
0.101112
0.109123
0.109123
0.053005
0.104797
0.106572
0.106572
0.043059
0.114752
0.121527
0.121527
0.071752
0.117951
0.119258
0.119258
0.062933

0.133038
0.125501
0.092667
0.023057
0.137330
0.130901
0.099681
0.036326
0.129811
0.115959
0.080368
0.000000
0.134331
0.122065
0.088223
0.009114
0.131394
0.122066
0.083487
0.012085
0.135591
0.127177
0.090493
0.024951
0.137936
0.129922
0.094331
0.031841
0.141571
0.133993
0.100151
0.042040
0.143594
0.136148
0.103314
0.047433
0.146710
0.139287
0.108067
0.055293
0.127340
0.125566
0.089251
0.036998
0.130639
0.130109
0.095578
0.047528
0.123508
0.117316
0.077950
0.011561
0.127878
0.122379
0.084948
0.023932
0.124280
0.121449
0.078778
0.024502
0.128379
0.125670
0.085096
0.034578
0.130671
0.127915
0.088549
0.039911
0.134222
0.131202
0.093771
0.047687
0.136197
0.132913
0.096597
0.051721
0.139235
0.135348
0.100817
0.059242
0.130969
0.136173
0.096006
0.061237
0.135089
0.140217
0.102024
0.070107
0.128110
0.129170
0.085630
0.039835
0.132386
0.133632
0.092232
0.050189
0.128105
0.132001
0.086288
0.049044
0.132189
0.135791
0.090914
0.057571
0.134483
0.137818
0.094278
0.062090
0.138059
0.140805
0.099404
0.068688
0.140058
0.142371
0.102204
0.072116
0.143156
0.144621
0.106428
0.076994

0.048276
0.060340
0.018046
0.022243
0.054839
0.067927
0.016804
0.027513
0.055268
0.068583
0.037354
0.033650
0.061934
0.075820
0.038073
0.041784
0.060799
0.075754
0.052697
0.046517
0.067526
0.082679
0.054809
0.054314
0.065010
0.081920
0.064896
0.057872
0.071778
0.088571
0.067992
0.065322
0.068007
0.087135
0.074565
0.067874
0.074814
0.093550
0.078356
0.074985
0.040493
0.061796
0.000000
0.026998
0.045327
0.069154
0.000039
0.034222
0.046538
0.069476
0.023850
0.041148
0.053030
0.076547
0.021395
0.048290
0.052252
0.076074
0.042385
0.053457
0.058949
0.082886
0.042165
0.060442
0.056458
0.081656
0.056782
0.064170
0.063309
0.088242
0.058176
0.070955
0.059296
0.086279
0.067913
0.073480
0.066279
0.092673
0.070474
0.080046
0.048117
0.071224
0.028930
0.044387
0.054667
0.078227
0.027104
0.051495
0.053439
0.077562
0.046334
0.056276
0.060177
0.084315
0.046568
0.063214
0.057291
0.082900
0.059843
0.066622
0.064177
0.089435
0.061564
0.073354
0.059805
0.087290
0.070265
0.075607
0.066819
0.093642
0.073064
0.082117
0.062595
0.090773
0.078203
0.083375
0.068214
0.096979
0.081785
0.089662

0.083683
0.095380
0.067654
0.021287
0.088073
0.093232
0.066245
0.011294
0.091427
0.096854
0.070301
0.028146
0.094651
0.094618
0.068773
0.019533
0.097132
0.097117
0.071688
0.032284
0.099381
0.094764
0.070013
0.026397
0.108608
0.106320
0.081967
0.047501
0.110257
0.104117
0.080414
0.041046
0.118685
0.114658
0.091336
0.060896
0.119857
0.112588
0.089888
0.055354
0.070463
0.091476
0.062210
0.007914
0.076657
0.089382
0.060896
0.000000
0.081379
0.094797
0.066769
0.019077
0.086097
0.092664
0.065384
0.008672
0.089698
0.096607
0.069766
0.026709
0.093193
0.094396
0.068270
0.017787
0.102922
0.106562
0.080857
0.044038
0.105606
0.104516
0.079496
0.036591
0.114389
0.115467
0.090850
0.059052
0.116424
0.113562
0.089601
0.052781
0.058226
0.093542
0.063445
0.027726
0.063035
0.092860
0.062792
0.018573
0.068790
0.097302
0.067717
0.035918
0.075649
0.096341
0.067545
0.028106
0.080112
0.099557
0.071224
0.041329
0.085368
0.098326
0.070749
0.034514
0.095425
0.109429
0.082296
0.056325
0.099553
0.108199
0.081789
0.050584
0.108562
0.118252
0.092268
0.069471
0.111788
0.117030
0.091738
0.064589

0.087302
0.087082
0.036964
0.045171
0.090317
0.089986
0.042521
0.049489
0.081140
0.081532
0.025509
0.036520
0.084427
0.084604
0.031727
0.041173
0.074377
0.075597
0.012739
0.027171
0.077978
0.078853
0.019721
0.032203
0.072936
0.071495
0.014412
0.024602
0.076338
0.074748
0.020792
0.027941
0.078271
0.076627
0.024388
0.030754
0.081323
0.079643
0.030019
0.035239
0.085133
0.088395
0.030756
0.045978
0.088303
0.091253
0.036897
0.050378
0.078597
0.082850
0.018122
0.037072
0.082083
0.085886
0.025043
0.041847
0.071381
0.076895
0.003951
0.027393
0.075230
0.080131
0.011777
0.032592
0.070687
0.073232
0.007406
0.024137
0.074276
0.076435
0.014475
0.029140
0.076307
0.078281
0.018446
0.032002
0.079501
0.081234
0.025149
0.036549
0.086042
0.092290
0.026919
0.049466
0.089240
0.095186
0.033888
0.054082
0.078858
0.086784
0.012923
0.040283
0.082685
0.089875
0.020822
0.045324
0.071157
0.080839
0.000000
0.030233
0.075411
0.084149
0.006100
0.035761
0.071438
0.077742
0.002820
0.028074
0.075360
0.080989
0.010857
0.033331
0.077575
0.082856
0.015363
0.036329
0.081050
0.085838
0.022382
0.041080

0.088065
0.085547
0.063038
0.055540
0.088668
0.084260
0.064463
0.052229
0.086139
0.082616
0.054970
0.047209
0.086760
0.081088
0.056775
0.043413
0.083590
0.079110
0.045157
0.037423
0.084259
0.077317
0.047456
0.033078
0.080319
0.074947
0.033247
0.025924
0.081075
0.072860
0.036186
0.020951
0.081379
0.071460
0.037507
0.017575
0.081645
0.068872
0.039012
0.012171
0.085521
0.083474
0.054371
0.048872
0.085701
0.082115
0.056520
0.045170
0.082502
0.080184
0.044441
0.039044
0.083436
0.078552
0.047117
0.034773
0.079427
0.076212
0.032313
0.027429
0.080456
0.074275
0.035668
0.022510
0.075469
0.071453
0.017538
0.013702
0.076642
0.069177
0.021761
0.008042
0.077162
0.067635
0.023736
0.004161
0.077735
0.064755
0.026148
0.000000
0.089326
0.091052
0.053425
0.058896
0.090565
0.090021
0.056929
0.056255
0.086510
0.088004
0.041791
0.049729
0.087894
0.086769
0.046127
0.046730
0.082840
0.084320
0.027562
0.038876
0.084428
0.082865
0.032949
0.035483
0.078162
0.079903
0.013976
0.026024
0.080027
0.078209
0.016904
0.022196
0.080937
0.077030
0.020273
0.019447
0.082127
0.074786
0.024870
0.014094

0.051696
0.055784
0.025247
0.000000
0.056056
0.061890
0.030225
0.005432
0.052125
0.061137
0.028775
0.007736
0.056248
0.066794
0.033237
0.015867
0.051740
0.065493
0.031196
0.017479
0.055654
0.070746
0.035182
0.024815
0.055926
0.072638
0.040276
0.031137
0.059854
0.077665
0.044107
0.037944
0.059337
0.078890
0.048353
0.043447
0.063303
0.083729
0.052064
0.049787
0.047332
0.057902
0.025067
0.006652
0.050948
0.063536
0.029488
0.014645
0.046352
0.062147
0.027349
0.016130
0.050313
0.067384
0.031301
0.023344
0.045120
0.065451
0.028573
0.024170
0.048899
0.070332
0.033159
0.030671
0.048866
0.071874
0.037076
0.036640
0.052702
0.076583
0.040499
0.042700
0.051837
0.077444
0.044609
0.047858
0.055752
0.082016
0.047968
0.053532
0.052550
0.067533
0.036996
0.024702
0.056701
0.072843
0.041178
0.031969
0.051502
0.070876
0.038514
0.032782
0.055492
0.075849
0.042291
0.039366
0.049681
0.073344
0.039048
0.039558
0.053534
0.078016
0.042453
0.045517
0.052461
0.078709
0.046347
0.050478
0.056399
0.083251
0.049693
0.056063
0.055705
0.083273
0.052736
0.060255
0.058531
0.087717
0.056052
0.065517

0.089472
0.110495
0.052213
0.031716
0.089175
0.108122
0.047681
0.019758
0.086101
0.103653
0.040155
0.008361
0.086445
0.100259
0.034302
0.000000
0.088437
0.111021
0.041750
0.026139
0.088666
0.108220
0.036151
0.013646
0.096342
0.120130
0.054838
0.046868
0.096895
0.118038
0.050329
0.036517
0.103190
0.127862
0.065990
0.064342
0.104020
0.126372
0.062425
0.055815
0.091360
0.118629
0.053742
0.050091
0.092184
0.116826
0.049399
0.040187
0.088835
0.112608
0.041800
0.029970
0.089026
0.109935
0.036237
0.017922
0.089702
0.118023
0.040655
0.043076
0.089709
0.115786
0.037220
0.032589
0.097207
0.125885
0.053195
0.060715
0.097547
0.124257
0.048723
0.052048
0.103689
0.132538
0.063886
0.075566
0.104317
0.131430
0.060326
0.068453
0.100620
0.128450
0.067989
0.071273
0.101747
0.127337
0.064768
0.063514
0.098430
0.123436
0.057674
0.054520
0.099019
0.121605
0.053436
0.045010
0.098920
0.127655
0.056032
0.064673
0.099335
0.126166
0.051800
0.056417
0.105161
0.134030
0.066296
0.078889
0.105855
0.133040
0.062945
0.072129
0.110503
0.139380
0.075671
0.090791
0.111439
0.138817
0.072393
0.085311

0.070208
0.090855
0.061695
0.035828
0.077030
0.096675
0.068356
0.038061
0.075238
0.089692
0.061865
0.023960
0.083751
0.095056
0.068032
0.024812
0.081126
0.087152
0.060598
0.008842
0.089023
0.092028
0.066240
0.007918
0.086528
0.087958
0.062618
0.016534
0.094042
0.093137
0.068528
0.015442
0.099046
0.099712
0.075531
0.034383
0.105928
0.104703
0.081219
0.036490
0.079880
0.097683
0.066766
0.033375
0.088074
0.102582
0.072557
0.033304
0.086209
0.095773
0.066271
0.018754
0.093777
0.100137
0.071485
0.016739
0.091148
0.092394
0.064240
0.000000
0.098150
0.096151
0.068808
0.000266
0.096074
0.094063
0.067196
0.010141
0.102789
0.098283
0.072191
0.008375
0.107613
0.105687
0.080049
0.032684
0.113798
0.109874
0.084975
0.032501
0.090599
0.107372
0.075453
0.051088
0.098069
0.112168
0.080334
0.052541
0.096276
0.106030
0.074750
0.040071
0.103219
0.110425
0.080047
0.040135
0.100749
0.103485
0.073635
0.025917
0.107221
0.107434
0.078444
0.024189
0.105027
0.104444
0.075959
0.032474
0.111239
0.108728
0.081064
0.032768
0.115509
0.114791
0.087608
0.051233
0.121236
0.118971
0.092572
0.052579

0.037330
0.043608
0.008734
0.000000
0.040903
0.048708
0.012328
0.003551
0.036438
0.047356
0.010040
0.004281
0.040258
0.052190
0.013262
0.009853
0.040990
0.054159
0.019285
0.015894
0.044913
0.058910
0.022529
0.021258
0.044787
0.060240
0.027649
0.026583
0.048827
0.064927
0.030928
0.031761
0.047837
0.065621
0.035163
0.036393
0.052011
0.070264
0.038490
0.041406
0.036198
0.048177
0.010224
0.005824
0.039980
0.052947
0.013354
0.011279
0.034756
0.050995
0.010383
0.011397
0.038393
0.055523
0.014402
0.016399
0.038840
0.057210
0.019257
0.022338
0.042619
0.061693
0.022099
0.027179
0.042148
0.062709
0.027240
0.032377
0.046085
0.067165
0.030163
0.037079
0.044687
0.067510
0.034363
0.041557
0.048797
0.071958
0.037378
0.046138
0.041651
0.056416
0.021543
0.020020
0.045573
0.061095
0.024715
0.025230
0.039740
0.058651
0.021335
0.024931
0.043557
0.063125
0.024197
0.029735
0.042855
0.063974
0.029101
0.034751
0.046833
0.068426
0.032046
0.039421
0.045201
0.068603
0.036013
0.043721
0.049357
0.073052
0.039053
0.048276
0.048110
0.072553
0.042096
0.051876
0.051132
0.077016
0.045243
0.056335

0.091134
0.087160
0.035211
0.022826
0.089669
0.084292
0.029654
0.016025
0.084960
0.079543
0.021277
0.007977
0.083051
0.076205
0.014664
0.003583
0.086135
0.085509
0.019881
0.016917
0.084194
0.082491
0.012889
0.009655
0.086387
0.090623
0.016399
0.024236
0.084346
0.087875
0.008843
0.017316
0.096224
0.100339
0.034711
0.040504
0.094632
0.097980
0.028377
0.034437
0.088347
0.090325
0.030324
0.029910
0.086929
0.087880
0.024440
0.023686
0.082053
0.083246
0.015593
0.015803
0.080160
0.080357
0.008535
0.008684
0.082170
0.088241
0.011649
0.022794
0.080157
0.085607
0.003975
0.015989
0.081285
0.092406
0.005352
0.028161
0.079071
0.089976
0.000000
0.021552
0.091629
0.101870
0.025278
0.044190
0.089920
0.099818
0.018186
0.038448
0.090689
0.094330
0.039971
0.040691
0.089439
0.092470
0.035482
0.035566
0.084765
0.088050
0.027278
0.028182
0.083580
0.085804
0.021819
0.022289
0.085052
0.092555
0.024320
0.034545
0.083793
0.090551
0.018405
0.028966
0.084473
0.096320
0.020111
0.039489
0.083075
0.094514
0.012836
0.034126
0.093961
0.105123
0.036888
0.053994
0.092967
0.103633
0.031487
0.049359

0.110468
0.098011
0.058369
0.029162
0.109736
0.094857
0.056744
0.023184
0.103861
0.089450
0.047146
0.014001
0.103029
0.085958
0.045303
0.007374
0.103247
0.084503
0.044860
0.003938
0.102048
0.080477
0.042365
0.000000
0.110079
0.093673
0.056506
0.020219
0.109011
0.090033
0.054286
0.013356
0.116364
0.102051
0.067185
0.035057
0.115412
0.098759
0.065212
0.028860
0.110292
0.102478
0.059478
0.038547
0.109963
0.099883
0.058562
0.033586
0.103820
0.094500
0.048585
0.024523
0.103430
0.091625
0.047626
0.019015
0.103923
0.090558
0.047558
0.016282
0.103182
0.087194
0.045873
0.009888
0.110558
0.099054
0.058764
0.031260
0.109908
0.096015
0.057284
0.025493
0.116671
0.106825
0.069056
0.044925
0.116101
0.104079
0.067757
0.039724
0.110366
0.106883
0.060282
0.047056
0.110423
0.104807
0.060049
0.043030
0.103956
0.099390
0.050949
0.033985
0.103994
0.097085
0.049276
0.029505
0.104743
0.096365
0.049764
0.027404
0.104442
0.093610
0.048852
0.022113
0.111250
0.104293
0.060660
0.041279
0.111004
0.101809
0.059887
0.036515
0.117255
0.111555
0.070681
0.053951
0.117054
0.109313
0.070028
0.049661

0.068084
0.113490
0.065381
0.064487
0.074934
0.117065
0.063774
0.070940
0.081480
0.112288
0.071442
0.052665
0.087055
0.116114
0.070868
0.061080
0.091465
0.109402
0.074722
0.037044
0.096132
0.113651
0.075237
0.047760
0.098633
0.104775
0.075331
0.017023
0.102689
0.109631
0.077015
0.030463
0.104487
0.099290
0.074291
0.000000
0.108173
0.104945
0.077253
0.009483
0.048588
0.111348
0.052318
0.073425
0.053146
0.114860
0.052483
0.077805
0.062811
0.112280
0.062162
0.065715
0.070053
0.115825
0.060309
0.071728
0.077164
0.111491
0.068938
0.054757
0.083025
0.115243
0.068108
0.062659
0.087929
0.109018
0.072890
0.040128
0.092799
0.113151
0.073132
0.050238
0.096814
0.105848
0.075174
0.022238
0.100999
0.110535
0.076558
0.034954
0.069087
0.120090
0.071981
0.089965
0.075677
0.122767
0.069477
0.093353
0.082972
0.120576
0.079730
0.083900
0.088230
0.123308
0.078063
0.088586
0.093555
0.119744
0.085064
0.075283
0.097834
0.122663
0.084248
0.081463
0.101587
0.117618
0.088174
0.063781
0.105036
0.120854
0.088238
0.071703
0.108214
0.115194
0.090195
0.049938
0.111324
0.118878
0.091186
0.059910

0.139164
0.152340
0.123855
0.078203
0.143348
0.150295
0.122753
0.068440
0.141050
0.145565
0.115504
0.057515
0.144292
0.142587
0.113521
0.045851
0.141200
0.137099
0.105373
0.033450
0.143568
0.133113
0.102437
0.019587
0.144689
0.130362
0.100300
0.010484
0.146064
0.125149
0.096083
0.000000
0.155957
0.144087
0.115602
0.039475
0.157195
0.139639
0.112097
0.025329
0.125053
0.148417
0.117947
0.083551
0.130534
0.147244
0.117783
0.075379
0.128657
0.142822
0.110665
0.065167
0.133064
0.140750
0.109659
0.055350
0.130307
0.135585
0.101649
0.043814
0.133740
0.132567
0.099754
0.032110
0.135472
0.130420
0.098263
0.024406
0.137828
0.126257
0.095165
0.012001
0.147665
0.143627
0.113158
0.050464
0.149737
0.140059
0.110599
0.038437
0.114533
0.148913
0.116321
0.096897
0.118737
0.148972
0.117459
0.090700
0.117510
0.145056
0.110660
0.081409
0.123488
0.144253
0.110995
0.073825
0.121280
0.139611
0.104302
0.063361
0.126166
0.137926
0.102827
0.054197
0.128738
0.136601
0.102205
0.048120
0.132450
0.133857
0.100600
0.036957
0.141777
0.148909
0.116317
0.070724
0.145019
0.146568
0.115055
0.061192

0.083780
0.078605
0.051313
0.000000
0.089574
0.086022
0.061320
0.010244
0.089273
0.088907
0.056869
0.015492
0.094796
0.095532
0.066551
0.029529
0.093696
0.097746
0.060113
0.033126
0.099033
0.103705
0.069675
0.045662
0.097199
0.105406
0.061176
0.047796
0.102436
0.110810
0.070830
0.059110
0.105528
0.113979
0.076347
0.065548
0.110175
0.118723
0.084695
0.075316
0.080458
0.083798
0.050447
0.015268
0.085170
0.090545
0.060379
0.029100
0.084123
0.092770
0.053587
0.032409
0.089850
0.098860
0.063433
0.044801
0.087900
0.100435
0.054376
0.046517
0.093521
0.105979
0.064365
0.057740
0.090708
0.107045
0.052879
0.058005
0.096313
0.112142
0.063199
0.068306
0.099612
0.115143
0.069086
0.074181
0.104587
0.119632
0.078003
0.083082
0.085335
0.094968
0.054173
0.036374
0.091027
0.100912
0.064031
0.048449
0.088838
0.102326
0.054366
0.049770
0.094447
0.107749
0.064404
0.060740
0.091236
0.108524
0.052114
0.060473
0.096851
0.113524
0.062556
0.070580
0.092626
0.113783
0.050443
0.068819
0.098343
0.118450
0.058495
0.078288
0.101697
0.121207
0.064798
0.083697
0.106748
0.125315
0.074348
0.091871

0.036718
0.065674
0.024673
0.040179
0.037807
0.064678
0.020552
0.035647
0.028540
0.058835
0.012720
0.030071
0.029426
0.057613
0.007983
0.026990
0.033533
0.065113
0.024112
0.040633
0.034997
0.064271
0.020145
0.036152
0.049035
0.076728
0.040274
0.053481
0.050350
0.075880
0.036648
0.049288
0.063278
0.087508
0.055096
0.065417
0.064455
0.086658
0.051776
0.061489
0.025481
0.063033
0.015543
0.040577
0.027015
0.062442
0.011332
0.036223
0.016660
0.056132
0.002719
0.030376
0.017991
0.055322
0.000000
0.025540
0.021443
0.062116
0.014627
0.040906
0.023421
0.061711
0.010602
0.036618
0.038225
0.074229
0.032006
0.054109
0.040020
0.073792
0.028350
0.050110
0.053616
0.085447
0.047906
0.066343
0.055243
0.084983
0.044580
0.062609
0.021898
0.063125
0.022124
0.048081
0.023388
0.063261
0.019135
0.044527
0.012190
0.056592
0.010478
0.038752
0.014728
0.056556
0.006926
0.034776
0.017585
0.061780
0.020780
0.048251
0.018869
0.062141
0.018015
0.044781
0.032999
0.074053
0.037599
0.060980
0.035887
0.074317
0.035085
0.057729
0.048871
0.085411
0.052999
0.072777
0.051495
0.085591
0.050709
0.069730

0.032829
0.066125
0.000000
0.011943
0.038809
0.072926
0.003658
0.015892
0.043641
0.076765
0.005446
0.019490
0.050973
0.082775
0.007748
0.025055
0.061712
0.089023
0.024644
0.034892
0.068282
0.094552
0.026990
0.040199
0.077751
0.100169
0.041920
0.049041
0.083655
0.105266
0.044289
0.054098
0.092015
0.110324
0.057495
0.062058
0.097335
0.115030
0.059869
0.066873
0.041771
0.075320
0.000299
0.016872
0.048863
0.081229
0.002398
0.022331
0.052707
0.084553
0.003242
0.025347
0.058451
0.089733
0.006468
0.029940
0.069534
0.096036
0.022843
0.040457
0.074727
0.100833
0.023788
0.044895
0.084499
0.106492
0.040458
0.054317
0.089209
0.110940
0.041599
0.058596
0.097836
0.116030
0.056318
0.067049
0.102120
0.120162
0.057615
0.071167
0.058721
0.086305
0.018483
0.030867
0.065042
0.091735
0.020150
0.036144
0.068485
0.094800
0.021196
0.039080
0.073664
0.099595
0.022335
0.043591
0.083201
0.105158
0.038576
0.052825
0.087907
0.109610
0.039895
0.057172
0.096335
0.114619
0.054246
0.065464
0.100625
0.118759
0.055706
0.069645
0.108083
0.123276
0.068400
0.077103
0.112005
0.127131
0.069969
0.081118

0.023763
0.051465
0.019889
0.041178
0.028114
0.054369
0.020012
0.042367
0.026235
0.051230
0.015088
0.038299
0.029859
0.053837
0.014511
0.038525
0.031808
0.055299
0.013930
0.038962
0.034691
0.057569
0.012556
0.039506
0.036205
0.058832
0.011481
0.039718
0.038373
0.060776
0.009254
0.039875
0.046228
0.064755
0.023386
0.046614
0.048289
0.066634
0.021621
0.046950
0.013173
0.048491
0.011107
0.039225
0.018010
0.051586
0.010910
0.040255
0.016478
0.048652
0.005863
0.035516
0.020448
0.051390
0.004831
0.036205
0.022567
0.052913
0.003935
0.036493
0.025667
0.055257
0.001966
0.036758
0.027273
0.056549
0.000489
0.036785
0.029533
0.058514
0.000000
0.036599
0.038650
0.063024
0.014047
0.044356
0.040788
0.064919
0.011627
0.044390
0.009411
0.047310
0.015735
0.042988
0.012872
0.050891
0.016533
0.044424
0.012111
0.048344
0.012202
0.040055
0.017173
0.051532
0.012207
0.041167
0.019927
0.053318
0.011949
0.041716
0.024062
0.056090
0.011077
0.042432
0.026276
0.057632
0.010281
0.042738
0.029532
0.060007
0.008485
0.043038
0.037996
0.064226
0.022858
0.049854
0.041002
0.066477
0.021464
0.050308

0.017418
0.045368
0.045368
0.020606
0.027659
0.050557
0.050557
0.023971
0.026820
0.044289
0.044289
0.013047
0.035903
0.049035
0.049035
0.016281
0.037777
0.047318
0.047318
0.012136
0.045995
0.051881
0.051881
0.015542
0.046807
0.049249
0.049249
0.010352
0.054300
0.053689
0.053689
0.013959
0.054121
0.050163
0.050163
0.009686
0.061011
0.054533
0.054533
0.011559
0.000000
0.038629
0.038629
0.019826
0.009603
0.044255
0.044255
0.023082
0.010046
0.038812
0.038812
0.012906
0.020437
0.043884
0.043884
0.017011
0.023753
0.043349
0.043349
0.013135
0.033076
0.048152
0.048152
0.016330
0.035227
0.046667
0.046667
0.012447
0.043647
0.051270
0.051270
0.015807
0.044718
0.048865
0.048865
0.010878
0.052381
0.053330
0.053330
0.014433
0.003657
0.046940
0.046940
0.032117
0.013033
0.052629
0.052629
0.035312
0.014124
0.047772
0.047772
0.025874
0.024879
0.052876
0.052876
0.028864
0.028537
0.052552
0.052552
0.026252
0.038133
0.057347
0.057347
0.029347
0.040613
0.056104
0.056104
0.025743
0.049228
0.060664
0.060664
0.028975
0.050622
0.058534
0.058534
0.024386
0.058413
0.062925
0.062925
0.027786

0.053436
0.061122
0.030487
0.000000
0.060146
0.067031
0.037449
0.003666
0.064299
0.072216
0.039820
0.009714
0.072776
0.077679
0.046396
0.015459
0.081046
0.085719
0.055085
0.025744
0.088599
0.090675
0.061092
0.031058
0.096160
0.098160
0.069191
0.040718
0.102898
0.102661
0.074687
0.045637
0.109822
0.109636
0.082242
0.054712
0.115843
0.113731
0.087278
0.059268
0.062742
0.068228
0.035376
0.003239
0.070856
0.073357
0.041633
0.009612
0.074230
0.078228
0.043487
0.014419
0.081631
0.082999
0.049451
0.019536
0.089547
0.091000
0.058148
0.029964
0.096157
0.095332
0.063608
0.034700
0.103425
0.102798
0.071733
0.044503
0.109336
0.106738
0.076739
0.048890
0.116020
0.113711
0.084334
0.058108
0.121315
0.117299
0.088931
0.062173
0.076842
0.080557
0.045327
0.017042
0.084082
0.085247
0.051226
0.022107
0.086331
0.089232
0.053005
0.026876
0.092991
0.093628
0.057651
0.031756
0.100245
0.101063
0.065833
0.041546
0.106216
0.105067
0.071047
0.046070
0.112892
0.112014
0.078699
0.055278
0.118254
0.115667
0.083496
0.059476
0.124408
0.122161
0.090658
0.068138
0.129231
0.125499
0.095077
0.072035

0.092423
0.102420
0.041678
0.063277
0.093810
0.104220
0.042819
0.065107
0.085558
0.097011
0.031550
0.055659
0.086923
0.098824
0.032618
0.057479
0.078262
0.091306
0.020750
0.047595
0.079601
0.093130
0.021734
0.049398
0.070504
0.085286
0.009229
0.039051
0.071810
0.087118
0.010117
0.040832
0.073987
0.086291
0.015735
0.042550
0.075392
0.088191
0.016795
0.043622
0.088717
0.101422
0.034724
0.060489
0.090000
0.103150
0.035684
0.062203
0.081440
0.095791
0.023899
0.052479
0.082693
0.097526
0.024770
0.054173
0.073695
0.089842
0.012342
0.043987
0.074911
0.091582
0.013111
0.045654
0.065450
0.083555
0.000000
0.034976
0.066621
0.085296
0.002219
0.036609
0.069557
0.084983
0.007484
0.038302
0.070837
0.086797
0.008326
0.040054
0.091249
0.103976
0.038367
0.063838
0.092718
0.105847
0.039766
0.065802
0.084044
0.098448
0.027804
0.055996
0.085581
0.100341
0.029151
0.057962
0.076461
0.092611
0.016535
0.047685
0.077986
0.094523
0.017820
0.049648
0.068393
0.086444
0.005666
0.038872
0.069899
0.088373
0.005720
0.040828
0.072456
0.087905
0.011828
0.042175
0.074043
0.089888
0.013185
0.044221

0.080644
0.070010
0.070010
0.025756
0.084633
0.074892
0.074892
0.031069
0.076816
0.062819
0.062819
0.012159
0.081812
0.067773
0.067773
0.017629
0.073312
0.054706
0.054706
0.000000
0.078313
0.059748
0.059748
0.002830
0.081181
0.062592
0.062592
0.005940
0.085744
0.067034
0.067034
0.010671
0.088353
0.069522
0.069522
0.013238
0.092489
0.073376
0.073376
0.017066
0.085392
0.076008
0.076008
0.032936
0.089951
0.080278
0.080278
0.037310
0.082456
0.068858
0.068858
0.019543
0.086988
0.073162
0.073162
0.024002
0.078852
0.060812
0.060812
0.004803
0.083370
0.065160
0.065160
0.009353
0.085952
0.067592
0.067592
0.011812
0.090045
0.071352
0.071352
0.015461
0.092374
0.073433
0.073433
0.017381
0.096050
0.076611
0.076611
0.021902
0.093603
0.086991
0.086991
0.049670
0.097948
0.091055
0.091055
0.053833
0.090855
0.080441
0.080441
0.037501
0.095177
0.084541
0.084541
0.041748
0.087936
0.073074
0.073074
0.024111
0.091805
0.077219
0.077219
0.028450
0.094274
0.079545
0.079545
0.030808
0.098196
0.083155
0.083155
0.034332
0.100434
0.085162
0.085162
0.036202
0.103974
0.088243
0.088243
0.038912

0.021266
0.046705
0.030709
0.009664
0.029673
0.053691
0.037466
0.017881
0.013687
0.038545
0.022180
0.000000
0.022645
0.045993
0.029394
0.005700
0.027716
0.050232
0.033490
0.010755
0.035690
0.056932
0.039950
0.018772
0.040201
0.060743
0.043616
0.023348
0.047291
0.066764
0.049391
0.030601
0.051300
0.070187
0.052665
0.034737
0.057598
0.075591
0.057817
0.041290
0.010714
0.045678
0.029220
0.017751
0.018519
0.052700
0.036006
0.025463
0.001378
0.037953
0.021116
0.006088
0.011114
0.045431
0.028352
0.014381
0.016620
0.049682
0.032456
0.019113
0.025271
0.056393
0.038921
0.026610
0.030161
0.060206
0.042584
0.030884
0.037842
0.066223
0.048348
0.037652
0.042181
0.069640
0.051611
0.041508
0.048992
0.075028
0.057160
0.047608
0.011384
0.054073
0.038077
0.032566
0.020869
0.060914
0.044689
0.039690
0.004357
0.046112
0.029748
0.021603
0.012063
0.053441
0.036842
0.029281
0.017834
0.057600
0.040858
0.033656
0.026886
0.064155
0.047173
0.040582
0.031994
0.067874
0.050746
0.044525
0.040003
0.073732
0.056358
0.050763
0.044521
0.077052
0.059530
0.054313
0.051600
0.082280
0.064506
0.059922

0.078925
0.080318
0.027747
0.012474
0.082557
0.086144
0.031320
0.020863
0.073459
0.072530
0.014979
0.000000
0.077088
0.078668
0.018517
0.005453
0.075725
0.079384
0.016245
0.007127
0.078851
0.084962
0.018829
0.015064
0.080556
0.088131
0.020064
0.019510
0.083108
0.093122
0.021586
0.026403
0.091248
0.099012
0.037180
0.037016
0.093773
0.103692
0.038841
0.043456
0.075448
0.082745
0.023857
0.020266
0.077944
0.088073
0.026492
0.027612
0.069358
0.075661
0.011021
0.005404
0.072526
0.081234
0.013494
0.013195
0.070750
0.081511
0.010410
0.014051
0.073401
0.086553
0.011887
0.020869
0.074813
0.089407
0.012441
0.024653
0.076864
0.093883
0.015134
0.030458
0.085862
0.099996
0.030252
0.041592
0.087950
0.104217
0.030883
0.047059
0.083400
0.092633
0.038417
0.036917
0.086609
0.097612
0.041173
0.043729
0.078673
0.086317
0.027069
0.023673
0.081831
0.091518
0.029703
0.030890
0.079930
0.091477
0.027155
0.031301
0.082638
0.096212
0.028362
0.037666
0.084105
0.098899
0.029135
0.041214
0.086282
0.103128
0.029927
0.046682
0.094210
0.108584
0.045106
0.056483
0.096400
0.112575
0.046109
0.061633

0.102249
0.114899
0.088252
0.042008
0.111690
0.120096
0.094223
0.045755
0.105229
0.107600
0.079668
0.023519
0.113752
0.112530
0.085408
0.026960
0.105974
0.098727
0.069448
0.005552
0.113756
0.103425
0.074995
0.005744
0.120455
0.112500
0.084568
0.025096
0.127346
0.116905
0.089783
0.028368
0.133204
0.124861
0.098214
0.045214
0.139327
0.128990
0.103117
0.048618
0.090875
0.111955
0.083692
0.040553
0.098356
0.117044
0.089601
0.043028
0.093074
0.105389
0.075763
0.021576
0.102666
0.110037
0.081270
0.023507
0.095941
0.097057
0.066001
0.000000
0.104525
0.101301
0.071146
0.004265
0.112175
0.111536
0.081910
0.023555
0.119720
0.115525
0.086758
0.025274
0.126372
0.124453
0.096190
0.044575
0.133027
0.128202
0.100759
0.046619
0.105167
0.124583
0.094606
0.058978
0.114366
0.129242
0.100134
0.061813
0.108568
0.118208
0.086784
0.042050
0.116823
0.122551
0.092040
0.044500
0.109777
0.110340
0.078268
0.022908
0.117264
0.114400
0.082417
0.024896
0.123795
0.123108
0.091684
0.043627
0.130417
0.126926
0.096414
0.045908
0.136123
0.134545
0.104568
0.062184
0.142003
0.138136
0.109028
0.064675

0.127611
0.115422
0.084813
0.020316
0.130870
0.120875
0.091921
0.033398
0.123107
0.106124
0.072670
0.000000
0.127494
0.112301
0.080655
0.009244
0.124859
0.112770
0.076205
0.012533
0.128956
0.118091
0.083502
0.025582
0.129286
0.122724
0.082759
0.033870
0.133265
0.127470
0.089666
0.045257
0.138926
0.134746
0.098182
0.057876
0.142509
0.138840
0.104251
0.067566
0.128835
0.122416
0.088210
0.039273
0.132639
0.126958
0.094601
0.050035
0.125150
0.114173
0.076786
0.016538
0.129184
0.119300
0.083935
0.029089
0.125750
0.118839
0.077977
0.030272
0.129566
0.123266
0.084612
0.041940
0.129312
0.127338
0.082677
0.047815
0.133080
0.131335
0.089087
0.057281
0.138841
0.138490
0.097628
0.069242
0.142242
0.141937
0.103283
0.077297
0.133962
0.133190
0.094963
0.061190
0.137661
0.137171
0.101011
0.070327
0.130324
0.126003
0.084222
0.041655
0.134236
0.130468
0.090946
0.052274
0.130071
0.129263
0.083597
0.051731
0.133835
0.133167
0.089969
0.060915
0.132597
0.136221
0.087946
0.065685
0.136372
0.139807
0.092594
0.073881
0.141924
0.146442
0.100776
0.084742
0.145344
0.149551
0.106354
0.091740

0.016071
0.056715
0.030525
0.061155
0.020092
0.059574
0.032749
0.062798
0.016736
0.057047
0.031841
0.062274
0.020842
0.059964
0.034148
0.063594
0.019533
0.059870
0.035612
0.065400
0.023724
0.062839
0.037993
0.067153
0.021751
0.062295
0.038950
0.068607
0.026046
0.065328
0.041417
0.070415
0.032217
0.069988
0.047520
0.075145
0.036251
0.072851
0.049838
0.076859
0.005510
0.050018
0.022542
0.056130
0.009836
0.053067
0.025630
0.057864
0.006231
0.050421
0.023978
0.056977
0.010649
0.053534
0.026450
0.058777
0.009003
0.053248
0.027800
0.060540
0.013516
0.056418
0.030353
0.062393
0.011152
0.055647
0.031156
0.063776
0.015778
0.058888
0.033802
0.065689
0.022321
0.063808
0.040238
0.070659
0.026663
0.066863
0.042721
0.072468
0.000521
0.046943
0.020752
0.056038
0.004225
0.050305
0.023480
0.058007
0.000000
0.047254
0.022049
0.056795
0.004887
0.050681
0.024865
0.058828
0.002542
0.049927
0.025669
0.060213
0.007528
0.053413
0.028567
0.062299
0.005724
0.052144
0.028798
0.063288
0.009525
0.055704
0.031793
0.065435
0.016167
0.060669
0.038201
0.070362
0.020960
0.064024
0.041012
0.072391

0.062448
0.096886
0.049765
0.052738
0.065734
0.100908
0.049770
0.059805
0.071502
0.097580
0.056241
0.043641
0.074751
0.101998
0.057135
0.052440
0.079139
0.096821
0.060554
0.031065
0.082400
0.101745
0.062387
0.041889
0.085428
0.094481
0.062665
0.014489
0.088757
0.100041
0.065513
0.027699
0.090412
0.090390
0.062478
0.000000
0.093872
0.096739
0.066447
0.009303
0.048985
0.094106
0.038608
0.059837
0.052387
0.097766
0.039944
0.065068
0.059952
0.096496
0.047808
0.054519
0.063256
0.100435
0.047596
0.061192
0.069375
0.097538
0.054825
0.046223
0.072628
0.101848
0.055492
0.054564
0.077359
0.097153
0.059680
0.034561
0.080611
0.101939
0.061272
0.044848
0.083979
0.095223
0.062348
0.019041
0.087286
0.100610
0.064933
0.031617
0.045404
0.093697
0.046577
0.072743
0.047338
0.097494
0.046357
0.077273
0.054757
0.097173
0.055834
0.069508
0.058938
0.101105
0.056242
0.075156
0.065053
0.099417
0.063151
0.063808
0.069033
0.103568
0.064210
0.070757
0.073907
0.100386
0.068570
0.055345
0.077744
0.104847
0.070319
0.063821
0.081414
0.100001
0.072089
0.043739
0.085167
0.104880
0.074588
0.054015

0.023525
0.065820
0.042123
0.042902
0.032363
0.071644
0.047312
0.048147
0.017134
0.059723
0.035002
0.033760
0.026365
0.065779
0.040395
0.039275
0.024486
0.058416
0.032626
0.025895
0.032792
0.064223
0.037742
0.031518
0.029900
0.055962
0.029057
0.017037
0.037421
0.061589
0.033963
0.022813
0.033557
0.052414
0.024346
0.009683
0.040415
0.057925
0.029105
0.013149
0.008797
0.061785
0.036801
0.045886
0.016966
0.067919
0.042265
0.050957
0.000000
0.055884
0.029820
0.037305
0.010479
0.062259
0.035496
0.042623
0.009869
0.055948
0.028757
0.030471
0.019217
0.061972
0.034052
0.035830
0.017517
0.054768
0.026402
0.022633
0.025897
0.060521
0.031394
0.028082
0.023166
0.052418
0.022826
0.013794
0.030723
0.057970
0.028363
0.019379
0.010372
0.069561
0.045864
0.057656
0.020815
0.075628
0.051295
0.062437
0.003891
0.062962
0.038241
0.049267
0.012163
0.069349
0.043965
0.054311
0.012437
0.063847
0.038057
0.043238
0.022302
0.069826
0.043345
0.048288
0.021447
0.063456
0.036551
0.036238
0.030224
0.069112
0.041486
0.041343
0.028312
0.061876
0.033808
0.028274
0.036163
0.067284
0.038464
0.033479

0.076787
0.102090
0.038459
0.058547
0.081843
0.106849
0.042665
0.063654
0.073820
0.097483
0.027622
0.048035
0.078675
0.102238
0.031772
0.053276
0.069693
0.092020
0.015319
0.036409
0.074373
0.096794
0.019430
0.041807
0.070897
0.089314
0.013132
0.030121
0.075819
0.094349
0.017921
0.036087
0.070938
0.085727
0.009398
0.024897
0.076130
0.091047
0.014888
0.029197
0.068405
0.099948
0.028437
0.058150
0.072074
0.104686
0.032555
0.063013
0.064110
0.095726
0.017213
0.047769
0.069106
0.100424
0.021233
0.052730
0.060135
0.090607
0.004407
0.036230
0.064911
0.095289
0.010060
0.041309
0.062198
0.088655
0.003036
0.030787
0.067220
0.093590
0.007696
0.036444
0.063007
0.085786
0.000000
0.024106
0.068305
0.090997
0.005404
0.030365
0.078498
0.110023
0.039021
0.069107
0.083604
0.114547
0.043411
0.073931
0.075432
0.105803
0.027848
0.059057
0.080352
0.110315
0.032214
0.064009
0.071180
0.100740
0.015150
0.047902
0.075942
0.105263
0.019515
0.053004
0.072228
0.098448
0.012503
0.042091
0.077252
0.103223
0.017588
0.047758
0.072079
0.095287
0.009960
0.035092
0.077394
0.100339
0.014069
0.041348

0.060114
0.069217
0.069217
0.023991
0.066096
0.074023
0.074023
0.028123
0.052203
0.060401
0.060401
0.008031
0.059653
0.065426
0.065426
0.012350
0.060796
0.063092
0.063092
0.006255
0.067939
0.068390
0.068390
0.011524
0.067908
0.064321
0.064321
0.002394
0.074816
0.069936
0.069936
0.008650
0.073620
0.064105
0.064105
0.000000
0.080362
0.070086
0.070086
0.003713
0.057548
0.071366
0.071366
0.028327
0.064678
0.075663
0.075663
0.031247
0.049459
0.062025
0.062025
0.012246
0.057034
0.066514
0.066514
0.017261
0.059465
0.066192
0.066192
0.012795
0.066657
0.070916
0.070916
0.016715
0.067895
0.068874
0.068874
0.011275
0.074781
0.073872
0.073872
0.016147
0.074851
0.070107
0.070107
0.007688
0.081503
0.075424
0.075424
0.013545
0.057991
0.079972
0.079972
0.046897
0.065618
0.084431
0.084431
0.049849
0.051201
0.070900
0.070900
0.032394
0.057094
0.075601
0.075601
0.035448
0.060022
0.075622
0.075622
0.033304
0.067693
0.080451
0.080451
0.037135
0.069477
0.078914
0.078914
0.032336
0.076731
0.083916
0.083916
0.036972
0.077404
0.080822
0.080822
0.029496
0.084321
0.086043
0.086043
0.034971

0.043746
0.044855
0.044855
0.014574
0.050352
0.049653
0.049653
0.019509
0.038379
0.039425
0.039425
0.006588
0.045451
0.044430
0.044430
0.011739
0.031483
0.033171
0.033171
0.000000
0.039155
0.038436
0.038436
0.003305
0.033617
0.040730
0.040730
0.008709
0.041797
0.045943
0.045943
0.013847
0.033777
0.047348
0.047348
0.018791
0.042654
0.052578
0.052578
0.023703
0.035177
0.044100
0.044100
0.018761
0.042525
0.049004
0.049004
0.023507
0.029140
0.038876
0.038876
0.011309
0.037076
0.044006
0.044006
0.016259
0.021284
0.032751
0.032751
0.003159
0.029976
0.038169
0.038169
0.008779
0.021616
0.039621
0.039621
0.013426
0.031032
0.045057
0.045057
0.018384
0.019552
0.045437
0.045437
0.022959
0.029930
0.050972
0.050972
0.027727
0.028437
0.045584
0.045584
0.026013
0.035514
0.050731
0.050731
0.030678
0.020180
0.040543
0.040543
0.019141
0.029291
0.045948
0.045948
0.024001
0.011017
0.034500
0.034500
0.011558
0.021089
0.040237
0.040237
0.016649
0.008992
0.040488
0.040488
0.021198
0.020063
0.046328
0.046328
0.026096
0.007665
0.045274
0.045274
0.030078
0.016402
0.051315
0.051315
0.034827

0.017241
0.053540
0.028252
0.042148
0.020011
0.053536
0.027541
0.039720
0.021475
0.053403
0.026975
0.038159
0.023597
0.052971
0.025804
0.035384
0.024685
0.052587
0.024967
0.033616
0.026200
0.051745
0.023353
0.030498
0.026934
0.051120
0.022255
0.028526
0.027878
0.049885
0.020213
0.026534
0.039822
0.061442
0.033822
0.038934
0.040530
0.060150
0.031758
0.035559
0.005398
0.048911
0.022189
0.041339
0.008905
0.049367
0.021899
0.039217
0.010791
0.049501
0.021574
0.037835
0.013585
0.049496
0.020789
0.035350
0.015058
0.049360
0.020174
0.033751
0.017185
0.048917
0.018915
0.030910
0.018272
0.048524
0.018022
0.029100
0.019775
0.047661
0.017118
0.025908
0.031961
0.059197
0.030011
0.039628
0.033179
0.058249
0.028247
0.036500
0.000000
0.047084
0.021796
0.044881
0.001418
0.048153
0.022158
0.043228
0.003864
0.048644
0.022216
0.042122
0.007558
0.049220
0.022053
0.040094
0.009552
0.049423
0.021803
0.038766
0.012519
0.049532
0.021139
0.036371
0.014093
0.049462
0.020596
0.034826
0.016383
0.049126
0.019454
0.032073
0.028445
0.060362
0.032742
0.045267
0.030388
0.059904
0.031511
0.042551

0.023671
0.045340
0.045340
0.011889
0.028014
0.044250
0.044250
0.005777
0.032556
0.045052
0.045052
0.003702
0.036842
0.043155
0.043155
0.000000
0.048838
0.057807
0.057807
0.019070
0.052367
0.055942
0.055942
0.012644
0.063245
0.069404
0.069404
0.033176
0.066151
0.067588
0.067588
0.027241
0.076041
0.079969
0.079969
0.046134
0.078433
0.078214
0.078214
0.040654
0.019455
0.052330
0.052330
0.025696
0.026555
0.051925
0.051925
0.020591
0.031910
0.053158
0.053158
0.018789
0.037407
0.051923
0.051923
0.012659
0.049236
0.065495
0.065495
0.032917
0.053758
0.064200
0.064200
0.027237
0.064422
0.076655
0.076655
0.045873
0.068141
0.075331
0.075331
0.040611
0.077784
0.086775
0.086775
0.057764
0.080841
0.085445
0.085445
0.052891
0.017590
0.059261
0.059261
0.039885
0.022951
0.059648
0.059648
0.035299
0.029295
0.061311
0.061311
0.034168
0.036345
0.060818
0.060818
0.028834
0.048233
0.073452
0.073452
0.047218
0.054032
0.072793
0.072793
0.042253
0.064669
0.084363
0.084363
0.059164
0.069437
0.083585
0.083585
0.054546
0.078989
0.094199
0.094199
0.070113
0.082906
0.093338
0.093338
0.065820

0.091535
0.083820
0.031231
0.012771
0.093880
0.088811
0.033158
0.020145
0.084564
0.075267
0.016887
0.000000
0.086895
0.080569
0.018633
0.004478
0.088131
0.083580
0.019346
0.008879
0.089911
0.088323
0.019957
0.015694
0.097552
0.093810
0.036174
0.026216
0.099377
0.098270
0.037069
0.032623
0.106180
0.103235
0.051375
0.042048
0.108032
0.107429
0.052495
0.048068
0.089477
0.087800
0.027848
0.021103
0.091283
0.092231
0.028589
0.027372
0.082423
0.079821
0.013029
0.005831
0.084144
0.084498
0.013431
0.012462
0.085004
0.087142
0.013312
0.016132
0.086143
0.091281
0.015071
0.021739
0.094680
0.096949
0.030922
0.032832
0.095941
0.100868
0.030556
0.038158
0.103519
0.105982
0.046778
0.048062
0.104874
0.109692
0.046789
0.053114
0.094089
0.093691
0.040145
0.034692
0.095697
0.097877
0.041281
0.040583
0.087622
0.086633
0.027686
0.021192
0.089495
0.091047
0.028146
0.027422
0.090470
0.093551
0.028359
0.030889
0.091838
0.097488
0.028179
0.036220
0.099244
0.102515
0.043944
0.045894
0.100699
0.106245
0.044121
0.050952
0.107292
0.110794
0.058018
0.059606
0.108811
0.114327
0.058490
0.064402

