0.100614
0.119364
0.090225
0.060578
0.103093
0.118316
0.090088
0.053782
0.101108
0.114077
0.083419
0.044728
0.105073
0.112225
0.082525
0.036744
0.107149
0.110834
0.081695
0.031527
0.110117
0.108042
0.079814
0.022086
0.111610
0.106078
0.078382
0.015955
0.113626
0.102309
0.075479
0.004917
0.118344
0.105862
0.079538
0.007667
0.119625
0.101364
0.075864
0.000000
0.107019
0.124533
0.093483
0.066854
0.111216
0.123461
0.093382
0.060724
0.108564
0.119017
0.086349
0.051806
0.111988
0.117240
0.085593
0.044629
0.113773
0.115923
0.084873
0.039938
0.116312
0.113301
0.083222
0.031447
0.117578
0.111467
0.081955
0.025933
0.119269
0.107965
0.079375
0.017419
0.124204
0.112324
0.084275
0.020471
0.125276
0.108226
0.081053
0.009503
0.117516
0.134376
0.101291
0.081119
0.121340
0.133590
0.101539
0.076047
0.118180
0.129115
0.095239
0.067487
0.121359
0.127732
0.094010
0.061526
0.123031
0.126683
0.093597
0.057612
0.125435
0.124559
0.092508
0.050500
0.126652
0.123057
0.091610
0.045865
0.128312
0.120162
0.089699
0.037498
0.132877
0.124305
0.094416
0.041960
0.134001
0.120900
0.091945
0.032702

0.021863
0.050986
0.009331
0.013816
0.022820
0.049241
0.005291
0.007477
0.029523
0.051718
0.013488
0.009780
0.030051
0.049511
0.009175
0.002922
0.035984
0.051405
0.016318
0.004385
0.036087
0.048719
0.011699
0.000000
0.049608
0.063985
0.031784
0.020970
0.049726
0.061539
0.027564
0.014160
0.062174
0.075601
0.046048
0.036268
0.062308
0.073375
0.042194
0.030026
0.010518
0.048595
0.002223
0.016994
0.012019
0.047409
0.000061
0.011238
0.019755
0.050639
0.008081
0.014617
0.020819
0.049008
0.004105
0.008400
0.027722
0.051633
0.012574
0.010915
0.028357
0.049543
0.008332
0.004191
0.041977
0.064155
0.028308
0.026946
0.042584
0.062257
0.024435
0.020785
0.055120
0.075715
0.042816
0.041734
0.055702
0.073995
0.039283
0.036089
0.008554
0.049724
0.008068
0.026993
0.008495
0.049366
0.005416
0.022241
0.016135
0.052675
0.014445
0.025517
0.018195
0.051860
0.011524
0.020317
0.025031
0.054593
0.019507
0.022798
0.026615
0.053314
0.016295
0.017112
0.039459
0.066828
0.034627
0.037829
0.040936
0.065677
0.031701
0.032622
0.052758
0.078124
0.048571
0.051697
0.054139
0.077090
0.045909
0.046931

0.095702
0.119863
0.090466
0.030746
0.099607
0.117632
0.089094
0.017853
0.103474
0.115873
0.087837
0.009315
0.109008
0.112223
0.085007
0.000000
0.117214
0.125512
0.098775
0.030194
0.121680
0.122177
0.096221
0.016644
0.128470
0.133192
0.107693
0.047166
0.132034
0.130102
0.105347
0.035367
0.141396
0.144716
0.120398
0.068896
0.144342
0.142023
0.118415
0.058846
0.105724
0.126999
0.095808
0.046913
0.111639
0.125025
0.094744
0.036287
0.114716
0.123493
0.093746
0.029250
0.119103
0.120346
0.091467
0.016333
0.125669
0.130919
0.102549
0.045594
0.129185
0.127994
0.100453
0.034334
0.134601
0.136715
0.109659
0.058703
0.137373
0.133952
0.107686
0.049925
0.145883
0.147066
0.121263
0.077777
0.148176
0.144645
0.119596
0.069309
0.119253
0.137484
0.105260
0.067055
0.124154
0.135953
0.103823
0.058589
0.126712
0.134749
0.103186
0.052967
0.130377
0.132255
0.101613
0.042622
0.135744
0.140793
0.110691
0.066225
0.138698
0.138457
0.109234
0.057181
0.143131
0.145490
0.116782
0.076823
0.145476
0.143263
0.115394
0.068835
0.152885
0.154541
0.127163
0.093224
0.154849
0.152596
0.126017
0.086400

0.058509
0.092381
0.061364
0.018822
0.065424
0.098834
0.066631
0.031701
0.054025
0.084094
0.051157
0.000000
0.061322
0.091299
0.057101
0.008821
0.053222
0.091234
0.056258
0.015764
0.060481
0.097583
0.061268
0.028377
0.055474
0.100023
0.067086
0.039111
0.063108
0.105849
0.071651
0.049769
0.072402
0.112546
0.081529
0.060688
0.078828
0.117427
0.085223
0.069540
0.044229
0.091549
0.058113
0.036987
0.050160
0.097593
0.062878
0.047459
0.037714
0.084699
0.049193
0.016339
0.045900
0.091349
0.054484
0.028634
0.035297
0.089989
0.052284
0.033655
0.043616
0.095970
0.057928
0.043853
0.036046
0.097319
0.061812
0.053289
0.044957
0.102962
0.066098
0.061949
0.055354
0.109834
0.076398
0.072165
0.062862
0.114565
0.079850
0.079331
0.047802
0.102219
0.071203
0.061488
0.055851
0.107677
0.075474
0.070000
0.041216
0.095763
0.062825
0.044349
0.049871
0.101787
0.067590
0.054342
0.035787
0.098850
0.063873
0.057696
0.044885
0.104436
0.068121
0.066019
0.036116
0.103802
0.070865
0.073517
0.042871
0.109262
0.075064
0.080657
0.053472
0.115756
0.084739
0.089641
0.061891
0.120327
0.088123
0.095533

0.075622
0.071902
0.047849
0.000000
0.082739
0.078313
0.054945
0.003952
0.083007
0.079074
0.053882
0.004051
0.089559
0.084763
0.060289
0.009972
0.089319
0.084959
0.058575
0.009135
0.095342
0.089941
0.064309
0.013782
0.094605
0.089575
0.061942
0.011979
0.100132
0.093856
0.067011
0.015305
0.098905
0.092919
0.063979
0.012490
0.103960
0.096495
0.068379
0.014423
0.071070
0.072056
0.046572
0.000688
0.076648
0.078049
0.053291
0.006564
0.076773
0.078381
0.051690
0.005644
0.083451
0.083627
0.057697
0.010214
0.083038
0.083370
0.055416
0.008304
0.089157
0.087877
0.060719
0.011514
0.088218
0.087025
0.057748
0.008567
0.093807
0.090788
0.062345
0.010342
0.092347
0.089329
0.058666
0.006294
0.097430
0.092332
0.062543
0.009482
0.080385
0.085047
0.058046
0.020962
0.087125
0.090666
0.064434
0.026720
0.086713
0.090624
0.062345
0.025546
0.092937
0.095602
0.068128
0.030194
0.092023
0.095026
0.065409
0.028140
0.097767
0.099371
0.070597
0.031641
0.096360
0.098257
0.067238
0.028670
0.101651
0.101970
0.071835
0.030966
0.099757
0.100308
0.068671
0.027027
0.104617
0.103379
0.071817
0.028037

0.121972
0.108798
0.068454
0.028927
0.118321
0.103471
0.060531
0.016782
0.115924
0.099991
0.055413
0.008941
0.111785
0.093906
0.046456
0.000000
0.122673
0.109474
0.069130
0.029579
0.119019
0.104145
0.061204
0.017432
0.128776
0.117927
0.081412
0.047837
0.125553
0.113262
0.074400
0.037178
0.134250
0.125417
0.092364
0.063947
0.131409
0.121337
0.086162
0.054596
0.120959
0.114206
0.068500
0.042924
0.117354
0.109441
0.060790
0.032125
0.114990
0.106322
0.055813
0.025149
0.110913
0.100883
0.048970
0.012857
0.121665
0.114887
0.069181
0.043581
0.118058
0.110119
0.061468
0.032780
0.127718
0.122544
0.081181
0.059920
0.124528
0.118367
0.074341
0.050432
0.133158
0.129344
0.091908
0.074363
0.130339
0.125687
0.085843
0.066029
0.127481
0.122628
0.082284
0.062061
0.124296
0.118592
0.075652
0.052881
0.122261
0.115941
0.071361
0.046940
0.118766
0.111330
0.063879
0.036486
0.128095
0.123314
0.082977
0.062723
0.125005
0.119276
0.076335
0.053540
0.133398
0.129921
0.093405
0.076732
0.130669
0.126387
0.087524
0.068668
0.138172
0.135796
0.102743
0.089124
0.135764
0.132706
0.097530
0.082044

0.066492
0.059658
0.033253
0.019346
0.069210
0.064232
0.035255
0.025080
0.060817
0.052926
0.022285
0.007909
0.063510
0.057690
0.024063
0.013869
0.056904
0.047742
0.012186
0.000000
0.059528
0.052680
0.013659
0.003520
0.060962
0.055517
0.014257
0.006999
0.063112
0.060038
0.014756
0.012429
0.064254
0.062626
0.014746
0.015464
0.065903
0.066733
0.014187
0.020148
0.065533
0.062777
0.030975
0.025261
0.067483
0.066979
0.032078
0.030295
0.059436
0.056419
0.019515
0.014251
0.061668
0.060771
0.020271
0.019434
0.055474
0.051669
0.008845
0.004160
0.057575
0.056152
0.009154
0.009463
0.058685
0.058717
0.009022
0.012421
0.060275
0.062785
0.008248
0.016973
0.061068
0.065102
0.007435
0.019476
0.062109
0.068755
0.008205
0.023257
0.072068
0.070429
0.044025
0.038054
0.074441
0.074440
0.045462
0.042885
0.067298
0.064657
0.034016
0.028153
0.069303
0.068812
0.035186
0.033140
0.063813
0.060602
0.025046
0.019335
0.066032
0.064884
0.025862
0.024453
0.067232
0.067341
0.026081
0.027326
0.069007
0.071253
0.025971
0.031782
0.069933
0.073489
0.025609
0.034255
0.071235
0.077031
0.024485
0.038034

0.005997
0.014896
0.006735
0.009147
0.007794
0.015971
0.007861
0.009619
0.006619
0.014427
0.006186
0.007618
0.008301
0.015402
0.007212
0.007996
0.007042
0.013784
0.005461
0.006043
0.008614
0.014660
0.006389
0.006210
0.009520
0.015154
0.006913
0.006351
0.010973
0.015924
0.007734
0.006534
0.011809
0.016354
0.008194
0.006614
0.013146
0.017019
0.008909
0.006696
0.000732
0.009439
0.001178
0.003882
0.001768
0.010556
0.002346
0.004362
0.000627
0.009024
0.000681
0.002352
0.002383
0.010036
0.001744
0.002734
0.001155
0.008426
0.000000
0.000650
0.002793
0.009333
0.000959
0.000934
0.003739
0.009844
0.001501
0.001073
0.005253
0.010639
0.002347
0.001250
0.006125
0.011083
0.002822
0.001324
0.007516
0.011767
0.003557
0.002045
0.005480
0.014500
0.006136
0.008676
0.007284
0.015582
0.007270
0.009156
0.006088
0.014019
0.005573
0.007134
0.007779
0.015002
0.006607
0.007521
0.006499
0.013364
0.005015
0.005428
0.008078
0.014248
0.005771
0.005722
0.008990
0.014747
0.006300
0.005867
0.010451
0.015524
0.007129
0.006059
0.011292
0.015958
0.007595
0.006143
0.012636
0.016630
0.008318
0.006233

0.134937
0.142844
0.142844
0.048369
0.139697
0.139007
0.139007
0.029158
0.142064
0.136251
0.136251
0.016354
0.145250
0.130850
0.130850
0.000000
0.152915
0.148512
0.148512
0.051035
0.155512
0.144157
0.144157
0.031690
0.161796
0.158682
0.158682
0.079603
0.163936
0.155189
0.155189
0.063831
0.169100
0.167144
0.167144
0.103161
0.170884
0.164361
0.164361
0.090316
0.120156
0.141647
0.141647
0.058607
0.127004
0.138738
0.138738
0.041161
0.130503
0.136538
0.136538
0.029515
0.135401
0.132075
0.132075
0.011536
0.143520
0.148597
0.148597
0.061598
0.147480
0.145001
0.145001
0.043979
0.154116
0.158592
0.158592
0.088045
0.157340
0.155714
0.155714
0.073682
0.162777
0.166904
0.166904
0.109872
0.165425
0.164619
0.164619
0.098178
0.106695
0.144767
0.144767
0.087075
0.111914
0.143648
0.143648
0.073831
0.117035
0.142555
0.142555
0.064949
0.124422
0.140013
0.140013
0.048423
0.132672
0.153420
0.153420
0.090489
0.138617
0.151388
0.151388
0.077020
0.145329
0.162418
0.162418
0.111569
0.150138
0.160814
0.160814
0.100608
0.155614
0.169900
0.169900
0.128993
0.159527
0.168654
0.168654
0.120089

0.094534
0.117934
0.066898
0.042775
0.100463
0.122633
0.072863
0.053145
0.096348
0.111662
0.053104
0.020423
0.101680
0.116735
0.059971
0.032657
0.095783
0.103519
0.036025
0.000000
0.100752
0.109141
0.044111
0.008443
0.099267
0.111085
0.032934
0.012238
0.103476
0.115713
0.040875
0.024591
0.105632
0.118179
0.044973
0.031266
0.108660
0.121812
0.050787
0.041262
0.079721
0.118972
0.058324
0.056829
0.086891
0.123370
0.064668
0.065462
0.083477
0.114381
0.044397
0.037574
0.089807
0.118962
0.051636
0.047744
0.084437
0.107994
0.026867
0.014687
0.090206
0.112925
0.035356
0.026732
0.087900
0.114148
0.019675
0.027922
0.092868
0.118197
0.028417
0.038303
0.095419
0.120331
0.032912
0.043869
0.099013
0.123435
0.040686
0.052130
0.069890
0.121138
0.054791
0.072176
0.075597
0.125680
0.062505
0.079834
0.072933
0.118424
0.040925
0.055747
0.081031
0.122979
0.049632
0.064713
0.076142
0.113930
0.023005
0.036042
0.083484
0.118669
0.033125
0.046627
0.080427
0.119362
0.016138
0.045398
0.086926
0.123312
0.023097
0.054761
0.090321
0.125396
0.028759
0.059769
0.095213
0.128431
0.036892
0.067183

0.009024
0.045370
0.009729
0.032645
0.012897
0.046654
0.011658
0.032974
0.011172
0.044473
0.007447
0.029230
0.014616
0.045544
0.009199
0.030043
0.016170
0.047192
0.008718
0.029997
0.019272
0.048116
0.010361
0.030217
0.022182
0.051130
0.011451
0.032262
0.025005
0.051945
0.013027
0.032486
0.027464
0.054656
0.013703
0.034229
0.030050
0.055383
0.015235
0.034468
0.000000
0.040164
0.002783
0.029378
0.002560
0.041846
0.005155
0.029962
0.001016
0.039712
0.000866
0.026120
0.005139
0.041150
0.003031
0.026607
0.006753
0.042740
0.002360
0.026925
0.010476
0.044001
0.004643
0.027374
0.013433
0.046961
0.005295
0.029229
0.016824
0.048089
0.007235
0.029672
0.019287
0.050723
0.007695
0.031206
0.022396
0.051742
0.009573
0.031657
0.008354
0.046511
0.007673
0.032930
0.012426
0.047958
0.009861
0.033468
0.010314
0.045501
0.005118
0.029342
0.013964
0.046741
0.007140
0.029804
0.014971
0.047944
0.005944
0.029753
0.018287
0.049042
0.007866
0.030197
0.020630
0.051596
0.008215
0.031651
0.023675
0.052590
0.010082
0.032105
0.025546
0.054828
0.010885
0.033236
0.028361
0.055740
0.011821
0.033715

0.085811
0.091371
0.019384
0.035439
0.091076
0.097589
0.020785
0.040061
0.095630
0.101072
0.034079
0.045944
0.100962
0.106939
0.037197
0.053415
0.103827
0.109754
0.044779
0.057522
0.109222
0.115305
0.049399
0.064918
0.110508
0.117481
0.051829
0.067363
0.115983
0.122753
0.057828
0.074707
0.121549
0.126321
0.072181
0.081356
0.126556
0.131151
0.077835
0.088109
0.077592
0.094194
0.000000
0.038125
0.082641
0.100171
0.003591
0.044754
0.088008
0.103621
0.016717
0.051041
0.093283
0.109303
0.018335
0.057804
0.096522
0.111981
0.028449
0.061910
0.102001
0.117399
0.032193
0.068791
0.103263
0.119339
0.035663
0.070868
0.108953
0.124530
0.041340
0.077877
0.115492
0.128239
0.059332
0.085182
0.120703
0.132990
0.064776
0.091633
0.076672
0.097194
0.011482
0.049106
0.081161
0.103291
0.014139
0.056170
0.084387
0.106058
0.022808
0.059912
0.090701
0.111856
0.027489
0.067070
0.091931
0.113867
0.029635
0.068797
0.098393
0.119407
0.036179
0.076068
0.097686
0.120673
0.035326
0.075835
0.104338
0.126000
0.040556
0.083262
0.110556
0.129591
0.056194
0.089934
0.116570
0.134443
0.063803
0.096689

0.090783
0.090110
0.090110
0.043391
0.095882
0.095141
0.095141
0.051290
0.084258
0.081668
0.081668
0.027894
0.089799
0.087232
0.087232
0.036789
0.076626
0.071968
0.071968
0.010318
0.082676
0.078146
0.078146
0.020351
0.070964
0.064880
0.064880
0.000000
0.077674
0.071857
0.071857
0.006896
0.084540
0.079637
0.079637
0.018164
0.090546
0.085814
0.085814
0.028239
0.083198
0.088808
0.088808
0.051539
0.087805
0.093545
0.093545
0.058420
0.075718
0.080921
0.080921
0.037781
0.081488
0.086144
0.086144
0.045522
0.067800
0.071845
0.071845
0.022172
0.074095
0.077630
0.077630
0.031568
0.061959
0.065648
0.065648
0.009764
0.068935
0.072175
0.072175
0.019734
0.076096
0.079882
0.079882
0.030393
0.082345
0.085665
0.085665
0.039160
0.083575
0.096306
0.096306
0.067627
0.089124
0.100832
0.100832
0.073700
0.076266
0.088762
0.088762
0.055364
0.082305
0.093750
0.093750
0.062191
0.067767
0.080089
0.080089
0.041452
0.074369
0.085610
0.085610
0.049142
0.063214
0.074175
0.074175
0.030735
0.068467
0.080400
0.080400
0.039527
0.075681
0.087758
0.087758
0.049299
0.082240
0.093278
0.093278
0.057030

0.075545
0.109658
0.041397
0.077302
0.081386
0.113717
0.046196
0.080932
0.074072
0.106654
0.030007
0.068929
0.079569
0.110563
0.034891
0.072601
0.071118
0.102840
0.016718
0.059551
0.076339
0.106632
0.021767
0.063298
0.079285
0.104407
0.027760
0.061710
0.084148
0.108110
0.032438
0.065418
0.086108
0.105225
0.036965
0.064240
0.090670
0.108867
0.041346
0.066586
0.064803
0.106062
0.027153
0.073907
0.069227
0.110335
0.032467
0.077631
0.061618
0.103347
0.014668
0.065181
0.067696
0.107439
0.020096
0.068947
0.058791
0.099728
0.000000
0.055326
0.064556
0.103675
0.007298
0.059173
0.068849
0.102324
0.013645
0.058847
0.074170
0.106143
0.018800
0.062609
0.077375
0.104088
0.025180
0.061266
0.082321
0.107811
0.029943
0.064980
0.075700
0.115728
0.033400
0.081586
0.081971
0.119827
0.039440
0.085552
0.073429
0.112622
0.019748
0.072569
0.079441
0.116601
0.026087
0.076659
0.069524
0.108653
0.006438
0.062400
0.075359
0.112549
0.010563
0.066660
0.079202
0.111080
0.018206
0.066238
0.084567
0.114837
0.024323
0.070343
0.087384
0.112707
0.030378
0.068946
0.092351
0.116356
0.035969
0.072941

0.043877
0.076106
0.076106
0.026938
0.057045
0.082128
0.082128
0.031808
0.056874
0.072798
0.072798
0.012813
0.068153
0.078389
0.078389
0.017746
0.066289
0.067687
0.067687
0.000000
0.076040
0.072963
0.072963
0.001873
0.081361
0.075821
0.075821
0.004535
0.089422
0.080095
0.080095
0.008379
0.093807
0.082377
0.082377
0.010331
0.100423
0.085728
0.085728
0.013001
0.022092
0.072152
0.072152
0.031202
0.034959
0.078514
0.078514
0.035264
0.037041
0.070627
0.070627
0.017975
0.050529
0.076335
0.076335
0.021939
0.050668
0.067065
0.067065
0.002833
0.062140
0.072257
0.072257
0.006741
0.068380
0.075033
0.075033
0.008714
0.077798
0.079119
0.079119
0.011391
0.082903
0.081259
0.081259
0.012632
0.090573
0.084330
0.084330
0.016182
0.024742
0.082051
0.082051
0.049038
0.037464
0.088360
0.088360
0.052906
0.040585
0.081600
0.081600
0.037509
0.054563
0.087214
0.087214
0.041275
0.055690
0.079155
0.079155
0.024240
0.067485
0.084220
0.084220
0.027947
0.073890
0.086933
0.086933
0.029837
0.083544
0.090941
0.090941
0.032437
0.088771
0.093050
0.093050
0.033670
0.096621
0.096095
0.096095
0.035183

0.030426
0.058564
0.031277
0.030471
0.033767
0.058561
0.033081
0.028566
0.033238
0.056330
0.025882
0.023250
0.038631
0.055859
0.027427
0.021213
0.036926
0.053129
0.019154
0.015350
0.041269
0.052265
0.020539
0.013216
0.038462
0.049051
0.011139
0.006771
0.041956
0.047859
0.012458
0.004572
0.040860
0.047457
0.005153
0.001421
0.043724
0.046051
0.006549
0.000571
0.041535
0.064562
0.033268
0.032517
0.046807
0.064187
0.034965
0.030705
0.044918
0.061459
0.026539
0.024854
0.049199
0.060716
0.028108
0.022961
0.046227
0.057509
0.018544
0.016524
0.049710
0.056461
0.020076
0.014584
0.045698
0.052780
0.009301
0.007515
0.048548
0.051481
0.010881
0.006075
0.046380
0.050727
0.002211
0.001867
0.048791
0.049285
0.003981
0.000000
0.055565
0.073020
0.037130
0.038191
0.059841
0.072457
0.038944
0.036607
0.056736
0.069292
0.029244
0.030213
0.060265
0.068447
0.031052
0.028601
0.056132
0.064812
0.020125
0.021571
0.059074
0.063738
0.022010
0.019963
0.053929
0.059626
0.009761
0.012242
0.056422
0.058369
0.011806
0.010669
0.053026
0.057055
0.003430
0.006115
0.055241
0.055715
0.003758
0.004680

0.132165
0.104149
0.074552
0.019752
0.135603
0.107599
0.079069
0.023710
0.124829
0.093602
0.062215
0.003900
0.128432
0.097164
0.066908
0.005223
0.125562
0.095713
0.062426
0.002351
0.128950
0.098780
0.066693
0.005356
0.133884
0.107211
0.075824
0.022027
0.137127
0.110212
0.079956
0.025117
0.141617
0.117798
0.088201
0.040027
0.144716
0.120721
0.092191
0.043164
0.131931
0.105520
0.073669
0.020116
0.135013
0.108416
0.077713
0.022993
0.124439
0.094927
0.061148
0.001228
0.127779
0.097874
0.065312
0.003990
0.124374
0.095786
0.059964
0.000000
0.127502
0.098221
0.063689
0.004119
0.132805
0.107453
0.073674
0.020298
0.135816
0.109886
0.077325
0.022257
0.140629
0.118169
0.086317
0.038814
0.143523
0.120583
0.089880
0.040940
0.135184
0.114335
0.080057
0.036253
0.138441
0.117303
0.084260
0.039437
0.128161
0.104608
0.068256
0.019074
0.131565
0.107650
0.072608
0.022206
0.127804
0.105360
0.067889
0.018075
0.131038
0.107965
0.070803
0.020333
0.135884
0.116130
0.079777
0.036573
0.138986
0.118702
0.083660
0.038972
0.143396
0.126041
0.091762
0.053482
0.146368
0.128568
0.095525
0.055979

0.599995
0.599995
0.599995
0.406056
0.599995
0.599994
0.599994
0.401870
0.599995
0.599984
0.599984
0.400818
0.599995
0.599542
0.599542
0.400153
0.599995
0.597763
0.597763
0.397688
0.599995
0.585476
0.585476
0.000000
0.599995
0.599984
0.599984
0.000818
0.599995
0.599542
0.599542
0.000153
0.599995
0.599995
0.599995
0.403703
0.599995
0.599994
0.599994
0.001872
0.412629
0.599937
0.599937
0.400442
0.599995
0.598623
0.598623
0.400067
0.599995
0.594758
0.594758
0.400013
0.599995
0.575199
0.575199
0.399996
0.599995
0.553553
0.553553
0.399995
0.599995
0.507270
0.507270
0.399995
0.400010
0.594758
0.594758
0.400013
0.519408
0.575199
0.575199
0.001152
0.599995
0.599937
0.599937
0.400442
0.599995
0.598623
0.598623
0.400067
0.399995
0.599995
0.599995
0.406056
0.399995
0.599994
0.599994
0.401870
0.396599
0.599984
0.599984
0.400818
0.599995
0.599542
0.599542
0.400153
0.399995
0.597763
0.597763
0.400041
0.406427
0.585476
0.585476
0.399998
0.399995
0.599984
0.599984
0.400818
0.399995
0.599542
0.599542
0.400153
0.399995
0.599995
0.599995
0.406056
0.406427
0.599994
0.599994
0.401870

0.406719
0.411848
0.411848
0.214145
0.407625
0.412133
0.412133
0.214252
0.408087
0.412295
0.412295
0.223728
0.408757
0.412552
0.412552
0.215048
0.230068
0.412699
0.412699
0.000000
0.401805
0.412933
0.412933
0.251474
0.409936
0.413068
0.413068
0.014841
0.410378
0.413283
0.413283
0.013767
0.410622
0.413407
0.413407
0.015066
0.411000
0.413605
0.413605
0.015201
0.403355
0.411212
0.411212
0.213720
0.405555
0.411542
0.411542
0.213905
0.210737
0.411728
0.411728
0.214024
0.327361
0.412021
0.412021
0.214185
0.207785
0.412188
0.412188
0.217555
0.208787
0.412451
0.412451
0.214582
0.213325
0.412602
0.412602
0.102718
0.329516
0.412841
0.412841
0.229921
0.409176
0.412979
0.412979
0.014786
0.410207
0.413198
0.413198
0.003161
0.104974
0.410461
0.410461
0.213388
0.242507
0.410853
0.410853
0.213528
0.203032
0.411072
0.411072
0.223022
0.205010
0.411413
0.411413
0.214370
0.205815
0.411605
0.411605
0.373698
0.206916
0.411906
0.411906
0.250841
0.207459
0.412077
0.412077
0.414218
0.208262
0.412348
0.412348
0.412650
0.209387
0.412502
0.412502
0.410262
0.250568
0.412747
0.412747
0.414633

0.399993
0.599507
0.599507
0.200876
0.399993
0.593690
0.593690
0.200141
0.399993
0.581156
0.581156
0.200031
0.400008
0.532059
0.532059
0.199995
0.400203
0.485372
0.485372
0.073984
0.406709
0.394771
0.394771
0.000003
0.434397
0.581156
0.581156
0.200031
0.576196
0.532059
0.532059
0.199995
0.599883
0.599507
0.599507
0.200876
0.599993
0.593690
0.593690
0.200141
0.399994
0.599993
0.599993
0.211305
0.400085
0.599982
0.599982
0.175958
0.400940
0.599867
0.599867
0.005232
0.420731
0.597434
0.597434
0.000314
0.481797
0.590620
0.590620
0.000090
0.598645
0.556385
0.556385
0.000000
0.419767
0.599867
0.599867
0.005232
0.599993
0.597434
0.597434
0.000314
0.599993
0.599993
0.599993
0.211305
0.599993
0.599982
0.599982
0.175958
0.403618
0.599993
0.599993
0.266127
0.454522
0.599993
0.599993
0.229553
0.548576
0.599993
0.599993
0.216942
0.599990
0.599992
0.599992
0.205822
0.400008
0.599967
0.599967
0.076759
0.599993
0.599109
0.599109
0.000644
0.399993
0.599993
0.599993
0.216942
0.399993
0.599992
0.599992
0.205822
0.400008
0.599993
0.599993
0.266127
0.599993
0.599993
0.599993
0.229553

0.234991
0.273993
0.273993
0.281582
0.383882
0.306060
0.306060
0.287048
0.396469
0.228284
0.228284
0.271981
0.421056
0.255988
0.255988
0.278153
0.354269
0.190390
0.190390
0.260446
0.380991
0.213126
0.213113
0.267921
0.391708
0.196977
0.196977
0.246643
0.414363
0.222699
0.222699
0.255832
0.426967
0.239754
0.239754
0.261103
0.446226
0.270694
0.270694
0.269607
0.261330
0.295790
0.295790
0.272860
0.275760
0.331415
0.331415
0.282170
0.233780
0.243898
0.243898
0.258186
0.258706
0.275500
0.075981
0.267371
0.398355
0.200000
0.000000
0.242910
0.421946
0.226424
0.026424
0.252570
0.431862
0.217716
0.217716
0.227455
0.448505
0.246597
0.047078
0.239187
0.457248
0.265399
0.265399
0.246356
0.469879
0.298862
0.298862
0.258630
0.279391
0.326805
0.326805
0.264841
0.414890
0.363209
0.363209
0.279278
0.462136
0.271922
0.271922
0.243484
0.473552
0.305620
0.305620
0.256615
0.438710
0.223518
0.223518
0.223590
0.454135
0.252892
0.252880
0.235887
0.461706
0.251702
0.251702
0.209002
0.472541
0.282368
0.282368
0.223751
0.477861
0.301776
0.301776
0.233201
0.485043
0.335362
0.335362
0.250033

0.057066
0.203140
0.203140
0.156244
0.062413
0.208463
0.208463
0.159893
0.048460
0.194735
0.184327
0.152004
0.053861
0.199970
0.000000
0.154324
0.057298
0.203140
0.203140
0.156244
0.070241
0.208463
0.208463
0.159893
0.106213
0.211677
0.211677
0.162281
0.256955
0.217058
0.217058
0.166514
0.274049
0.220298
0.220298
0.169179
0.279300
0.225711
0.225711
0.173789
0.067729
0.213826
0.031056
0.163940
0.073111
0.219217
0.019217
0.168281
0.060280
0.205264
0.005264
0.157646
0.089001
0.210604
0.010604
0.161471
0.162594
0.213826
0.031056
0.163940
0.272659
0.219217
0.019217
0.168281
0.276163
0.222461
0.222461
0.170999
0.281383
0.227879
0.227879
0.175685
0.284495
0.231133
0.231133
0.178576
0.289646
0.236556
0.236556
0.183506
0.082444
0.224627
0.024627
0.172852
0.147509
0.230048
0.030048
0.177606
0.232824
0.215980
0.205571
0.165646
0.275114
0.221379
0.021409
0.170085
0.278256
0.224627
0.224627
0.172852
0.283460
0.230048
0.230048
0.177606
0.286561
0.233302
0.233302
0.180533
0.291693
0.238724
0.238724
0.185512
0.294750
0.241974
0.241974
0.188554
0.299804
0.247381
0.247381
0.193697

0.150665
0.208811
0.208811
0.131752
0.255380
0.227642
0.227642
0.132850
0.207077
0.183286
0.183286
0.131088
0.351968
0.198557
0.000000
0.131383
0.364008
0.163611
0.163611
0.131017
0.388374
0.175227
0.175227
0.131031
0.402270
0.183286
0.183286
0.131088
0.424165
0.198557
0.198557
0.131383
0.436402
0.208811
0.208811
0.131752
0.455078
0.227642
0.227642
0.132850
0.071428
0.248471
0.248471
0.134767
0.086512
0.270999
0.071001
0.137768
0.069640
0.216089
0.016089
0.132109
0.261925
0.235748
0.035748
0.133504
0.212042
0.189119
0.189119
0.131168
0.277389
0.205304
0.005306
0.131609
0.415650
0.216089
0.216089
0.132109
0.461905
0.235748
0.235748
0.133504
0.471427
0.248471
0.248471
0.134767
0.485358
0.270999
0.270999
0.137768
0.096902
0.294835
0.294835
0.142120
0.106494
0.319502
0.319502
0.148082
0.082099
0.257298
0.257298
0.135823
0.218157
0.280402
0.081844
0.139332
0.254761
0.223708
0.223708
0.132573
0.440548
0.244158
0.244158
0.134306
0.477291
0.257298
0.257298
0.135823
0.490257
0.280402
0.280402
0.139332
0.496901
0.294835
0.294835
0.142120
0.506191
0.319502
0.319502
0.148082

0.436245
0.576976
0.389368
0.492397
0.554870
0.574563
0.392736
0.504572
0.521888
0.580288
0.387138
0.458717
0.535523
0.578325
0.388116
0.095195
0.499498
0.582109
0.387879
0.048184
0.513466
0.581210
0.387126
0.061997
0.478702
0.581066
0.390543
0.027117
0.491385
0.582139
0.388705
0.039781
0.507339
0.590507
0.396277
0.056191
0.521383
0.589629
0.395546
0.069844
0.306069
0.570426
0.376585
0.456544
0.320810
0.568703
0.377110
0.471616
0.303736
0.571642
0.377867
0.433327
0.497442
0.571158
0.376801
0.447651
0.464059
0.569640
0.380868
0.412803
0.476129
0.571355
0.378841
0.105381
0.448128
0.562898
0.384746
0.000000
0.457554
0.567736
0.382257
0.006160
0.472048
0.578071
0.389300
0.420447
0.484187
0.579788
0.387274
0.112765
0.278700
0.571506
0.378493
0.427867
0.292124
0.571477
0.377132
0.441826
0.259655
0.568450
0.381783
0.408300
0.271215
0.570870
0.379600
0.420064
0.247664
0.560344
0.385778
0.393301
0.405973
0.566060
0.383232
0.402095
0.434919
0.546569
0.389971
0.383335
0.440582
0.555837
0.387345
0.297180
0.452722
0.568742
0.394176
0.401308
0.461481
0.574480
0.391652
0.409942

0.418147
0.680221
0.577327
0.428503
0.424402
0.686327
0.579760
0.426622
0.418500
0.670216
0.574238
0.410479
0.596335
0.676498
0.576053
0.414958
0.601406
0.660033
0.572105
0.001446
0.606325
0.666378
0.573297
0.316804
0.609421
0.670216
0.574238
0.010479
0.614798
0.676498
0.576053
0.014958
0.618146
0.680221
0.577327
0.028504
0.623905
0.686327
0.579760
0.337099
0.407346
0.667681
0.573618
0.407871
0.412616
0.673996
0.575282
0.412680
0.399526
0.657476
0.571713
0.399539
0.404371
0.663618
0.572552
0.404321
0.393944
0.644931
0.568321
0.392548
0.481718
0.629900
0.547484
0.396806
0.597743
0.657476
0.571713
0.000000
0.604321
0.663618
0.572552
0.404321
0.607346
0.667681
0.573618
0.407871
0.612616
0.673996
0.575282
0.412680
0.397700
0.654919
0.571375
0.408056
0.402861
0.661311
0.572322
0.405081
0.400025
0.644737
0.570515
0.392004
0.576597
0.651089
0.570963
0.395220
0.585128
0.634741
0.570302
0.385167
0.588651
0.640925
0.570340
0.388652
0.590945
0.644737
0.570515
0.392004
0.595061
0.651089
0.570963
0.395220
0.597699
0.654919
0.571375
0.408056
0.602365
0.661311
0.572322
0.405081

0.205789
0.400000
0.200331
0.002000
0.400000
0.400000
0.201612
0.116903
0.400000
0.400000
0.203590
0.000000
0.400000
0.400000
0.211320
0.000079
0.400000
0.400000
0.220505
0.000000
0.400000
0.400000
0.203713
0.000000
0.400000
0.400000
0.120849
0.000000
0.400000
0.400000
0.125929
0.000079
0.400000
0.400000
0.154541
0.002001
0.400000
0.400000
0.188313
0.116903
0.196651
0.400000
0.200002
0.396624
0.199854
0.400000
0.200043
0.399854
0.199996
0.400000
0.199951
0.012343
0.400000
0.400000
0.079427
0.303764
0.400000
0.400000
0.017181
0.000001
0.400000
0.400000
0.007692
0.000734
0.400000
0.400000
0.013922
0.012352
0.400000
0.400000
0.034793
0.303764
0.400000
0.400000
0.055310
0.399973
0.400000
0.400000
0.102683
0.400000
0.140435
0.400000
0.200000
0.334645
0.377902
0.400000
0.200000
0.377902
0.391958
0.400000
0.200000
0.391958
0.399386
0.400000
0.200015
0.399386
0.399936
0.400000
0.200068
0.059670
0.400000
0.400000
0.156439
0.397831
0.400000
0.400000
0.049498
0.400000
0.400000
0.400000
0.006432
0.400000
0.400000
0.400000
0.009294
0.400000
0.400000
0.400000
0.024634
0.400000

0.399628
0.599628
0.599628
0.199628
0.399628
0.599628
0.599628
0.199648
0.399628
0.599628
0.599628
0.199628
0.399696
0.599628
0.599628
0.192469
0.401788
0.599628
0.599628
0.084798
0.527016
0.599628
0.599628
0.002709
0.599612
0.599628
0.599628
0.000000
0.599628
0.599628
0.599628
0.001967
0.599628
0.599628
0.599628
0.093543
0.599628
0.599628
0.599628
0.056656
0.199720
0.599628
0.599628
0.200135
0.400367
0.599628
0.599628
0.134233
0.414534
0.599628
0.599628
0.026936
0.597658
0.599628
0.599628
0.000262
0.599628
0.599628
0.599628
0.000161
0.599628
0.599628
0.599628
0.005379
0.599628
0.599628
0.599628
0.018743
0.599628
0.599628
0.599628
0.097668
0.599628
0.599628
0.599628
0.201826
0.599628
0.599628
0.599628
0.374118
0.271977
0.599628
0.599628
0.238511
0.399628
0.599628
0.599628
0.362611
0.399628
0.599628
0.599628
0.201070
0.468628
0.599628
0.599628
0.205517
0.599628
0.599628
0.599628
0.123681
0.599628
0.599628
0.599628
0.165673
0.599628
0.599628
0.599628
0.284373
0.599628
0.599628
0.599628
0.395291
0.599628
0.599628
0.599628
0.484755
0.599628
0.599628
0.599628
0.402689

0.299195
0.266595
0.266595
0.168677
0.280931
0.246947
0.246947
0.167605
0.267319
0.236261
0.236016
0.167249
0.246915
0.220376
0.040031
0.166970
0.083795
0.212014
0.012942
0.166918
0.179560
0.199999
0.000000
0.166905
0.082767
0.236261
0.236016
0.167249
0.150017
0.220376
0.040031
0.166970
0.316253
0.266595
0.266595
0.168677
0.449361
0.246947
0.246947
0.167605
0.312860
0.311836
0.263761
0.173579
0.314959
0.288337
0.091105
0.170575
0.130253
0.275056
0.075138
0.169322
0.216384
0.254538
0.054538
0.167951
0.107551
0.243291
0.043291
0.167466
0.204116
0.226438
0.026438
0.167045
0.300176
0.275056
0.075138
0.169322
0.288589
0.254538
0.054538
0.167951
0.328429
0.311836
0.263761
0.173579
0.321269
0.288337
0.091105
0.170575
0.158695
0.362236
0.362236
0.184045
0.228844
0.336647
0.336647
0.177975
0.196321
0.321631
0.321386
0.175155
0.306922
0.297548
0.117203
0.171628
0.311766
0.283835
0.084763
0.170116
0.295754
0.262489
0.062490
0.168405
0.332550
0.321631
0.321386
0.175155
0.320456
0.297548
0.117203
0.171628
0.346945
0.362236
0.362236
0.184045
0.338638
0.336647
0.336647
0.177975

0.549206
0.401952
0.401952
0.201696
0.552876
0.439503
0.439503
0.209059
0.550691
0.347846
0.347846
0.199531
0.555806
0.385630
0.385630
0.203749
0.546609
0.298518
0.298518
0.200394
0.555271
0.332452
0.332452
0.202866
0.532936
0.258655
0.258655
0.202567
0.547796
0.286138
0.286138
0.004369
0.367367
0.230096
0.230096
0.205042
0.529291
0.250321
0.250321
0.206573
0.543725
0.465944
0.465944
0.212233
0.547193
0.497142
0.497142
0.225830
0.548337
0.415452
0.415452
0.202973
0.551864
0.452235
0.452235
0.211374
0.550702
0.361166
0.361166
0.055846
0.555295
0.399312
0.399312
0.004566
0.360837
0.310098
0.310098
0.000000
0.550646
0.345309
0.345309
0.002798
0.337475
0.267585
0.267585
0.058108
0.351185
0.296824
0.296824
0.003812
0.535304
0.514233
0.514233
0.236176
0.540147
0.535143
0.535143
0.258203
0.542216
0.477173
0.477173
0.215795
0.545900
0.506481
0.506481
0.230935
0.349181
0.428712
0.428712
0.204623
0.462190
0.464455
0.464455
0.214169
0.350426
0.374695
0.374695
0.200102
0.354676
0.412928
0.412928
0.005773
0.349585
0.322227
0.322227
0.199707
0.356157
0.358522
0.358522
0.202900

0.400000
0.400000
0.400000
0.400000
0.400000
0.400000
0.400000
0.400000
0.400000
0.400000
0.400000
0.400000
0.400000
0.400000
0.400000
0.400000
0.399806
0.400000
0.400000
0.400000
0.400000
0.400000
0.400000
0.400000
0.210936
0.400000
0.394754
0.400000
0.349218
0.400000
0.212475
0.400000
0.399806
0.400000
0.200640
0.000000
0.400000
0.400000
0.200001
0.000000
0.200009
0.400000
0.400000
0.400000
0.268501
0.400000
0.400000
0.400000
0.381910
0.400000
0.400000
0.400000
0.400000
0.400000
0.399870
0.400000
0.202474
0.400000
0.311428
0.400000
0.268015
0.400000
0.201845
0.400000
0.200001
0.400000
0.200061
0.400000
0.200183
0.400000
0.200000
0.400000
0.202474
0.400000
0.200000
0.400000
0.268015
0.400000
0.200000
0.400000
0.106864
0.400000
0.400000
0.400000
0.199998
0.400000
0.400000
0.400000
0.000461
0.400000
0.400000
0.400000
0.024727
0.400000
0.400000
0.400000
0.166451
0.400000
0.400000
0.400000
0.200024
0.400000
0.400000
0.400000
0.200000
0.400000
0.394754
0.400000
0.200000
0.400000
0.212475
0.400000
0.200000
0.400000
0.200640
0.400000
0.200024
0.400000
0.200001
0.400000

0.181768
0.384397
0.204391
0.105156
0.173930
0.301198
0.120021
0.098083
0.158548
0.473413
0.292476
0.074898
0.154733
0.418951
0.239998
0.068443
0.146410
0.482264
0.305450
0.045358
0.155693
0.472059
0.300352
0.039521
0.160698
0.462702
0.294951
0.022267
0.191163
0.459780
0.300004
0.014012
0.209147
0.439427
0.285196
0.020820
0.245029
0.434289
0.290393
0.000000
0.149383
0.460813
0.280432
0.067319
0.139989
0.436501
0.258896
0.061080
0.126019
0.477016
0.302016
0.038603
0.117595
0.472429
0.303287
0.032647
0.107140
0.457095
0.292333
0.018983
0.102878
0.453718
0.297580
0.008904
0.098818
0.433280
0.283030
0.026902
0.106200
0.427579
0.288147
0.000291
0.114060
0.407738
0.275291
0.089801
0.142486
0.400103
0.279892
0.029649
0.170303
0.390264
0.210258
0.082247
0.159604
0.436826
0.255650
0.074107
0.147267
0.444452
0.263515
0.063856
0.136126
0.469520
0.290568
0.047885
0.125825
0.458112
0.281298
0.077433
0.115369
0.459300
0.287593
0.039547
0.107781
0.442501
0.274750
0.149394
0.100575
0.438300
0.278524
0.075463
0.097754
0.421893
0.267662
0.259661
0.100157
0.415076
0.271180
0.172344

0.177159
0.264600
0.030515
0.349241
0.145743
0.275376
0.042136
0.327743
0.211336
0.278669
0.043674
0.396122
0.193070
0.293213
0.058675
0.000000
0.221321
0.298566
0.065034
0.016160
0.217966
0.316421
0.081522
0.014683
0.220896
0.323263
0.098015
0.018130
0.223532
0.343003
0.111445
0.020441
0.220303
0.350198
0.146847
0.016679
0.225119
0.369625
0.150614
0.018558
0.106912
0.283111
0.046948
0.296068
0.079647
0.298562
0.063444
0.273478
0.158496
0.304365
0.066363
0.354104
0.126754
0.322862
0.086031
0.323878
0.199542
0.329917
0.090146
0.396817
0.178840
0.349804
0.111092
0.085398
0.217278
0.356866
0.116762
0.017031
0.214275
0.375839
0.135643
0.006245
0.223169
0.381475
0.145966
0.412423
0.230256
0.397348
0.158119
0.123670
0.170657
0.310440
0.071963
0.367074
0.140198
0.329474
0.092182
0.337482
0.206042
0.336663
0.096582
0.403130
0.189876
0.356548
0.117383
0.385513
0.219161
0.363385
0.123774
0.413240
0.219584
0.381763
0.141450
0.409812
0.224596
0.386846
0.153895
0.411679
0.233047
0.401702
0.163564
0.369425
0.233040
0.404102
0.188179
0.408185
0.245670
0.414560
0.186870
0.410439

0.200000
0.400000
0.400000
0.400000
0.200000
0.400000
0.400000
0.261830
0.200000
0.400000
0.400000
0.000000
0.201388
0.400000
0.400000
0.072933
0.288488
0.400000
0.400000
0.000000
0.400000
0.400000
0.400000
0.000000
0.400000
0.400000
0.400000
0.000000
0.400000
0.400000
0.400000
0.072933
0.400000
0.400000
0.400000
0.400000
0.400000
0.400000
0.400000
0.400000
0.200005
0.400000
0.400000
0.200000
0.227421
0.400000
0.400000
0.200000
0.399852
0.400000
0.400000
0.400000
0.400000
0.400000
0.400000
0.200038
0.400000
0.400000
0.400000
0.000106
0.400000
0.400000
0.400000
0.399775
0.400000
0.400000
0.400000
0.400000
0.400000
0.400000
0.400000
0.400000
0.400000
0.400000
0.200016
0.400000
0.400000
0.400000
0.327871
0.400000
0.400000
0.400000
0.400000
0.400000
0.400000
0.400000
0.400000
0.261830
0.400000
0.400000
0.400000
0.400000
0.400000
0.400000
0.400000
0.400000
0.400000
0.400000
0.397997
0.400000
0.400000
0.400000
0.400000
0.400000
0.400000
0.400000
0.200000
0.400000
0.400000
0.400000
0.207086
0.400000
0.400000
0.400000
0.200000
0.400000
0.400000
0.400000
0.200000
0.400000

0.200369
0.335646
0.335646
0.397390
0.201156
0.360214
0.360214
0.127619
0.202062
0.372227
0.372227
0.024262
0.204753
0.386750
0.386750
0.000621
0.194930
0.392291
0.392291
0.000037
0.214106
0.397417
0.397417
0.000000
0.025800
0.398824
0.398824
0.000000
0.123845
0.399753
0.399753
0.000000
0.231363
0.399918
0.399918
0.000037
0.265361
0.399991
0.399991
0.000000
0.200011
0.280461
0.280461
0.399998
0.200085
0.307919
0.307919
0.400000
0.128270
0.324742
0.324742
0.399998
0.200751
0.350973
0.350973
0.272149
0.002844
0.364479
0.164479
0.077536
0.039016
0.381774
0.181774
0.003068
0.005528
0.388842
0.388842
0.000258
0.011130
0.395876
0.395876
0.000001
0.017316
0.397990
0.397990
0.077536
0.062942
0.399520
0.399520
0.003068
0.058704
0.236615
0.236615
0.399827
0.197682
0.256148
0.256148
0.399977
0.000297
0.270237
0.270237
0.399994
0.011199
0.296719
0.296719
0.400000
0.000118
0.313551
0.313551
0.400000
0.000492
0.340919
0.340919
0.382394
0.000939
0.355706
0.355706
0.195169
0.002466
0.375689
0.375689
0.012689
0.004066
0.384398
0.384398
0.400000
0.008478
0.393681
0.393681
0.382394

0.392316
0.550928
0.550928
0.386071
0.397302
0.565067
0.565067
0.386034
0.388036
0.520208
0.520208
0.387206
0.390269
0.540424
0.540424
0.386197
0.386462
0.484321
0.484321
0.387250
0.387226
0.506978
0.506978
0.000000
0.388036
0.520208
0.520208
0.053629
0.390269
0.540424
0.540424
0.011525
0.392316
0.550928
0.550928
0.154186
0.397302
0.565067
0.565067
0.091031
0.187474
0.511146
0.511146
0.386024
0.293768
0.522934
0.522934
0.386032
0.386298
0.475378
0.475378
0.385927
0.386847
0.497924
0.497924
0.386008
0.386051
0.442703
0.442703
0.385686
0.386148
0.462418
0.462418
0.385827
0.386298
0.475378
0.475378
0.393372
0.386847
0.497933
0.497933
0.068624
0.387461
0.511448
0.511448
0.036633
0.389220
0.532691
0.532691
0.002108
0.186187
0.466663
0.466663
0.385864
0.186570
0.488845
0.488845
0.385987
0.186039
0.435652
0.435652
0.385796
0.191499
0.454206
0.454206
0.385747
0.378432
0.412898
0.412898
0.392429
0.386034
0.426080
0.426080
0.386590
0.386039
0.435652
0.435652
0.451952
0.386092
0.454206
0.454206
0.411075
0.386187
0.466663
0.466663
0.553980
0.386570
0.488845
0.488845
0.400839

0.299686
0.442159
0.318237
0.099324
0.300481
0.466110
0.306584
0.099324
0.301409
0.477236
0.303007
0.099325
0.304206
0.489828
0.300580
0.203331
0.306958
0.494219
0.300100
0.499324
0.314096
0.497874
0.299713
0.499323
0.320302
0.498740
0.299554
0.499300
0.333963
0.499229
0.299388
0.498598
0.342812
0.499298
0.299345
0.496199
0.351576
0.499322
0.299325
0.481872
0.299334
0.385092
0.203601
0.099466
0.299405
0.413891
0.221134
0.499322
0.299533
0.431167
0.034968
0.499324
0.300063
0.457258
0.146550
0.499314
0.300631
0.470116
0.270560
0.499213
0.300857
0.485653
0.285726
0.497323
0.298184
0.491523
0.291541
0.492491
0.282217
0.496837
0.296837
0.470738
0.264930
0.498238
0.298238
0.448261
0.231259
0.499118
0.299118
0.402278
0.299324
0.338213
0.014292
0.499261
0.299325
0.359176
0.004065
0.499318
0.299327
0.374228
0.000000
0.499323
0.299362
0.402221
0.012974
0.499324
0.299437
0.419712
0.025594
0.499324
0.299789
0.447405
0.053658
0.499323
0.300235
0.461819
0.246722
0.499300
0.301100
0.480341
0.280500
0.498598
0.300364
0.487876
0.287924
0.496199
0.290653
0.495260
0.295263
0.481872

0.563510
0.342582
0.331335
0.073494
0.557104
0.287801
0.287695
0.071674
0.553220
0.256128
0.132062
0.071013
0.546520
0.207972
0.164648
0.070358
0.562530
0.196893
0.006713
0.072488
0.553659
0.160643
0.000000
0.071402
0.573563
0.271930
0.072424
0.075071
0.566919
0.222763
0.026381
0.073317
0.583537
0.359829
0.169648
0.079438
0.577361
0.304172
0.143529
0.076423
0.550744
0.422775
0.272562
0.077220
0.544396
0.377253
0.302010
0.073025
0.540619
0.346645
0.151765
0.071624
0.534396
0.293323
0.116861
0.070469
0.550709
0.273531
0.073724
0.070850
0.544180
0.223135
0.024858
0.070231
0.560960
0.360354
0.160355
0.073574
0.554562
0.305890
0.105928
0.071542
0.571123
0.438182
0.238375
0.080829
0.564786
0.391619
0.193342
0.075567
0.363512
0.484287
0.286804
0.097255
0.357128
0.458738
0.272059
0.084812
0.553293
0.438415
0.238483
0.079773
0.546929
0.396444
0.197210
0.074379
0.563512
0.381407
0.181407
0.074822
0.557124
0.327790
0.127800
0.072199
0.573615
0.454218
0.254218
0.083807
0.567328
0.411235
0.211235
0.077337
0.583540
0.501533
0.301534
0.103198
0.577385
0.475108
0.275119
0.089562

0.000850
0.400000
0.399981
0.000412
0.008306
0.400000
0.374262
0.013032
0.025489
0.400000
0.304860
0.000000
0.140707
0.400000
0.220390
0.000029
0.367441
0.400000
0.205513
0.000000
0.399805
0.400000
0.200378
0.000000
0.400000
0.400000
0.200051
0.000000
0.400000
0.400000
0.200001
0.000029
0.400000
0.400000
0.205513
0.000412
0.400000
0.400000
0.200378
0.013032
0.000053
0.400000
0.260047
0.158721
0.199919
0.400000
0.208728
0.396607
0.200287
0.400000
0.202047
0.001849
0.203562
0.400000
0.200104
0.040140
0.212312
0.400000
0.200011
0.000001
0.264453
0.400000
0.200000
0.000181
0.326969
0.400000
0.200000
0.001849
0.396817
0.400000
0.200000
0.040140
0.399972
0.400000
0.200011
0.158721
0.400000
0.400000
0.200000
0.396607
0.200000
0.400000
0.399981
0.400000
0.200000
0.400000
0.374262
0.400000
0.200000
0.400000
0.304860
0.291147
0.200010
0.400000
0.220390
0.399990
0.200085
0.400000
0.205513
0.007046
0.201403
0.400000
0.200378
0.105581
0.205494
0.400000
0.200051
0.291147
0.235547
0.400000
0.200001
0.399990
0.283392
0.400000
0.205513
0.400000
0.381987
0.400000
0.200378
0.400000

0.392299
0.585810
0.585810
0.392349
0.392299
0.566200
0.566200
0.392303
0.392300
0.592164
0.592164
0.389750
0.399002
0.590285
0.590285
0.392461
0.589561
0.592299
0.592299
0.000583
0.592299
0.592284
0.592284
0.165415
0.592299
0.592299
0.592299
0.015526
0.592299
0.592299
0.592299
0.002259
0.592299
0.592299
0.592299
0.060323
0.592299
0.592299
0.592299
0.028544
0.392315
0.529353
0.329358
0.392299
0.515312
0.484900
0.308807
0.392299
0.592299
0.580105
0.579628
0.392319
0.592299
0.553241
0.553241
0.392300
0.592299
0.591846
0.591846
0.392739
0.592299
0.587763
0.587763
0.392374
0.592299
0.592298
0.592298
0.014199
0.592299
0.592230
0.592230
0.357565
0.592299
0.592299
0.592299
0.009083
0.592299
0.592299
0.592299
0.000000
0.592299
0.585810
0.385810
0.392349
0.592299
0.566200
0.366200
0.392303
0.592299
0.592164
0.392164
0.393093
0.592299
0.590285
0.391512
0.392461
0.592299
0.592299
0.470881
0.397766
0.592299
0.592284
0.592284
0.394056
0.592299
0.592299
0.592299
0.415526
0.592299
0.592299
0.592299
0.402159
0.592299
0.592299
0.592299
0.150446
0.592299
0.592299
0.592299
0.428505

0.331116
0.389268
0.389268
0.046719
0.336439
0.395347
0.395347
0.080098
0.329939
0.384466
0.384466
0.038963
0.334801
0.390299
0.390299
0.043294
0.329254
0.379689
0.379689
0.030947
0.333616
0.385218
0.385218
0.034533
0.329109
0.374976
0.374976
0.021432
0.332933
0.380140
0.380140
0.023495
0.331760
0.374012
0.374012
0.022940
0.335101
0.379001
0.379001
0.055202
0.318671
0.373628
0.373628
0.336558
0.323547
0.379525
0.379525
0.432966
0.318339
0.369078
0.369078
0.024163
0.322714
0.374654
0.374654
0.118353
0.318567
0.364597
0.364597
0.010681
0.322396
0.369787
0.369787
0.012371
0.319385
0.360215
0.360215
0.000000
0.322631
0.364945
0.364945
0.054833
0.323226
0.360163
0.360163
0.310033
0.325960
0.364705
0.364705
0.403444
0.320845
0.371805
0.371805
0.427628
0.325176
0.377519
0.377519
0.432501
0.321363
0.367726
0.367726
0.413687
0.325150
0.373088
0.373088
0.424770
0.322499
0.363838
0.363838
0.027491
0.325709
0.368792
0.368792
0.245445
0.324290
0.360182
0.360182
0.396099
0.326891
0.364666
0.364666
0.404742
0.328997
0.360437
0.360437
0.403754
0.331037
0.364645
0.364645
0.407168

0.546569
0.440309
0.440309
0.008832
0.546311
0.425362
0.425362
0.013156
0.548761
0.479393
0.479393
0.016636
0.549944
0.461670
0.461670
0.026215
0.551250
0.519338
0.519338
0.332133
0.553096
0.502268
0.502268
0.428834
0.554386
0.553975
0.553975
0.438790
0.556679
0.541296
0.541296
0.439251
0.558177
0.579310
0.579310
0.456728
0.560857
0.573020
0.573020
0.453566
0.541978
0.400276
0.400276
0.000000
0.537250
0.391062
0.391062
0.120963
0.545940
0.431335
0.431335
0.407014
0.545080
0.417433
0.417433
0.411369
0.548215
0.469301
0.469301
0.414578
0.549145
0.452002
0.452002
0.418640
0.353875
0.509620
0.509620
0.423499
0.552284
0.492014
0.492014
0.426619
0.553539
0.546098
0.546098
0.435208
0.555729
0.532034
0.532034
0.436359
0.546569
0.440309
0.440309
0.408832
0.546311
0.425362
0.425362
0.413156
0.548761
0.479393
0.479393
0.416635
0.549944
0.461670
0.461670
0.420538
0.351253
0.519338
0.519338
0.426096
0.553096
0.502268
0.502268
0.428834
0.354386
0.553975
0.553975
0.438790
0.356679
0.541296
0.541296
0.439251
0.358181
0.579310
0.579310
0.456728
0.560857
0.573020
0.573020
0.453566

0.423188
0.638952
0.465630
0.223188
0.430089
0.638952
0.477137
0.230089
0.405650
0.638949
0.452504
0.205649
0.572911
0.638951
0.459980
0.218217
0.580276
0.638918
0.444822
0.213187
0.596961
0.638944
0.449068
0.596961
0.549829
0.638705
0.440980
0.549829
0.569231
0.638877
0.443020
0.569231
0.518765
0.637713
0.439436
0.518765
0.538002
0.638482
0.440204
0.538002
0.400209
0.638946
0.450133
0.000000
0.613204
0.638951
0.456711
0.022993
0.572980
0.638894
0.443566
0.398473
0.590590
0.638937
0.447164
0.590590
0.541938
0.638570
0.440432
0.541938
0.561573
0.638829
0.442074
0.561573
0.511425
0.637191
0.439261
0.511425
0.530193
0.638248
0.439830
0.530193
0.485315
0.632954
0.438977
0.485315
0.500964
0.636070
0.439094
0.500964
0.565426
0.638856
0.442523
0.564697
0.583806
0.638926
0.445539
0.583806
0.534084
0.638375
0.440005
0.534084
0.553766
0.638755
0.441305
0.553766
0.504371
0.636495
0.439139
0.504371
0.522526
0.637921
0.439548
0.522526
0.479758
0.631140
0.438962
0.479758
0.494417
0.635038
0.439029
0.494417
0.461762
0.619583
0.438952
0.461762
0.472215
0.627671
0.438953
0.472215

0.259086
0.206963
0.206963
0.072141
0.270869
0.202014
0.202014
0.076279
0.251907
0.220029
0.220029
0.067578
0.293618
0.211213
0.211213
0.070106
0.302047
0.236686
0.236686
0.066306
0.395306
0.226068
0.226068
0.066658
0.394628
0.252691
0.252691
0.069507
0.415842
0.243001
0.243001
0.066911
0.385168
0.264177
0.264177
0.078491
0.396875
0.257681
0.257681
0.072134
0.273307
0.199991
0.000000
0.081241
0.276457
0.200927
0.065059
0.086952
0.262439
0.204646
0.204646
0.073690
0.271702
0.200846
0.200846
0.078170
0.251478
0.216279
0.216279
0.068449
0.281148
0.208281
0.208281
0.071423
0.279676
0.232408
0.232408
0.066256
0.368282
0.221994
0.221994
0.067218
0.382057
0.248988
0.248988
0.068214
0.419895
0.238814
0.238814
0.066435
0.304485
0.251325
0.051325
0.093524
0.311993
0.247628
0.047628
0.100531
0.288919
0.261931
0.061931
0.084319
0.299064
0.254730
0.057857
0.089750
0.271072
0.275552
0.236647
0.078465
0.283163
0.266894
0.266894
0.081666
0.254697
0.288017
0.288017
0.077303
0.277820
0.280595
0.280595
0.077398
0.264780
0.295538
0.295538
0.082386
0.339774
0.291565
0.291565
0.078394

0.200001
0.400000
0.227288
0.000000
0.200233
0.400000
0.205778
0.000000
0.203421
0.400000
0.201899
0.000044
0.295047
0.400000
0.200202
0.000000
0.396127
0.400000
0.200038
0.035622
0.400000
0.400000
0.200001
0.000809
0.400000
0.400000
0.201899
0.399939
0.400000
0.400000
0.200202
0.183004
0.400000
0.400000
0.227288
0.400000
0.400000
0.400000
0.205778
0.400000
0.200000
0.400000
0.200828
0.000326
0.200000
0.400000
0.200069
0.000001
0.200000
0.400000
0.200010
0.114110
0.200028
0.400000
0.200000
0.004234
0.200605
0.400000
0.200000
0.400000
0.230960
0.400000
0.200000
0.339451
0.340308
0.400000
0.200010
0.400000
0.400000
0.400000
0.200000
0.400000
0.400000
0.400000
0.200828
0.400000
0.400000
0.400000
0.200069
0.400000
0.200001
0.400000
0.227288
0.265076
0.200233
0.400000
0.205778
0.018334
0.203421
0.400000
0.201899
0.400000
0.295047
0.400000
0.200202
0.398122
0.396127
0.400000
0.200038
0.400000
0.400000
0.400000
0.200001
0.400000
0.400000
0.400000
0.003030
0.400000
0.400000
0.400000
0.200202
0.400000
0.400000
0.400000
0.027288
0.400000
0.400000
0.400000
0.005778
0.400000

0.474803
0.478786
0.381382
0.275993
0.474444
0.434757
0.433769
0.275226
0.473905
0.410067
0.212452
0.275035
0.471900
0.373316
0.206465
0.274928
0.471910
0.354363
0.256959
0.274917
0.606390
0.328257
0.327270
0.274915
0.673905
0.410067
0.410067
0.275035
0.671823
0.373316
0.373316
0.274928
0.674803
0.478786
0.478786
0.275993
0.674444
0.434757
0.434757
0.275226
0.474913
0.566210
0.366875
0.281281
0.475758
0.523768
0.336487
0.277773
0.492912
0.496855
0.296856
0.276548
0.674137
0.452046
0.065656
0.275447
0.674303
0.426342
0.027007
0.275146
0.672896
0.387280
0.000000
0.274951
0.674856
0.496855
0.347506
0.276548
0.674643
0.452046
0.248867
0.275447
0.674912
0.566210
0.566114
0.281281
0.674894
0.523768
0.523768
0.277773
0.560932
0.631468
0.431468
0.297341
0.674915
0.602848
0.402861
0.287439
0.674914
0.581717
0.381717
0.283368
0.674905
0.541247
0.341247
0.278922
0.674885
0.514861
0.314861
0.277305
0.674763
0.469798
0.269810
0.275777
0.674914
0.581717
0.381876
0.283368
0.674905
0.541247
0.345545
0.278922
0.674915
0.631468
0.452351
0.297341
0.674915
0.602848
0.536446
0.287439

0.219897
0.353115
0.353115
0.001338
0.427737
0.395507
0.395507
0.001207
0.520625
0.294431
0.294431
0.000002
0.598162
0.329463
0.329463
0.000076
0.582778
0.251479
0.251479
0.001015
0.592041
0.276373
0.276373
0.000110
0.595303
0.294431
0.294431
0.010474
0.598256
0.329488
0.329488
0.002821
0.599096
0.353115
0.353115
0.054971
0.599714
0.395507
0.395507
0.021953
0.199897
0.439335
0.439335
0.002835
0.200275
0.481236
0.481236
0.006278
0.204063
0.367663
0.367663
0.000497
0.321980
0.390630
0.390630
0.001604
0.459643
0.307741
0.307741
0.000000
0.592893
0.344853
0.344853
0.000190
0.599425
0.369715
0.369715
0.001025
0.599816
0.413037
0.413037
0.001668
0.599896
0.439335
0.439335
0.009162
0.599939
0.481435
0.481435
0.007759
0.199947
0.518702
0.518702
0.013348
0.199948
0.548814
0.548814
0.022014
0.199921
0.456566
0.456566
0.003997
0.199988
0.497052
0.497052
0.008320
0.200490
0.386820
0.386820
0.001897
0.240493
0.430603
0.430603
0.002518
0.378585
0.456566
0.456566
0.014469
0.556495
0.497077
0.497077
0.011065
0.598864
0.518702
0.518702
0.066982
0.599948
0.548814
0.548814
0.042761

0.315340
0.365528
0.365528
0.553187
0.317338
0.378301
0.378301
0.515806
0.312726
0.374834
0.374834
0.406186
0.314365
0.390850
0.390850
0.375208
0.315558
0.401514
0.401514
0.063208
0.317988
0.420832
0.420832
0.387076
0.319774
0.433183
0.433183
0.034965
0.323443
0.454601
0.454601
0.000000
0.326147
0.467686
0.467686
0.200051
0.331686
0.489305
0.489305
0.152227
0.312204
0.378081
0.378081
0.377278
0.313781
0.394879
0.394879
0.374198
0.310852
0.394631
0.394631
0.365119
0.312392
0.414063
0.414063
0.372367
0.313713
0.426399
0.426399
0.376118
0.316736
0.447602
0.447602
0.381657
0.319133
0.460427
0.460427
0.354853
0.324298
0.481390
0.481390
0.389416
0.328203
0.493431
0.493431
0.005831
0.336250
0.512103
0.512103
0.021402
0.310750
0.399577
0.399577
0.564725
0.312349
0.419479
0.419479
0.518836
0.311732
0.421706
0.421706
0.405036
0.313898
0.442378
0.442378
0.368026
0.315886
0.454752
0.454752
0.369344
0.320525
0.474741
0.474741
0.373795
0.324202
0.486079
0.486079
0.420339
0.332004
0.503439
0.503439
0.382595
0.337770
0.512774
0.512774
0.583535
0.349297
0.526380
0.526380
0.535318

0.456232
0.269356
0.090308
0.256005
0.468667
0.340319
0.162682
0.268632
0.436443
0.378565
0.201274
0.236435
0.448799
0.471453
0.292481
0.248824
0.417815
0.510631
0.340019
0.217903
0.429709
0.598856
0.423502
0.032061
0.401864
0.619916
0.460577
0.202791
0.413589
0.677376
0.510482
0.216331
0.421731
0.700548
0.529936
0.226523
0.437591
0.724457
0.549104
0.248393
0.431625
0.410916
0.234840
0.231627
0.443883
0.505673
0.327140
0.243942
0.413506
0.542047
0.373844
0.213680
0.425294
0.624243
0.450562
0.026022
0.398531
0.638660
0.482784
0.000000
0.410374
0.687420
0.523352
0.014378
0.389127
0.676215
0.536323
0.195868
0.402593
0.699112
0.548856
0.017033
0.412757
0.708221
0.552345
0.234349
0.433820
0.719277
0.555209
0.272804
0.409389
0.571176
0.405661
0.209712
0.421104
0.645900
0.474192
0.222277
0.395541
0.653448
0.501264
0.197785
0.407600
0.694120
0.533141
0.213300
0.388030
0.678029
0.542579
0.197307
0.402261
0.697380
0.551131
0.023146
0.390519
0.669500
0.552998
0.218185
0.409407
0.682822
0.554288
0.257505
0.423658
0.689993
0.554542
0.287809
0.452346
0.701041
0.554792
0.348851

0.152058
0.376857
0.376857
0.394336
0.155183
0.378830
0.378830
0.395859
0.156953
0.379985
0.379985
0.396757
0.159853
0.381865
0.381865
0.398177
0.164916
0.382967
0.382967
0.023067
0.337056
0.384765
0.184957
0.000520
0.365412
0.385820
0.385820
0.001360
0.367796
0.387543
0.387543
0.002739
0.369179
0.388556
0.388556
0.027523
0.371413
0.390211
0.390211
0.004890
0.144846
0.372713
0.372713
0.391185
0.149819
0.374820
0.374820
0.392779
0.176582
0.376050
0.314351
0.393717
0.353950
0.378048
0.178049
0.395254
0.355781
0.379217
0.179217
0.396160
0.358655
0.381119
0.181119
0.397644
0.360297
0.382234
0.320535
0.339203
0.362918
0.384051
0.184052
0.000000
0.364428
0.385118
0.385118
0.400801
0.366855
0.386859
0.386859
0.402191
0.248807
0.368261
0.368261
0.387882
0.340362
0.370529
0.370529
0.389554
0.343160
0.371849
0.371849
0.390537
0.347187
0.373986
0.373986
0.392146
0.349360
0.375233
0.375233
0.393093
0.352703
0.377257
0.177450
0.394643
0.354577
0.378440
0.378440
0.395557
0.357527
0.380365
0.380365
0.397054
0.359208
0.381493
0.381493
0.397937
0.361886
0.383331
0.383331
0.399384

0.139588
0.256335
0.256335
0.000702
0.199308
0.275076
0.275076
0.007825
0.021008
0.287459
0.287459
0.001973
0.080736
0.309194
0.309194
0.002156
0.004354
0.322376
0.322376
0.002193
0.011633
0.343447
0.343447
0.008333
0.025521
0.354995
0.354995
0.320872
0.088717
0.371530
0.371522
0.402217
0.151771
0.379551
0.214873
0.402217
0.219061
0.389632
0.189638
0.402217
0.011353
0.228070
0.228070
0.393850
0.048826
0.240576
0.240576
0.398393
0.002472
0.249648
0.249648
0.000000
0.005049
0.267259
0.267259
0.126991
0.002379
0.279125
0.279125
0.401814
0.002807
0.300402
0.209172
0.402108
0.003467
0.313602
0.115353
0.402172
0.007333
0.335232
0.135232
0.402208
0.015003
0.347411
0.147411
0.402214
0.055801
0.365369
0.165369
0.402217
0.002314
0.256335
0.256335
0.400702
0.003470
0.275076
0.275076
0.401706
0.002491
0.287459
0.287459
0.401973
0.003054
0.309194
0.309194
0.402156
0.003653
0.322376
0.322376
0.402193
0.005383
0.343447
0.343447
0.402213
0.007004
0.354995
0.354995
0.402216
0.011034
0.371530
0.371522
0.402217
0.014497
0.379551
0.214873
0.402217
0.023222
0.389632
0.189638
0.402217
